cell_id,presence
2010434,1
2010435,1
2014052,1
2014053,1
2017670,1
2021294,1
2021295,1
2024904,1
2024910,1
2024911,1
2024912,1
2024913,1
2028520,1
2028521,1
2028526,1
2028527,1
2028528,1
2028530,1
2028531,1
2032142,1
2032143,1
2032144,1
2032147,1
2032148,1
2032149,1
2035759,1
2035760,1
2035764,1
2035765,1
2035766,1
2039376,1
2039377,1
2039378,1
2039380,1
2039381,1
2039382,1
2039383,1
2039384,1
2042994,1
2042995,1
2042996,1
2042997,1
2042998,1
2043002,1
2046611,1
2046612,1
2046613,1
2046614,1
2046615,1
2050228,1
2050229,1
2050230,1
2050231,1
2053837,1
2053838,1
2053839,1
2053840,1
2053843,1
2053844,1
2053846,1
2053847,1
2057456,1
2057457,1
2057462,1
2057464,1
2057465,1
2061079,1
2061080,1
2061082,1
2064697,1
2064698,1
2064699,1
2068316,1
2071929,1
2071930,1
2071931,1
2071932,1
2075546,1
2075549,1
2079164,1
2079165,1
2082778,1
2086394,1
2086395,1
2086396,1
2086399,1
2086400,1
2090011,1
2090013,1
2090015,1
2090016,1
2090017,1
2093628,1
2093629,1
2093630,1
2093632,1
2093633,1
2093634,1
2093635,1
2097246,1
2097247,1
2097248,1
2097249,1
2097250,1
2097251,1
2100862,1
2100863,1
2100864,1
2100865,1
2100866,1
2100867,1
2100869,1
2104475,1
2104479,1
2104480,1
2104481,1
2104483,1
2104486,1
2104487,1
2108092,1
2108093,1
2108094,1
2108097,1
2108098,1
2108099,1
2108102,1
2108103,1
2108104,1
2111684,1
2111685,1
2111686,1
2111687,1
2111688,1
2111689,1
2111690,1
2111707,1
2111709,1
2111710,1
2111711,1
2111716,1
2111717,1
2111719,1
2111720,1
2111721,1
2115299,1
2115300,1
2115301,1
2115302,1
2115303,1
2115304,1
2115305,1
2115306,1
2115323,1
2115324,1
2115325,1
2115332,1
2115333,1
2115334,1
2115335,1
2115336,1
2115337,1
2118913,1
2118914,1
2118915,1
2118916,1
2118917,1
2118918,1
2118919,1
2118920,1
2118921,1
2118922,1
2118940,1
2118942,1
2118943,1
2118944,1
2118945,1
2118946,1
2118948,1
2118949,1
2118950,1
2118952,1
2118953,1
2122528,1
2122529,1
2122530,1
2122531,1
2122532,1
2122533,1
2122534,1
2122535,1
2122536,1
2122537,1
2122538,1
2122539,1
2122557,1
2122558,1
2122559,1
2122560,1
2122561,1
2122562,1
2122563,1
2122564,1
2122565,1
2122566,1
2122567,1
2122569,1
2122570,1
2122571,1
2126143,1
2126144,1
2126145,1
2126146,1
2126147,1
2126148,1
2126149,1
2126150,1
2126151,1
2126152,1
2126153,1
2126154,1
2126155,1
2126156,1
2126180,1
2126182,1
2126183,1
2126184,1
2126186,1
2126187,1
2126188,1
2129759,1
2129760,1
2129761,1
2129762,1
2129763,1
2129764,1
2129765,1
2129766,1
2129767,1
2129768,1
2129769,1
2129770,1
2129771,1
2129772,1
2129773,1
2129774,1
2129797,1
2129798,1
2129799,1
2129800,1
2129801,1
2129802,1
2129803,1
2129804,1
2129805,1
2133374,1
2133375,1
2133376,1
2133377,1
2133378,1
2133379,1
2133380,1
2133381,1
2133382,1
2133383,1
2133384,1
2133385,1
2133386,1
2133387,1
2133388,1
2133389,1
2133390,1
2133391,1
2133415,1
2133416,1
2133417,1
2133418,1
2133419,1
2133420,1
2133421,1
2133422,1
2136990,1
2136991,1
2136992,1
2136993,1
2136994,1
2136995,1
2136996,1
2136997,1
2136998,1
2136999,1
2137000,1
2137001,1
2137002,1
2137003,1
2137004,1
2137005,1
2137006,1
2137007,1
2137008,1
2137009,1
2137032,1
2137033,1
2137034,1
2137036,1
2137037,1
2140607,1
2140608,1
2140609,1
2140610,1
2140611,1
2140612,1
2140613,1
2140614,1
2140615,1
2140616,1
2140617,1
2140618,1
2140619,1
2140620,1
2140621,1
2140622,1
2140624,1
2140625,1
2140626,1
2140645,1
2140646,1
2140651,1
2144223,1
2144224,1
2144225,1
2144226,1
2144227,1
2144228,1
2144229,1
2144230,1
2144231,1
2144232,1
2144233,1
2144234,1
2144235,1
2144236,1
2144237,1
2144238,1
2144239,1
2144264,1
2147839,1
2147840,1
2147841,1
2147842,1
2147843,1
2147844,1
2147848,1
2147850,1
2147851,1
2147852,1
2147876,1
2147881,1
2151455,1
2151456,1
2151457,1
2151458,1
2151490,1
2151494,1
2151495,1
2151499,1
2155072,1
2155073,1
2155074,1
2155075,1
2155076,1
2155108,1
2155116,1
2158688,1
2158689,1
2158690,1
2158691,1
2158724,1
2158725,1
2158726,1
2158727,1
2158728,1
2158734,1
2162305,1
2162306,1
2162307,1
2162308,1
2162342,1
2162343,1
2162344,1
2162345,1
2165922,1
2165923,1
2165924,1
2165925,1
2165926,1
2165959,1
2165960,1
2165961,1
2165962,1
2165963,1
2169539,1
2169540,1
2169541,1
2169542,1
2169543,1
2169544,1
2169573,1
2169574,1
2169578,1
2169579,1
2169580,1
2169581,1
2173159,1
2173160,1
2173189,1
2173190,1
2173191,1
2173192,1
2173195,1
2173196,1
2173197,1
2176777,1
2176778,1
2176806,1
2176807,1
2176808,1
2176809,1
2176810,1
2176813,1
2176814,1
2176815,1
2180393,1
2180394,1
2180419,1
2180424,1
2180425,1
2180426,1
2180427,1
2180428,1
2180431,1
2180432,1
2184010,1
2184037,1
2184038,1
2184041,1
2184042,1
2184043,1
2184044,1
2184045,1
2184046,1
2184050,1
2187628,1
2187629,1
2187630,1
2187654,1
2187655,1
2187656,1
2187657,1
2187658,1
2187659,1
2187660,1
2187662,1
2187663,1
2191245,1
2191246,1
2191247,1
2191248,1
2191249,1
2191250,1
2191268,1
2191269,1
2191271,1
2191272,1
2191273,1
2191274,1
2191275,1
2191276,1
2191277,1
2191278,1
2191279,1
2191280,1
2194863,1
2194864,1
2194866,1
2194867,1
2194884,1
2194885,1
2194887,1
2194889,1
2194890,1
2194891,1
2194892,1
2194893,1
2194894,1
2198480,1
2198481,1
2198482,1
2198484,1
2198485,1
2198490,1
2198491,1
2198492,1
2198501,1
2198502,1
2198503,1
2198504,1
2198505,1
2198506,1
2198507,1
2198508,1
2198509,1
2198510,1
2198511,1
2202097,1
2202098,1
2202107,1
2202108,1
2202109,1
2202110,1
2202115,1
2202116,1
2202117,1
2202118,1
2202121,1
2202122,1
2202125,1
2202126,1
2202127,1
2205715,1
2205732,1
2205733,1
2205735,1
2205736,1
2205738,1
2205739,1
2209332,1
2209345,1
2209346,1
2209348,1
2209349,1
2209350,1
2209351,1
2209352,1
2209353,1
2209354,1
2209355,1
2212949,1
2212962,1
2212965,1
2212966,1
2212967,1
2212968,1
2212969,1
2212970,1
2216566,1
2216581,1
2216584,1
2216585,1
2216586,1
2220183,1
2220184,1
2220198,1
2220202,1
2220203,1
2220204,1
2223800,1
2223801,1
2227418,1
2231035,1
2234652,1
2238270,1
2241887,1
2245504,1
2249121,1
2249122,1
2252738,1
2252739,1
2256356,1
2259973,1
2263590,1
2267195,1
2267207,1
2267208,1
2270811,1
2270812,1
2270813,1
2270823,1
2270824,1
2274429,1
2274430,1
2274431,1
2274441,1
2274443,1
2274444,1
2278046,1
2278047,1
2278048,1
2278057,1
2278060,1
2278061,1
2281665,1
2281666,1
2281674,1
2281677,1
2281678,1
2285283,1
2285284,1
2285291,1
2288901,1
2288902,1
2288903,1
2288908,1
2292519,1
2292520,1
2292521,1
2292525,1
2296137,1
2296138,1
2296139,1
2296143,1
2299756,1
2299757,1
2299760,1
2303374,1
2303375,1
2303377,1
2303378,1
2303382,1
2303383,1
2303384,1
2306992,1
2306995,1
2306999,1
2307000,1
2307002,1
2310609,1
2310610,1
2310611,1
2310612,1
2310618,1
2310619,1
2314227,1
2314228,1
2314229,1
2317845,1
2317846,1
2317853,1
2317854,1
2321470,1
2321471,1
2325088,1
2325089,1
2332271,1
2332272,1
2335888,1
2339505,1
2339550,1
2339551,1
2339552,1
2343121,1
2343122,1
2343168,1
2343169,1
2343178,1
2343179,1
2346738,1
2346739,1
2346795,1
2346796,1
2346797,1
2350355,1
2350356,1
2350357,1
2350412,1
2350413,1
2350414,1
2353973,1
2353974,1
2354030,1
2354031,1
2357597,1
2357598,1
2357599,1
2357600,1
2357647,1
2357648,1
2361215,1
2361216,1
2361217,1
2361218,1
2361264,1
2361265,1
2361266,1
2364832,1
2364833,1
2364834,1
2364835,1
2364881,1
2364882,1
2364883,1
2368449,1
2368450,1
2368451,1
2368452,1
2372067,1
2372068,1
2372069,1
2372070,1
2372118,1
2372119,1
2375734,1
2375735,1
2375736,1
2379351,1
2379352,1
2379353,1
2382968,1
2382969,1
2382970,1
2390203,1
2390204,1
2393820,1
2393821,1
2397441,1
2404669,1
2408287,1
2408292,1
2411908,1
2411909,1
2411910,1
2415525,1
2415526,1
2415527,1
2419138,1
2419139,1
2419140,1
2419143,1
2419144,1
2419145,1
2422755,1
2422758,1
2426372,1
2426373,1
2426375,1
2429988,1
2429989,1
2429990,1
2429991,1
2429992,1
2433605,1
2433606,1
2433607,1
2433611,1
2433612,1
2433613,1
2437223,1
2437224,1
2437229,1
2437230,1
2437231,1
2437232,1
2440840,1
2440841,1
2440842,1
2440843,1
2440844,1
2440847,1
2440849,1
2444458,1
2444461,1
2444464,1
2444465,1
2444466,1
2448075,1
2448076,1
2448077,1
2448081,1
2448082,1
2451688,1
2451689,1
2451690,1
2451691,1
2451692,1
2451693,1
2451694,1
2451702,1
2451703,1
2455304,1
2455305,1
2455306,1
2455308,1
2455311,1
2455312,1
2455313,1
2455316,1
2455317,1
2455318,1
2455319,1
2455320,1
2458921,1
2458929,1
2458930,1
2458931,1
2458934,1
2458935,1
2458936,1
2458937,1
2458938,1
2462538,1
2462548,1
2462549,1
2462550,1
2462551,1
2462552,1
2462553,1
2462556,1
2466156,1
2466167,1
2466168,1
2466169,1
2466170,1
2466174,1
2469772,1
2469773,1
2469787,1
2469791,1
2469792,1
2473390,1
2473408,1
2477007,1
2477024,1
2477025,1
2480624,1
2480642,1
2484241,1
2484259,1
2487858,1
2487876,1
2491475,1
2491493,1
2491494,1
2495092,1
2495093,1
2495111,1
2498709,1
2498710,1
2498728,1
2498729,1
2502327,1
2502346,1
2505944,1
2505945,1
2505963,1
2505964,1
2505965,1
2509560,1
2509562,1
2509581,1
2509582,1
2509583,1
2513177,1
2513178,1
2513179,1
2513180,1
2513200,1
2516710,1
2516711,1
2516797,1
2516817,1
2516818,1
2520327,1
2520328,1
2520414,1
2520436,1
2523944,1
2523945,1
2523951,1
2523952,1
2524031,1
2524032,1
2524053,1
2527569,1
2527570,1
2527571,1
2527572,1
2527649,1
2527670,1
2531186,1
2531187,1
2531188,1
2531189,1
2531265,1
2531266,1
2531287,1
2534803,1
2534804,1
2534805,1
2534806,1
2534808,1
2534809,1
2534882,1
2534883,1
2534904,1
2538420,1
2538421,1
2538422,1
2538423,1
2538425,1
2538426,1
2538427,1
2538500,1
2538521,1
2542033,1
2542034,1
2542039,1
2542040,1
2542043,1
2542044,1
2542045,1
2542116,1
2542117,1
2542138,1
2545649,1
2545650,1
2545651,1
2545652,1
2545659,1
2545660,1
2545661,1
2545662,1
2545663,1
2545730,1
2545731,1
2545732,1
2545733,1
2545734,1
2545755,1
2549266,1
2549267,1
2549268,1
2549269,1
2549275,1
2549276,1
2549277,1
2549278,1
2549279,1
2549348,1
2549349,1
2549350,1
2549351,1
2549352,1
2549371,1
2549372,1
2552888,1
2552889,1
2552890,1
2552892,1
2552893,1
2552894,1
2552895,1
2552964,1
2552965,1
2552967,1
2552968,1
2552969,1
2552989,1
2556501,1
2556502,1
2556503,1
2556504,1
2556509,1
2556510,1
2556511,1
2556512,1
2556581,1
2556584,1
2556585,1
2556586,1
2556587,1
2556606,1
2560118,1
2560119,1
2560120,1
2560121,1
2560126,1
2560127,1
2560128,1
2560129,1
2560198,1
2560201,1
2560202,1
2560203,1
2560204,1
2560205,1
2560223,1
2563711,1
2563712,1
2563713,1
2563714,1
2563715,1
2563736,1
2563737,1
2563738,1
2563739,1
2563815,1
2563816,1
2563820,1
2563821,1
2563822,1
2563838,1
2563839,1
2563840,1
2567326,1
2567327,1
2567328,1
2567329,1
2567330,1
2567331,1
2567332,1
2567354,1
2567355,1
2567356,1
2567362,1
2567363,1
2567364,1
2567433,1
2567437,1
2567438,1
2567453,1
2567454,1
2567455,1
2567456,1
2570942,1
2570943,1
2570944,1
2570945,1
2570946,1
2570947,1
2570948,1
2570949,1
2570950,1
2570972,1
2570979,1
2570980,1
2571050,1
2571070,1
2571071,1
2571072,1
2571073,1
2574559,1
2574560,1
2574561,1
2574562,1
2574563,1
2574564,1
2574565,1
2574566,1
2574568,1
2574585,1
2574667,1
2574668,1
2574669,1
2574686,1
2574687,1
2574688,1
2578175,1
2578176,1
2578177,1
2578178,1
2578179,1
2578180,1
2578181,1
2578182,1
2578183,1
2578184,1
2578185,1
2578201,1
2578202,1
2578285,1
2578286,1
2578303,1
2578304,1
2578305,1
2581792,1
2581793,1
2581794,1
2581795,1
2581796,1
2581797,1
2581798,1
2581799,1
2581800,1
2581801,1
2581802,1
2581818,1
2581819,1
2581902,1
2581903,1
2581921,1
2581922,1
2585410,1
2585411,1
2585412,1
2585413,1
2585414,1
2585415,1
2585416,1
2585417,1
2585418,1
2585520,1
2585521,1
2585538,1
2589028,1
2589029,1
2589030,1
2589031,1
2589032,1
2589033,1
2589034,1
2589035,1
2589036,1
2589138,1
2589155,1
2592646,1
2592647,1
2592648,1
2592649,1
2592650,1
2592651,1
2592652,1
2592653,1
2592755,1
2592756,1
2592772,1
2596264,1
2596265,1
2596266,1
2596267,1
2596268,1
2596269,1
2596270,1
2596271,1
2596372,1
2596373,1
2596389,1
2599883,1
2599884,1
2599885,1
2599886,1
2599887,1
2599888,1
2599889,1
2599990,1
2600005,1
2600006,1
2603501,1
2603502,1
2603503,1
2603504,1
2603505,1
2603506,1
2603586,1
2603587,1
2603608,1
2603623,1
2603624,1
2607117,1
2607118,1
2607119,1
2607120,1
2607121,1
2607122,1
2607146,1
2607204,1
2607205,1
2607225,1
2607226,1
2607241,1
2607243,1
2610735,1
2610736,1
2610737,1
2610738,1
2610739,1
2610740,1
2610741,1
2610821,1
2610822,1
2610843,1
2610858,1
2610859,1
2610860,1
2610861,1
2610862,1
2610863,1
2610864,1
2614352,1
2614353,1
2614354,1
2614355,1
2614356,1
2614357,1
2614358,1
2614460,1
2614476,1
2614477,1
2614478,1
2614481,1
2614482,1
2614496,1
2617970,1
2617971,1
2617972,1
2617973,1
2617974,1
2617975,1
2618077,1
2618078,1
2618094,1
2618095,1
2618097,1
2618098,1
2618099,1
2618100,1
2618101,1
2618102,1
2618103,1
2618104,1
2618105,1
2618106,1
2621587,1
2621588,1
2621589,1
2621590,1
2621591,1
2621592,1
2621694,1
2621695,1
2621697,1
2621711,1
2621712,1
2621713,1
2621715,1
2621717,1
2621718,1
2621719,1
2621720,1
2621721,1
2621722,1
2621723,1
2625205,1
2625206,1
2625207,1
2625208,1
2625209,1
2625210,1
2625312,1
2625313,1
2625314,1
2625318,1
2625319,1
2625320,1
2625329,1
2625330,1
2625331,1
2625333,1
2625334,1
2625335,1
2625336,1
2625337,1
2625338,1
2625339,1
2625340,1
2625341,1
2625342,1
2625343,1
2628823,1
2628824,1
2628825,1
2628826,1
2628827,1
2628930,1
2628931,1
2628932,1
2628936,1
2628937,1
2628938,1
2628946,1
2628947,1
2628948,1
2628950,1
2628951,1
2628952,1
2628953,1
2628954,1
2628955,1
2628956,1
2628957,1
2628958,1
2628959,1
2628960,1
2628961,1
2628962,1
2628963,1
2628966,1
2628967,1
2628968,1
2632440,1
2632441,1
2632442,1
2632443,1
2632444,1
2632548,1
2632549,1
2632550,1
2632553,1
2632554,1
2632555,1
2632556,1
2632563,1
2632564,1
2632565,1
2632566,1
2632567,1
2632568,1
2632569,1
2632570,1
2632571,1
2632572,1
2632573,1
2632574,1
2632575,1
2632576,1
2632577,1
2632578,1
2632579,1
2632580,1
2632581,1
2632582,1
2632583,1
2632584,1
2632585,1
2632586,1
2636057,1
2636058,1
2636059,1
2636060,1
2636061,1
2636166,1
2636167,1
2636170,1
2636171,1
2636172,1
2636181,1
2636182,1
2636183,1
2636184,1
2636185,1
2636186,1
2636187,1
2636188,1
2636189,1
2636190,1
2636191,1
2636192,1
2636193,1
2636194,1
2636195,1
2636196,1
2636197,1
2636198,1
2636199,1
2636200,1
2636201,1
2636202,1
2636203,1
2636204,1
2639675,1
2639676,1
2639677,1
2639678,1
2639679,1
2639784,1
2639785,1
2639787,1
2639788,1
2639789,1
2639798,1
2639799,1
2639800,1
2639801,1
2639802,1
2639803,1
2639804,1
2639805,1
2639806,1
2639807,1
2639808,1
2639809,1
2639810,1
2639811,1
2639812,1
2639813,1
2639814,1
2639815,1
2639816,1
2639817,1
2639818,1
2639819,1
2639820,1
2639821,1
2643292,1
2643293,1
2643294,1
2643295,1
2643296,1
2643400,1
2643402,1
2643403,1
2643404,1
2643405,1
2643406,1
2643416,1
2643417,1
2643418,1
2643419,1
2643420,1
2643421,1
2643422,1
2643423,1
2643424,1
2643426,1
2643427,1
2643428,1
2643429,1
2643430,1
2643431,1
2643432,1
2643433,1
2643434,1
2643435,1
2643436,1
2643437,1
2643438,1
2646910,1
2646911,1
2646912,1
2646913,1
2647019,1
2647020,1
2647021,1
2647034,1
2647035,1
2647036,1
2647037,1
2647038,1
2647045,1
2647046,1
2647047,1
2647048,1
2647049,1
2647050,1
2647051,1
2647052,1
2647053,1
2647054,1
2647055,1
2647056,1
2647057,1
2647058,1
2650527,1
2650528,1
2650529,1
2650530,1
2650635,1
2650636,1
2650637,1
2650638,1
2650651,1
2650652,1
2650653,1
2650654,1
2650656,1
2650663,1
2650664,1
2650665,1
2650666,1
2650667,1
2650668,1
2650669,1
2650670,1
2650671,1
2650672,1
2650673,1
2650674,1
2650675,1
2650676,1
2650677,1
2654145,1
2654146,1
2654147,1
2654252,1
2654253,1
2654254,1
2654255,1
2654256,1
2654269,1
2654270,1
2654281,1
2654282,1
2654283,1
2654284,1
2654285,1
2654286,1
2654287,1
2654288,1
2654289,1
2654290,1
2654291,1
2654292,1
2654293,1
2654294,1
2657762,1
2657763,1
2657764,1
2657765,1
2657766,1
2657869,1
2657870,1
2657871,1
2657872,1
2657873,1
2657887,1
2657888,1
2657890,1
2657898,1
2657899,1
2657902,1
2657903,1
2657904,1
2657905,1
2657906,1
2657907,1
2657908,1
2657910,1
2657911,1
2657912,1
2661380,1
2661381,1
2661382,1
2661383,1
2661486,1
2661487,1
2661488,1
2661489,1
2661490,1
2661492,1
2661502,1
2661506,1
2661509,1
2661516,1
2661517,1
2661520,1
2661521,1
2661522,1
2661523,1
2661524,1
2661525,1
2661528,1
2661529,1
2661530,1
2664997,1
2664998,1
2664999,1
2665000,1
2665102,1
2665104,1
2665105,1
2665106,1
2665107,1
2665108,1
2665109,1
2665110,1
2665111,1
2665117,1
2665118,1
2665119,1
2665120,1
2665121,1
2665127,1
2665128,1
2665133,1
2665134,1
2665140,1
2665141,1
2665142,1
2665146,1
2665147,1
2668615,1
2668616,1
2668617,1
2668720,1
2668722,1
2668723,1
2668724,1
2668725,1
2668726,1
2668727,1
2668728,1
2668729,1
2668734,1
2668735,1
2668736,1
2668737,1
2668738,1
2668739,1
2668740,1
2668745,1
2668746,1
2668750,1
2668751,1
2668759,1
2668763,1
2668764,1
2672231,1
2672232,1
2672233,1
2672234,1
2672236,1
2672338,1
2672339,1
2672340,1
2672341,1
2672344,1
2672345,1
2672346,1
2672351,1
2672355,1
2672356,1
2672357,1
2672362,1
2672363,1
2672364,1
2672372,1
2672373,1
2672374,1
2672375,1
2672376,1
2672381,1
2675849,1
2675850,1
2675851,1
2675852,1
2675853,1
2675854,1
2675956,1
2675957,1
2675958,1
2675959,1
2675962,1
2675963,1
2675964,1
2675965,1
2675966,1
2675967,1
2675968,1
2675972,1
2675973,1
2675974,1
2675975,1
2675976,1
2675980,1
2675981,1
2675982,1
2675989,1
2675990,1
2675993,1
2675994,1
2675997,1
2675998,1
2675999,1
2679466,1
2679467,1
2679468,1
2679469,1
2679470,1
2679471,1
2679574,1
2679576,1
2679577,1
2679578,1
2679579,1
2679580,1
2679581,1
2679582,1
2679583,1
2679584,1
2679589,1
2679592,1
2679593,1
2679594,1
2679598,1
2679599,1
2679600,1
2679607,1
2679608,1
2679611,1
2679612,1
2679613,1
2679614,1
2679615,1
2679616,1
2683084,1
2683085,1
2683086,1
2683191,1
2683199,1
2683200,1
2683201,1
2683206,1
2683210,1
2683211,1
2683212,1
2683215,1
2683218,1
2683219,1
2683225,1
2683226,1
2683227,1
2683229,1
2683230,1
2683231,1
2683232,1
2686701,1
2686702,1
2686703,1
2686704,1
2686705,1
2686808,1
2686809,1
2686810,1
2686819,1
2686820,1
2686823,1
2686827,1
2686828,1
2686829,1
2686830,1
2686832,1
2686833,1
2686834,1
2686835,1
2686836,1
2686837,1
2686843,1
2686844,1
2686845,1
2686846,1
2690318,1
2690319,1
2690320,1
2690321,1
2690322,1
2690427,1
2690437,1
2690438,1
2690440,1
2690441,1
2690444,1
2690447,1
2690450,1
2690451,1
2690452,1
2690453,1
2690454,1
2690463,1
2690464,1
2690465,1
2693935,1
2693936,1
2693937,1
2693938,1
2694045,1
2694046,1
2694055,1
2694056,1
2694058,1
2694059,1
2694060,1
2694061,1
2694064,1
2694065,1
2694067,1
2694068,1
2694069,1
2694070,1
2694071,1
2694072,1
2694078,1
2694079,1
2694080,1
2694082,1
2697553,1
2697554,1
2697555,1
2697663,1
2697664,1
2697673,1
2697676,1
2697677,1
2697682,1
2697683,1
2697684,1
2697685,1
2697686,1
2697688,1
2697689,1
2697695,1
2697697,1
2697698,1
2697699,1
2701170,1
2701171,1
2701172,1
2701281,1
2701282,1
2701290,1
2701291,1
2701292,1
2701293,1
2701294,1
2701302,1
2701303,1
2701306,1
2701307,1
2701308,1
2701315,1
2701316,1
2704788,1
2704789,1
2704790,1
2704791,1
2704898,1
2704899,1
2704907,1
2704908,1
2704909,1
2704910,1
2704911,1
2704913,1
2704921,1
2704922,1
2704924,1
2704925,1
2704926,1
2704931,1
2704933,1
2704934,1
2708406,1
2708407,1
2708408,1
2708516,1
2708524,1
2708525,1
2708526,1
2708529,1
2708530,1
2708535,1
2708539,1
2708540,1
2708542,1
2708544,1
2708545,1
2708547,1
2708548,1
2708551,1
2708552,1
2708553,1
2708554,1
2708555,1
2712022,1
2712023,1
2712024,1
2712025,1
2712129,1
2712131,1
2712132,1
2712133,1
2712134,1
2712141,1
2712142,1
2712146,1
2712147,1
2712148,1
2712157,1
2712158,1
2712160,1
2712161,1
2712162,1
2712163,1
2712164,1
2712168,1
2712169,1
2712170,1
2712171,1
2712172,1
2715638,1
2715640,1
2715641,1
2715642,1
2715743,1
2715744,1
2715745,1
2715746,1
2715748,1
2715749,1
2715751,1
2715752,1
2715759,1
2715763,1
2715764,1
2715765,1
2715766,1
2715767,1
2715776,1
2715777,1
2715779,1
2715780,1
2715781,1
2715785,1
2715786,1
2715787,1
2715788,1
2715789,1
2715790,1
2715791,1
2715792,1
2715793,1
2715794,1
2719255,1
2719257,1
2719258,1
2719259,1
2719260,1
2719360,1
2719361,1
2719362,1
2719363,1
2719365,1
2719366,1
2719369,1
2719377,1
2719380,1
2719382,1
2719383,1
2719384,1
2719392,1
2719393,1
2719394,1
2719396,1
2719398,1
2719399,1
2719402,1
2719403,1
2719405,1
2719406,1
2719407,1
2719408,1
2719409,1
2719410,1
2719412,1
2719413,1
2722872,1
2722873,1
2722874,1
2722875,1
2722876,1
2722877,1
2722975,1
2722976,1
2722977,1
2722978,1
2722979,1
2722980,1
2722982,1
2722983,1
2722984,1
2722987,1
2722993,1
2722995,1
2722996,1
2722997,1
2723000,1
2723001,1
2723002,1
2723003,1
2723004,1
2723005,1
2723009,1
2723010,1
2723012,1
2723013,1
2723014,1
2723015,1
2723016,1
2723017,1
2723018,1
2723019,1
2723020,1
2723023,1
2723024,1
2723025,1
2723030,1
2723031,1
2726490,1
2726491,1
2726492,1
2726493,1
2726494,1
2726592,1
2726593,1
2726594,1
2726595,1
2726596,1
2726597,1
2726598,1
2726599,1
2726600,1
2726601,1
2726602,1
2726604,1
2726610,1
2726614,1
2726615,1
2726617,1
2726618,1
2726619,1
2726622,1
2726626,1
2726627,1
2726631,1
2726633,1
2726634,1
2726635,1
2726636,1
2726637,1
2726648,1
2726649,1
2730106,1
2730107,1
2730108,1
2730109,1
2730110,1
2730111,1
2730208,1
2730209,1
2730210,1
2730211,1
2730212,1
2730213,1
2730214,1
2730215,1
2730216,1
2730217,1
2730218,1
2730220,1
2730221,1
2730222,1
2730227,1
2730231,1
2730234,1
2730236,1
2730237,1
2730240,1
2730241,1
2730243,1
2730244,1
2730248,1
2730249,1
2730251,1
2730252,1
2730253,1
2730254,1
2730255,1
2730265,1
2730266,1
2733724,1
2733725,1
2733726,1
2733727,1
2733728,1
2733825,1
2733826,1
2733827,1
2733828,1
2733830,1
2733831,1
2733832,1
2733833,1
2733834,1
2733836,1
2733837,1
2733838,1
2733839,1
2733840,1
2733843,1
2733844,1
2733845,1
2733848,1
2733851,1
2733854,1
2733855,1
2733856,1
2733857,1
2733858,1
2733859,1
2733860,1
2733861,1
2733867,1
2733868,1
2733869,1
2733870,1
2733871,1
2733872,1
2733883,1
2733884,1
2733885,1
2734324,1
2734325,1
2737342,1
2737343,1
2737344,1
2737345,1
2737346,1
2737442,1
2737443,1
2737444,1
2737445,1
2737448,1
2737449,1
2737450,1
2737451,1
2737452,1
2737453,1
2737455,1
2737458,1
2737459,1
2737460,1
2737461,1
2737462,1
2737463,1
2737466,1
2737468,1
2737472,1
2737473,1
2737474,1
2737475,1
2737476,1
2737477,1
2737478,1
2737479,1
2737481,1
2737485,1
2737486,1
2737487,1
2737488,1
2737489,1
2737490,1
2737502,1
2737942,1
2740958,1
2740959,1
2740960,1
2740961,1
2740962,1
2740963,1
2741060,1
2741061,1
2741062,1
2741063,1
2741067,1
2741068,1
2741069,1
2741070,1
2741071,1
2741072,1
2741074,1
2741075,1
2741076,1
2741077,1
2741078,1
2741079,1
2741080,1
2741083,1
2741085,1
2741090,1
2741091,1
2741092,1
2741093,1
2741094,1
2741095,1
2741098,1
2741099,1
2741104,1
2741105,1
2741106,1
2741107,1
2741108,1
2741118,1
2741119,1
2741560,1
2744575,1
2744576,1
2744577,1
2744578,1
2744579,1
2744580,1
2744675,1
2744676,1
2744677,1
2744678,1
2744679,1
2744680,1
2744681,1
2744685,1
2744686,1
2744687,1
2744688,1
2744689,1
2744690,1
2744693,1
2744694,1
2744696,1
2744697,1
2744698,1
2744699,1
2744701,1
2744702,1
2744703,1
2744709,1
2744710,1
2744711,1
2744712,1
2744715,1
2744716,1
2744717,1
2744721,1
2744722,1
2744723,1
2744724,1
2744725,1
2744726,1
2744727,1
2744736,1
2744737,1
2748193,1
2748194,1
2748195,1
2748196,1
2748197,1
2748292,1
2748293,1
2748294,1
2748295,1
2748296,1
2748299,1
2748300,1
2748302,1
2748303,1
2748304,1
2748305,1
2748306,1
2748307,1
2748310,1
2748312,1
2748313,1
2748315,1
2748316,1
2748317,1
2748318,1
2748319,1
2748320,1
2748326,1
2748327,1
2748328,1
2748329,1
2748331,1
2748332,1
2748333,1
2748334,1
2748335,1
2748339,1
2748340,1
2748341,1
2748342,1
2748343,1
2748344,1
2748345,1
2748353,1
2748354,1
2751809,1
2751810,1
2751811,1
2751812,1
2751813,1
2751814,1
2751908,1
2751909,1
2751910,1
2751911,1
2751912,1
2751913,1
2751914,1
2751917,1
2751918,1
2751919,1
2751920,1
2751921,1
2751922,1
2751923,1
2751925,1
2751928,1
2751929,1
2751930,1
2751931,1
2751932,1
2751934,1
2751936,1
2751937,1
2751938,1
2751943,1
2751944,1
2751945,1
2751946,1
2751947,1
2751948,1
2751949,1
2751950,1
2751951,1
2751952,1
2751953,1
2751954,1
2751956,1
2751957,1
2751958,1
2751959,1
2751960,1
2751961,1
2751962,1
2751963,1
2751970,1
2751971,1
2755427,1
2755428,1
2755429,1
2755430,1
2755431,1
2755526,1
2755527,1
2755528,1
2755529,1
2755530,1
2755531,1
2755532,1
2755534,1
2755535,1
2755536,1
2755537,1
2755538,1
2755539,1
2755540,1
2755541,1
2755542,1
2755546,1
2755547,1
2755548,1
2755549,1
2755551,1
2755556,1
2755557,1
2755558,1
2755559,1
2755560,1
2755561,1
2755562,1
2755563,1
2755564,1
2755565,1
2755566,1
2755567,1
2755568,1
2755569,1
2755570,1
2755571,1
2755572,1
2755574,1
2755575,1
2755577,1
2755578,1
2755579,1
2755580,1
2755581,1
2755588,1
2759044,1
2759045,1
2759046,1
2759047,1
2759048,1
2759118,1
2759143,1
2759144,1
2759145,1
2759146,1
2759147,1
2759148,1
2759149,1
2759150,1
2759151,1
2759152,1
2759153,1
2759154,1
2759155,1
2759156,1
2759157,1
2759158,1
2759159,1
2759160,1
2759166,1
2759168,1
2759169,1
2759170,1
2759174,1
2759175,1
2759176,1
2759177,1
2759178,1
2759179,1
2759180,1
2759181,1
2759182,1
2759183,1
2759184,1
2759185,1
2759186,1
2759187,1
2759188,1
2759189,1
2759190,1
2759191,1
2759192,1
2759193,1
2759194,1
2759195,1
2759196,1
2759197,1
2759198,1
2759199,1
2759205,1
2759598,1
2759599,1
2762661,1
2762662,1
2762663,1
2762664,1
2762665,1
2762666,1
2762729,1
2762730,1
2762734,1
2762735,1
2762758,1
2762759,1
2762760,1
2762761,1
2762762,1
2762763,1
2762764,1
2762765,1
2762766,1
2762767,1
2762768,1
2762769,1
2762770,1
2762771,1
2762772,1
2762773,1
2762774,1
2762775,1
2762776,1
2762777,1
2762784,1
2762785,1
2762788,1
2762792,1
2762793,1
2762794,1
2762795,1
2762796,1
2762797,1
2762798,1
2762799,1
2762800,1
2762801,1
2762802,1
2762803,1
2762804,1
2762805,1
2762806,1
2762807,1
2762808,1
2762809,1
2762810,1
2762813,1
2762814,1
2762815,1
2762816,1
2762822,1
2763184,1
2763185,1
2763186,1
2763215,1
2763216,1
2763217,1
2763218,1
2763219,1
2766277,1
2766278,1
2766279,1
2766280,1
2766281,1
2766282,1
2766283,1
2766332,1
2766333,1
2766347,1
2766352,1
2766356,1
2766375,1
2766376,1
2766377,1
2766378,1
2766379,1
2766380,1
2766381,1
2766382,1
2766383,1
2766384,1
2766385,1
2766386,1
2766387,1
2766388,1
2766389,1
2766390,1
2766391,1
2766392,1
2766393,1
2766394,1
2766395,1
2766396,1
2766398,1
2766400,1
2766401,1
2766402,1
2766404,1
2766405,1
2766414,1
2766415,1
2766416,1
2766417,1
2766418,1
2766419,1
2766420,1
2766421,1
2766422,1
2766423,1
2766424,1
2766425,1
2766426,1
2766427,1
2766428,1
2766431,1
2766432,1
2766433,1
2766439,1
2766440,1
2766801,1
2766802,1
2766803,1
2766804,1
2766832,1
2766833,1
2766834,1
2766835,1
2766836,1
2769894,1
2769895,1
2769896,1
2769897,1
2769898,1
2769899,1
2769900,1
2769946,1
2769947,1
2769949,1
2769950,1
2769963,1
2769964,1
2769965,1
2769967,1
2769968,1
2769969,1
2769970,1
2769971,1
2769972,1
2769973,1
2769991,1
2769992,1
2769993,1
2769994,1
2769995,1
2769996,1
2769997,1
2769998,1
2769999,1
2770000,1
2770001,1
2770002,1
2770003,1
2770004,1
2770005,1
2770006,1
2770007,1
2770008,1
2770009,1
2770010,1
2770011,1
2770012,1
2770013,1
2770014,1
2770015,1
2770018,1
2770020,1
2770022,1
2770034,1
2770035,1
2770036,1
2770037,1
2770038,1
2770039,1
2770040,1
2770041,1
2770042,1
2770043,1
2770044,1
2770046,1
2770047,1
2770048,1
2770049,1
2770057,1
2770058,1
2770419,1
2770420,1
2770421,1
2770422,1
2770451,1
2770452,1
2770464,1
2770465,1
2770466,1
2770467,1
2770468,1
2773511,1
2773512,1
2773513,1
2773514,1
2773515,1
2773516,1
2773517,1
2773518,1
2773562,1
2773563,1
2773565,1
2773566,1
2773580,1
2773581,1
2773584,1
2773585,1
2773586,1
2773587,1
2773588,1
2773589,1
2773590,1
2773608,1
2773609,1
2773610,1
2773611,1
2773612,1
2773613,1
2773615,1
2773616,1
2773617,1
2773618,1
2773619,1
2773621,1
2773622,1
2773623,1
2773624,1
2773625,1
2773626,1
2773627,1
2773628,1
2773629,1
2773630,1
2773631,1
2773632,1
2773633,1
2773634,1
2773635,1
2773636,1
2773639,1
2773651,1
2773652,1
2773653,1
2773654,1
2773655,1
2773656,1
2773657,1
2773658,1
2773659,1
2773660,1
2773661,1
2773665,1
2773666,1
2773675,1
2773676,1
2774036,1
2774037,1
2774038,1
2774081,1
2774082,1
2774083,1
2774084,1
2774085,1
2774088,1
2774089,1
2774090,1
2774112,1
2777126,1
2777127,1
2777128,1
2777129,1
2777130,1
2777131,1
2777132,1
2777133,1
2777134,1
2777135,1
2777179,1
2777180,1
2777182,1
2777183,1
2777197,1
2777198,1
2777201,1
2777202,1
2777203,1
2777204,1
2777205,1
2777206,1
2777207,1
2777225,1
2777226,1
2777227,1
2777228,1
2777229,1
2777230,1
2777232,1
2777233,1
2777234,1
2777235,1
2777236,1
2777237,1
2777238,1
2777239,1
2777240,1
2777241,1
2777242,1
2777244,1
2777245,1
2777246,1
2777247,1
2777248,1
2777249,1
2777250,1
2777251,1
2777252,1
2777253,1
2777254,1
2777256,1
2777268,1
2777269,1
2777270,1
2777271,1
2777272,1
2777273,1
2777274,1
2777275,1
2777276,1
2777277,1
2777278,1
2777279,1
2777292,1
2777293,1
2777654,1
2777655,1
2777656,1
2777698,1
2777699,1
2777700,1
2777701,1
2777702,1
2777705,1
2777706,1
2777707,1
2777729,1
2780743,1
2780744,1
2780745,1
2780746,1
2780747,1
2780748,1
2780749,1
2780750,1
2780751,1
2780752,1
2780814,1
2780815,1
2780817,1
2780818,1
2780819,1
2780820,1
2780821,1
2780822,1
2780823,1
2780824,1
2780842,1
2780843,1
2780844,1
2780845,1
2780846,1
2780847,1
2780850,1
2780851,1
2780852,1
2780853,1
2780854,1
2780855,1
2780856,1
2780857,1
2780858,1
2780859,1
2780860,1
2780861,1
2780862,1
2780863,1
2780864,1
2780865,1
2780866,1
2780867,1
2780868,1
2780869,1
2780870,1
2780871,1
2780873,1
2780885,1
2780886,1
2780887,1
2780888,1
2780889,1
2780890,1
2780891,1
2780892,1
2780893,1
2780894,1
2780895,1
2780896,1
2780897,1
2780904,1
2780910,1
2780911,1
2781315,1
2781316,1
2781317,1
2781318,1
2781319,1
2781323,1
2781346,1
2781347,1
2784358,1
2784359,1
2784360,1
2784361,1
2784362,1
2784363,1
2784364,1
2784365,1
2784366,1
2784367,1
2784368,1
2784371,1
2784419,1
2784420,1
2784421,1
2784422,1
2784435,1
2784436,1
2784437,1
2784438,1
2784439,1
2784440,1
2784441,1
2784459,1
2784460,1
2784461,1
2784462,1
2784463,1
2784466,1
2784467,1
2784468,1
2784469,1
2784470,1
2784471,1
2784472,1
2784473,1
2784474,1
2784475,1
2784476,1
2784477,1
2784478,1
2784479,1
2784480,1
2784481,1
2784482,1
2784483,1
2784484,1
2784485,1
2784486,1
2784487,1
2784490,1
2784501,1
2784502,1
2784503,1
2784504,1
2784505,1
2784506,1
2784507,1
2784508,1
2784509,1
2784511,1
2784512,1
2784513,1
2784514,1
2784521,1
2784522,1
2784528,1
2784929,1
2784930,1
2784931,1
2784932,1
2784933,1
2784934,1
2784935,1
2784936,1
2784961,1
2784962,1
2787974,1
2787975,1
2787976,1
2787977,1
2787978,1
2787979,1
2787980,1
2787981,1
2787982,1
2787983,1
2787984,1
2787985,1
2788030,1
2788031,1
2788032,1
2788035,1
2788036,1
2788037,1
2788038,1
2788039,1
2788052,1
2788053,1
2788054,1
2788055,1
2788056,1
2788057,1
2788058,1
2788075,1
2788076,1
2788077,1
2788078,1
2788079,1
2788080,1
2788081,1
2788082,1
2788085,1
2788086,1
2788087,1
2788088,1
2788089,1
2788090,1
2788091,1
2788092,1
2788093,1
2788094,1
2788095,1
2788096,1
2788097,1
2788098,1
2788099,1
2788100,1
2788101,1
2788102,1
2788103,1
2788104,1
2788108,1
2788118,1
2788119,1
2788120,1
2788121,1
2788122,1
2788123,1
2788124,1
2788125,1
2788126,1
2788128,1
2788129,1
2788130,1
2788131,1
2788138,1
2788139,1
2788140,1
2788141,1
2788142,1
2788143,1
2788144,1
2788145,1
2788146,1
2788552,1
2788580,1
2791590,1
2791591,1
2791592,1
2791593,1
2791594,1
2791595,1
2791596,1
2791597,1
2791598,1
2791599,1
2791600,1
2791601,1
2791602,1
2791647,1
2791648,1
2791649,1
2791651,1
2791652,1
2791653,1
2791668,1
2791669,1
2791670,1
2791671,1
2791672,1
2791673,1
2791674,1
2791675,1
2791693,1
2791694,1
2791695,1
2791696,1
2791697,1
2791701,1
2791702,1
2791703,1
2791704,1
2791705,1
2791706,1
2791707,1
2791708,1
2791709,1
2791710,1
2791711,1
2791712,1
2791713,1
2791714,1
2791715,1
2791716,1
2791717,1
2791718,1
2791719,1
2791720,1
2791721,1
2791724,1
2791725,1
2791733,1
2791734,1
2791735,1
2791736,1
2791738,1
2791739,1
2791740,1
2791741,1
2791742,1
2791743,1
2791744,1
2791746,1
2791748,1
2791756,1
2791757,1
2791758,1
2791759,1
2791760,1
2791762,1
2791763,1
2795205,1
2795206,1
2795207,1
2795208,1
2795209,1
2795210,1
2795211,1
2795212,1
2795213,1
2795214,1
2795215,1
2795216,1
2795217,1
2795218,1
2795219,1
2795263,1
2795264,1
2795267,1
2795268,1
2795269,1
2795271,1
2795272,1
2795281,1
2795282,1
2795283,1
2795284,1
2795285,1
2795286,1
2795287,1
2795289,1
2795290,1
2795310,1
2795311,1
2795312,1
2795313,1
2795314,1
2795318,1
2795319,1
2795320,1
2795321,1
2795322,1
2795323,1
2795324,1
2795325,1
2795326,1
2795327,1
2795328,1
2795329,1
2795330,1
2795331,1
2795332,1
2795334,1
2795335,1
2795336,1
2795337,1
2795338,1
2795341,1
2795350,1
2795351,1
2795358,1
2795359,1
2795360,1
2795363,1
2795365,1
2795366,1
2795368,1
2795373,1
2795374,1
2795375,1
2795376,1
2795377,1
2795378,1
2795379,1
2795380,1
2795381,1
2798822,1
2798823,1
2798824,1
2798825,1
2798826,1
2798827,1
2798828,1
2798829,1
2798830,1
2798831,1
2798832,1
2798833,1
2798834,1
2798835,1
2798836,1
2798881,1
2798884,1
2798885,1
2798886,1
2798888,1
2798889,1
2798898,1
2798899,1
2798900,1
2798901,1
2798902,1
2798903,1
2798904,1
2798906,1
2798907,1
2798927,1
2798928,1
2798929,1
2798930,1
2798931,1
2798932,1
2798933,1
2798935,1
2798937,1
2798938,1
2798939,1
2798940,1
2798941,1
2798942,1
2798943,1
2798944,1
2798945,1
2798946,1
2798947,1
2798948,1
2798949,1
2798951,1
2798952,1
2798953,1
2798954,1
2798955,1
2798958,1
2798967,1
2798968,1
2798975,1
2798976,1
2798977,1
2798980,1
2798983,1
2798984,1
2798985,1
2798986,1
2798990,1
2798991,1
2798992,1
2798993,1
2798994,1
2798995,1
2798997,1
2798998,1
2802438,1
2802439,1
2802440,1
2802441,1
2802442,1
2802443,1
2802444,1
2802445,1
2802446,1
2802447,1
2802448,1
2802449,1
2802450,1
2802451,1
2802452,1
2802453,1
2802501,1
2802502,1
2802503,1
2802515,1
2802516,1
2802519,1
2802523,1
2802524,1
2802542,1
2802543,1
2802544,1
2802545,1
2802546,1
2802547,1
2802548,1
2802549,1
2802550,1
2802553,1
2802554,1
2802555,1
2802556,1
2802557,1
2802558,1
2802559,1
2802560,1
2802561,1
2802562,1
2802563,1
2802564,1
2802565,1
2802566,1
2802567,1
2802568,1
2802569,1
2802570,1
2802571,1
2802572,1
2802573,1
2802575,1
2802576,1
2802583,1
2802584,1
2802585,1
2802586,1
2802592,1
2802593,1
2802594,1
2802597,1
2802599,1
2802600,1
2802601,1
2802602,1
2802604,1
2802607,1
2802608,1
2802609,1
2802610,1
2802611,1
2802612,1
2802613,1
2802615,1
2802616,1
2806053,1
2806054,1
2806055,1
2806056,1
2806057,1
2806058,1
2806059,1
2806060,1
2806061,1
2806062,1
2806063,1
2806064,1
2806065,1
2806066,1
2806067,1
2806068,1
2806069,1
2806118,1
2806119,1
2806132,1
2806133,1
2806136,1
2806137,1
2806141,1
2806143,1
2806159,1
2806160,1
2806161,1
2806162,1
2806163,1
2806164,1
2806165,1
2806166,1
2806167,1
2806171,1
2806172,1
2806173,1
2806174,1
2806175,1
2806176,1
2806177,1
2806178,1
2806179,1
2806180,1
2806181,1
2806182,1
2806183,1
2806184,1
2806185,1
2806186,1
2806187,1
2806188,1
2806189,1
2806193,1
2806198,1
2806199,1
2806201,1
2806202,1
2806209,1
2806211,1
2806214,1
2806215,1
2806216,1
2806219,1
2806221,1
2806225,1
2806226,1
2806227,1
2806228,1
2806229,1
2806230,1
2806231,1
2806232,1
2806233,1
2809631,1
2809632,1
2809669,1
2809670,1
2809671,1
2809672,1
2809673,1
2809674,1
2809675,1
2809676,1
2809677,1
2809678,1
2809679,1
2809680,1
2809681,1
2809682,1
2809683,1
2809684,1
2809685,1
2809686,1
2809749,1
2809750,1
2809753,1
2809757,1
2809758,1
2809759,1
2809760,1
2809775,1
2809776,1
2809777,1
2809778,1
2809779,1
2809780,1
2809781,1
2809782,1
2809784,1
2809788,1
2809789,1
2809792,1
2809793,1
2809794,1
2809795,1
2809796,1
2809797,1
2809798,1
2809799,1
2809800,1
2809801,1
2809802,1
2809803,1
2809804,1
2809810,1
2809812,1
2809813,1
2809814,1
2809815,1
2809816,1
2809818,1
2809819,1
2809826,1
2809827,1
2809828,1
2809832,1
2809833,1
2809834,1
2809835,1
2809836,1
2809837,1
2809838,1
2809843,1
2809844,1
2809845,1
2809846,1
2809847,1
2809848,1
2809849,1
2809850,1
2813248,1
2813249,1
2813250,1
2813251,1
2813252,1
2813285,1
2813286,1
2813287,1
2813288,1
2813289,1
2813290,1
2813291,1
2813292,1
2813293,1
2813294,1
2813295,1
2813296,1
2813297,1
2813298,1
2813299,1
2813300,1
2813301,1
2813302,1
2813303,1
2813304,1
2813353,1
2813366,1
2813367,1
2813373,1
2813374,1
2813375,1
2813392,1
2813393,1
2813394,1
2813395,1
2813396,1
2813397,1
2813398,1
2813400,1
2813406,1
2813408,1
2813409,1
2813410,1
2813411,1
2813412,1
2813413,1
2813414,1
2813415,1
2813416,1
2813417,1
2813418,1
2813419,1
2813420,1
2813427,1
2813429,1
2813432,1
2813435,1
2813436,1
2813443,1
2813444,1
2813445,1
2813449,1
2813454,1
2813455,1
2813460,1
2813461,1
2813462,1
2813463,1
2813464,1
2813465,1
2813466,1
2813467,1
2813904,1
2816864,1
2816865,1
2816866,1
2816868,1
2816869,1
2816870,1
2816871,1
2816897,1
2816898,1
2816900,1
2816901,1
2816902,1
2816903,1
2816904,1
2816905,1
2816906,1
2816907,1
2816908,1
2816909,1
2816910,1
2816911,1
2816912,1
2816913,1
2816914,1
2816915,1
2816916,1
2816917,1
2816918,1
2816919,1
2816920,1
2816921,1
2816969,1
2816970,1
2816971,1
2816983,1
2816984,1
2816990,1
2816991,1
2816992,1
2817009,1
2817010,1
2817011,1
2817012,1
2817013,1
2817014,1
2817015,1
2817016,1
2817022,1
2817023,1
2817024,1
2817025,1
2817026,1
2817027,1
2817028,1
2817029,1
2817030,1
2817031,1
2817032,1
2817033,1
2817034,1
2817035,1
2817036,1
2817037,1
2817044,1
2817045,1
2817046,1
2817050,1
2817052,1
2817053,1
2817059,1
2817060,1
2817061,1
2817066,1
2817072,1
2817078,1
2817079,1
2817080,1
2817081,1
2817082,1
2817083,1
2817084,1
2817521,1
2820481,1
2820482,1
2820485,1
2820486,1
2820487,1
2820488,1
2820489,1
2820512,1
2820513,1
2820514,1
2820515,1
2820516,1
2820517,1
2820518,1
2820519,1
2820520,1
2820521,1
2820522,1
2820523,1
2820524,1
2820525,1
2820526,1
2820527,1
2820528,1
2820529,1
2820530,1
2820531,1
2820532,1
2820533,1
2820534,1
2820535,1
2820536,1
2820537,1
2820538,1
2820586,1
2820587,1
2820588,1
2820589,1
2820590,1
2820591,1
2820607,1
2820608,1
2820609,1
2820625,1
2820626,1
2820627,1
2820628,1
2820629,1
2820630,1
2820631,1
2820632,1
2820637,1
2820638,1
2820639,1
2820640,1
2820641,1
2820642,1
2820643,1
2820644,1
2820646,1
2820647,1
2820662,1
2820667,1
2820668,1
2820669,1
2820670,1
2820671,1
2820676,1
2820677,1
2820678,1
2820683,1
2820685,1
2820686,1
2820687,1
2820688,1
2820689,1
2820690,1
2820695,1
2820696,1
2820697,1
2820699,1
2820700,1
2820701,1
2820702,1
2820703,1
2821138,1
2821147,1
2821148,1
2824098,1
2824099,1
2824100,1
2824102,1
2824103,1
2824104,1
2824105,1
2824106,1
2824129,1
2824130,1
2824131,1
2824132,1
2824133,1
2824134,1
2824135,1
2824136,1
2824137,1
2824138,1
2824139,1
2824140,1
2824141,1
2824142,1
2824143,1
2824144,1
2824145,1
2824146,1
2824147,1
2824148,1
2824149,1
2824150,1
2824151,1
2824152,1
2824153,1
2824154,1
2824197,1
2824203,1
2824204,1
2824205,1
2824206,1
2824207,1
2824213,1
2824214,1
2824225,1
2824226,1
2824241,1
2824242,1
2824243,1
2824244,1
2824245,1
2824246,1
2824247,1
2824248,1
2824249,1
2824253,1
2824254,1
2824255,1
2824256,1
2824257,1
2824258,1
2824259,1
2824285,1
2824286,1
2824287,1
2824288,1
2824293,1
2824294,1
2824295,1
2824300,1
2824301,1
2824302,1
2824303,1
2824304,1
2824305,1
2824306,1
2824307,1
2824310,1
2824311,1
2824312,1
2824313,1
2824314,1
2824317,1
2824318,1
2824319,1
2824320,1
2824755,1
2824764,1
2824765,1
2827715,1
2827716,1
2827717,1
2827718,1
2827719,1
2827720,1
2827721,1
2827722,1
2827723,1
2827724,1
2827725,1
2827726,1
2827746,1
2827747,1
2827748,1
2827749,1
2827750,1
2827751,1
2827752,1
2827753,1
2827754,1
2827755,1
2827756,1
2827757,1
2827758,1
2827759,1
2827760,1
2827761,1
2827762,1
2827763,1
2827764,1
2827765,1
2827766,1
2827767,1
2827768,1
2827769,1
2827770,1
2827771,1
2827816,1
2827820,1
2827821,1
2827822,1
2827831,1
2827839,1
2827859,1
2827860,1
2827861,1
2827862,1
2827863,1
2827864,1
2827865,1
2827870,1
2827871,1
2827872,1
2827873,1
2827874,1
2827875,1
2827876,1
2827902,1
2827903,1
2827904,1
2827905,1
2827910,1
2827911,1
2827912,1
2827915,1
2827916,1
2827917,1
2827918,1
2827919,1
2827920,1
2827921,1
2827922,1
2827923,1
2827924,1
2827927,1
2827929,1
2827930,1
2827931,1
2827934,1
2827935,1
2827936,1
2827937,1
2828333,1
2828334,1
2831331,1
2831332,1
2831333,1
2831334,1
2831335,1
2831336,1
2831337,1
2831338,1
2831339,1
2831340,1
2831341,1
2831342,1
2831343,1
2831344,1
2831345,1
2831364,1
2831365,1
2831366,1
2831367,1
2831368,1
2831369,1
2831370,1
2831371,1
2831372,1
2831373,1
2831374,1
2831375,1
2831376,1
2831377,1
2831378,1
2831379,1
2831380,1
2831381,1
2831382,1
2831383,1
2831384,1
2831385,1
2831386,1
2831387,1
2831433,1
2831435,1
2831436,1
2831441,1
2831475,1
2831476,1
2831477,1
2831478,1
2831479,1
2831480,1
2831481,1
2831482,1
2831487,1
2831488,1
2831489,1
2831490,1
2831491,1
2831492,1
2831509,1
2831520,1
2831521,1
2831522,1
2831527,1
2831528,1
2831531,1
2831532,1
2831533,1
2831534,1
2831535,1
2831539,1
2831541,1
2831542,1
2831543,1
2831545,1
2831547,1
2831548,1
2831551,1
2831552,1
2831553,1
2831554,1
2831555,1
2831950,1
2831951,1
2831981,1
2831982,1
2831986,1
2834948,1
2834949,1
2834950,1
2834951,1
2834952,1
2834953,1
2834954,1
2834955,1
2834956,1
2834957,1
2834958,1
2834959,1
2834960,1
2834961,1
2834962,1
2834963,1
2834980,1
2834981,1
2834982,1
2834983,1
2834984,1
2834985,1
2834986,1
2834987,1
2834988,1
2834989,1
2834990,1
2834991,1
2834992,1
2834993,1
2834994,1
2834995,1
2834996,1
2834997,1
2834998,1
2834999,1
2835000,1
2835001,1
2835002,1
2835003,1
2835004,1
2835005,1
2835012,1
2835050,1
2835052,1
2835053,1
2835055,1
2835056,1
2835057,1
2835058,1
2835067,1
2835068,1
2835069,1
2835070,1
2835071,1
2835092,1
2835093,1
2835094,1
2835095,1
2835096,1
2835097,1
2835098,1
2835103,1
2835104,1
2835105,1
2835106,1
2835107,1
2835125,1
2835126,1
2835127,1
2835135,1
2835136,1
2835137,1
2835138,1
2835144,1
2835145,1
2835148,1
2835149,1
2835150,1
2835151,1
2835157,1
2835158,1
2835159,1
2835160,1
2835161,1
2835162,1
2835163,1
2835164,1
2835165,1
2835166,1
2835168,1
2835169,1
2835170,1
2835171,1
2835172,1
2835173,1
2835598,1
2835599,1
2835600,1
2838565,1
2838566,1
2838567,1
2838568,1
2838569,1
2838571,1
2838572,1
2838573,1
2838574,1
2838575,1
2838576,1
2838577,1
2838578,1
2838579,1
2838580,1
2838596,1
2838597,1
2838598,1
2838599,1
2838600,1
2838601,1
2838602,1
2838603,1
2838604,1
2838605,1
2838606,1
2838607,1
2838608,1
2838609,1
2838610,1
2838611,1
2838612,1
2838613,1
2838614,1
2838615,1
2838616,1
2838617,1
2838618,1
2838619,1
2838620,1
2838621,1
2838622,1
2838629,1
2838668,1
2838672,1
2838673,1
2838674,1
2838675,1
2838684,1
2838685,1
2838686,1
2838687,1
2838688,1
2838709,1
2838710,1
2838711,1
2838712,1
2838713,1
2838714,1
2838715,1
2838717,1
2838719,1
2838720,1
2838721,1
2838722,1
2838723,1
2838724,1
2838742,1
2838743,1
2838744,1
2838752,1
2838761,1
2838762,1
2838765,1
2838766,1
2838767,1
2838774,1
2838775,1
2838776,1
2838779,1
2838780,1
2838782,1
2838783,1
2838784,1
2838785,1
2838786,1
2838787,1
2838788,1
2838790,1
2839216,1
2839217,1
2839218,1
2842181,1
2842182,1
2842183,1
2842184,1
2842185,1
2842186,1
2842187,1
2842188,1
2842189,1
2842190,1
2842191,1
2842192,1
2842193,1
2842194,1
2842195,1
2842196,1
2842214,1
2842215,1
2842216,1
2842217,1
2842218,1
2842219,1
2842220,1
2842221,1
2842222,1
2842223,1
2842224,1
2842225,1
2842226,1
2842227,1
2842228,1
2842229,1
2842230,1
2842231,1
2842232,1
2842233,1
2842234,1
2842235,1
2842236,1
2842237,1
2842238,1
2842239,1
2842289,1
2842290,1
2842291,1
2842292,1
2842293,1
2842303,1
2842304,1
2842305,1
2842325,1
2842326,1
2842327,1
2842328,1
2842329,1
2842330,1
2842331,1
2842334,1
2842335,1
2842336,1
2842340,1
2842341,1
2842359,1
2842360,1
2842369,1
2842378,1
2842379,1
2842382,1
2842383,1
2842391,1
2842392,1
2842396,1
2842398,1
2842400,1
2842401,1
2842403,1
2842404,1
2842407,1
2842408,1
2842751,1
2842752,1
2842833,1
2842834,1
2842835,1
2842836,1
2845798,1
2845799,1
2845800,1
2845801,1
2845802,1
2845803,1
2845804,1
2845805,1
2845806,1
2845807,1
2845808,1
2845809,1
2845810,1
2845811,1
2845812,1
2845830,1
2845831,1
2845832,1
2845833,1
2845834,1
2845835,1
2845836,1
2845837,1
2845838,1
2845839,1
2845840,1
2845841,1
2845842,1
2845843,1
2845844,1
2845845,1
2845846,1
2845847,1
2845848,1
2845849,1
2845850,1
2845851,1
2845852,1
2845853,1
2845854,1
2845855,1
2845856,1
2845906,1
2845907,1
2845908,1
2845942,1
2845943,1
2845944,1
2845945,1
2845946,1
2845947,1
2845948,1
2845950,1
2845951,1
2845952,1
2845953,1
2845975,1
2845976,1
2845977,1
2845986,1
2845995,1
2845996,1
2845999,1
2846000,1
2846009,1
2846016,1
2846020,1
2846021,1
2846022,1
2846024,1
2846025,1
2846370,1
2846371,1
2846451,1
2849414,1
2849415,1
2849416,1
2849417,1
2849418,1
2849419,1
2849420,1
2849421,1
2849422,1
2849423,1
2849424,1
2849425,1
2849426,1
2849427,1
2849428,1
2849429,1
2849447,1
2849448,1
2849449,1
2849450,1
2849451,1
2849452,1
2849453,1
2849454,1
2849455,1
2849456,1
2849457,1
2849458,1
2849459,1
2849460,1
2849461,1
2849462,1
2849463,1
2849464,1
2849465,1
2849466,1
2849467,1
2849468,1
2849469,1
2849470,1
2849471,1
2849472,1
2849523,1
2849524,1
2849525,1
2849559,1
2849560,1
2849561,1
2849562,1
2849563,1
2849564,1
2849568,1
2849569,1
2849591,1
2849592,1
2849593,1
2849594,1
2849603,1
2849604,1
2849612,1
2849613,1
2849616,1
2849617,1
2849618,1
2849624,1
2849625,1
2849626,1
2849633,1
2849636,1
2849637,1
2849638,1
2849639,1
2849640,1
2849641,1
2849642,1
2853031,1
2853032,1
2853033,1
2853034,1
2853035,1
2853036,1
2853037,1
2853038,1
2853039,1
2853040,1
2853041,1
2853042,1
2853043,1
2853044,1
2853045,1
2853046,1
2853064,1
2853065,1
2853066,1
2853067,1
2853068,1
2853069,1
2853070,1
2853071,1
2853072,1
2853073,1
2853074,1
2853075,1
2853076,1
2853077,1
2853078,1
2853079,1
2853080,1
2853081,1
2853082,1
2853083,1
2853084,1
2853085,1
2853086,1
2853087,1
2853088,1
2853089,1
2853141,1
2853175,1
2853176,1
2853177,1
2853178,1
2853179,1
2853180,1
2853185,1
2853209,1
2853221,1
2853229,1
2853230,1
2853232,1
2853233,1
2853234,1
2853236,1
2853239,1
2853240,1
2853241,1
2853242,1
2853250,1
2853251,1
2853254,1
2853255,1
2853256,1
2853257,1
2853258,1
2853259,1
2853693,1
2853694,1
2853695,1
2853696,1
2856648,1
2856649,1
2856650,1
2856651,1
2856652,1
2856653,1
2856654,1
2856655,1
2856656,1
2856657,1
2856658,1
2856659,1
2856660,1
2856661,1
2856662,1
2856663,1
2856678,1
2856679,1
2856680,1
2856681,1
2856682,1
2856683,1
2856684,1
2856685,1
2856686,1
2856687,1
2856688,1
2856689,1
2856690,1
2856691,1
2856692,1
2856693,1
2856694,1
2856695,1
2856696,1
2856697,1
2856698,1
2856699,1
2856700,1
2856701,1
2856702,1
2856703,1
2856704,1
2856705,1
2856706,1
2856707,1
2856792,1
2856793,1
2856794,1
2856795,1
2856796,1
2856797,1
2856802,1
2856826,1
2856827,1
2856839,1
2856847,1
2856849,1
2856850,1
2856851,1
2856852,1
2856853,1
2856854,1
2856855,1
2856856,1
2856857,1
2856868,1
2856873,1
2856874,1
2856875,1
2856876,1
2856877,1
2857310,1
2857311,1
2857312,1
2857313,1
2857314,1
2860264,1
2860265,1
2860266,1
2860267,1
2860268,1
2860269,1
2860270,1
2860271,1
2860272,1
2860273,1
2860274,1
2860275,1
2860276,1
2860277,1
2860278,1
2860279,1
2860280,1
2860295,1
2860296,1
2860297,1
2860298,1
2860299,1
2860300,1
2860301,1
2860302,1
2860303,1
2860304,1
2860305,1
2860306,1
2860307,1
2860308,1
2860309,1
2860310,1
2860311,1
2860312,1
2860313,1
2860314,1
2860315,1
2860316,1
2860317,1
2860318,1
2860319,1
2860320,1
2860321,1
2860322,1
2860323,1
2860324,1
2860401,1
2860408,1
2860409,1
2860410,1
2860411,1
2860412,1
2860413,1
2860419,1
2860456,1
2860457,1
2860464,1
2860466,1
2860470,1
2860471,1
2860485,1
2860491,1
2860492,1
2860493,1
2860494,1
2860927,1
2860928,1
2860929,1
2860930,1
2860931,1
2860932,1
2863881,1
2863882,1
2863883,1
2863884,1
2863885,1
2863886,1
2863887,1
2863888,1
2863889,1
2863890,1
2863891,1
2863892,1
2863893,1
2863894,1
2863895,1
2863896,1
2863897,1
2863898,1
2863912,1
2863913,1
2863914,1
2863915,1
2863916,1
2863917,1
2863918,1
2863919,1
2863920,1
2863921,1
2863922,1
2863923,1
2863924,1
2863925,1
2863926,1
2863927,1
2863928,1
2863929,1
2863930,1
2863931,1
2863932,1
2863933,1
2863934,1
2863935,1
2863936,1
2863937,1
2863938,1
2863939,1
2863940,1
2863941,1
2864023,1
2864024,1
2864025,1
2864026,1
2864027,1
2864028,1
2864029,1
2864030,1
2864035,1
2864036,1
2864074,1
2864075,1
2864076,1
2864082,1
2864083,1
2864085,1
2864086,1
2864103,1
2864109,1
2864110,1
2864111,1
2864112,1
2864514,1
2864515,1
2864516,1
2864517,1
2864518,1
2864519,1
2864520,1
2864521,1
2864544,1
2864545,1
2864546,1
2864547,1
2864548,1
2867497,1
2867498,1
2867499,1
2867500,1
2867501,1
2867502,1
2867503,1
2867504,1
2867505,1
2867506,1
2867507,1
2867508,1
2867509,1
2867510,1
2867511,1
2867512,1
2867513,1
2867514,1
2867515,1
2867527,1
2867528,1
2867529,1
2867530,1
2867531,1
2867532,1
2867533,1
2867534,1
2867535,1
2867536,1
2867537,1
2867538,1
2867539,1
2867540,1
2867541,1
2867542,1
2867543,1
2867544,1
2867545,1
2867546,1
2867547,1
2867548,1
2867549,1
2867550,1
2867551,1
2867552,1
2867553,1
2867554,1
2867555,1
2867556,1
2867557,1
2867558,1
2867640,1
2867641,1
2867642,1
2867643,1
2867644,1
2867645,1
2867651,1
2867652,1
2867653,1
2867654,1
2867673,1
2867674,1
2867694,1
2867699,1
2867700,1
2867701,1
2867703,1
2867712,1
2867713,1
2867714,1
2867720,1
2867726,1
2867727,1
2867728,1
2867729,1
2868132,1
2868133,1
2868134,1
2868135,1
2868136,1
2868137,1
2868138,1
2868139,1
2868163,1
2871114,1
2871115,1
2871116,1
2871117,1
2871118,1
2871119,1
2871120,1
2871121,1
2871122,1
2871123,1
2871124,1
2871125,1
2871126,1
2871127,1
2871128,1
2871129,1
2871130,1
2871131,1
2871132,1
2871142,1
2871143,1
2871144,1
2871145,1
2871146,1
2871147,1
2871148,1
2871149,1
2871150,1
2871151,1
2871152,1
2871153,1
2871154,1
2871155,1
2871156,1
2871157,1
2871158,1
2871159,1
2871160,1
2871161,1
2871162,1
2871163,1
2871164,1
2871165,1
2871166,1
2871167,1
2871168,1
2871169,1
2871170,1
2871171,1
2871172,1
2871173,1
2871174,1
2871257,1
2871258,1
2871259,1
2871260,1
2871261,1
2871267,1
2871268,1
2871269,1
2871270,1
2871271,1
2871311,1
2871312,1
2871316,1
2871317,1
2871320,1
2871321,1
2871329,1
2871331,1
2871332,1
2871338,1
2871345,1
2871346,1
2871736,1
2871737,1
2871751,1
2871752,1
2871753,1
2871754,1
2871755,1
2871756,1
2871757,1
2871780,1
2871781,1
2874730,1
2874731,1
2874732,1
2874733,1
2874734,1
2874735,1
2874736,1
2874737,1
2874738,1
2874739,1
2874740,1
2874741,1
2874742,1
2874743,1
2874744,1
2874745,1
2874746,1
2874747,1
2874748,1
2874749,1
2874757,1
2874758,1
2874759,1
2874760,1
2874761,1
2874762,1
2874763,1
2874764,1
2874765,1
2874766,1
2874767,1
2874768,1
2874769,1
2874770,1
2874771,1
2874772,1
2874773,1
2874774,1
2874775,1
2874776,1
2874777,1
2874778,1
2874779,1
2874780,1
2874781,1
2874782,1
2874783,1
2874784,1
2874785,1
2874786,1
2874787,1
2874789,1
2874790,1
2874791,1
2874866,1
2874874,1
2874875,1
2874876,1
2874877,1
2874878,1
2874882,1
2874883,1
2874884,1
2874885,1
2874886,1
2874887,1
2874888,1
2874929,1
2874933,1
2874934,1
2874935,1
2874937,1
2874938,1
2874946,1
2874947,1
2874949,1
2874952,1
2874953,1
2874955,1
2874962,1
2874963,1
2875353,1
2875354,1
2875368,1
2875369,1
2875370,1
2875371,1
2875372,1
2875373,1
2875374,1
2875397,1
2875398,1
2878347,1
2878348,1
2878349,1
2878350,1
2878351,1
2878352,1
2878353,1
2878354,1
2878355,1
2878356,1
2878357,1
2878358,1
2878359,1
2878360,1
2878361,1
2878362,1
2878363,1
2878364,1
2878365,1
2878366,1
2878373,1
2878374,1
2878375,1
2878376,1
2878377,1
2878378,1
2878379,1
2878380,1
2878381,1
2878382,1
2878383,1
2878384,1
2878385,1
2878386,1
2878387,1
2878388,1
2878389,1
2878390,1
2878391,1
2878392,1
2878393,1
2878394,1
2878395,1
2878396,1
2878397,1
2878398,1
2878399,1
2878400,1
2878401,1
2878402,1
2878403,1
2878404,1
2878405,1
2878406,1
2878407,1
2878408,1
2878409,1
2878455,1
2878484,1
2878485,1
2878490,1
2878491,1
2878492,1
2878493,1
2878499,1
2878500,1
2878501,1
2878502,1
2878503,1
2878546,1
2878547,1
2878548,1
2878549,1
2878550,1
2878551,1
2878553,1
2878554,1
2878564,1
2878565,1
2878566,1
2878567,1
2878569,1
2878570,1
2878571,1
2878572,1
2878580,1
2878581,1
2878817,1
2878818,1
2878971,1
2878987,1
2878988,1
2878989,1
2878990,1
2878991,1
2878992,1
2879015,1
2879016,1
2881963,1
2881964,1
2881965,1
2881966,1
2881967,1
2881968,1
2881969,1
2881970,1
2881971,1
2881972,1
2881973,1
2881974,1
2881975,1
2881976,1
2881977,1
2881978,1
2881979,1
2881980,1
2881981,1
2881982,1
2881983,1
2881990,1
2881991,1
2881992,1
2881993,1
2881994,1
2881995,1
2881996,1
2881997,1
2881998,1
2881999,1
2882000,1
2882001,1
2882002,1
2882003,1
2882004,1
2882005,1
2882006,1
2882007,1
2882008,1
2882009,1
2882010,1
2882011,1
2882012,1
2882013,1
2882014,1
2882015,1
2882016,1
2882017,1
2882018,1
2882019,1
2882020,1
2882021,1
2882022,1
2882023,1
2882024,1
2882025,1
2882026,1
2882106,1
2882107,1
2882108,1
2882109,1
2882110,1
2882116,1
2882117,1
2882118,1
2882134,1
2882135,1
2882167,1
2882182,1
2882185,1
2882186,1
2882198,1
2882434,1
2882435,1
2882436,1
2882589,1
2882590,1
2882595,1
2882608,1
2882609,1
2882610,1
2882640,1
2882641,1
2885579,1
2885580,1
2885581,1
2885582,1
2885583,1
2885584,1
2885585,1
2885586,1
2885587,1
2885588,1
2885589,1
2885590,1
2885591,1
2885592,1
2885593,1
2885594,1
2885595,1
2885596,1
2885597,1
2885598,1
2885599,1
2885600,1
2885607,1
2885608,1
2885609,1
2885610,1
2885611,1
2885612,1
2885613,1
2885614,1
2885615,1
2885616,1
2885617,1
2885618,1
2885619,1
2885620,1
2885621,1
2885622,1
2885623,1
2885624,1
2885625,1
2885626,1
2885627,1
2885628,1
2885629,1
2885630,1
2885631,1
2885632,1
2885633,1
2885634,1
2885635,1
2885636,1
2885637,1
2885638,1
2885639,1
2885640,1
2885641,1
2885642,1
2885643,1
2885692,1
2885693,1
2885699,1
2885716,1
2885722,1
2885723,1
2885724,1
2885725,1
2885726,1
2885732,1
2885733,1
2885734,1
2885751,1
2885784,1
2885786,1
2885799,1
2885803,1
2885815,1
2885816,1
2886050,1
2886051,1
2886052,1
2886053,1
2886225,1
2886226,1
2886227,1
2886257,1
2886258,1
2886259,1
2886260,1
2886261,1
2889195,1
2889196,1
2889197,1
2889198,1
2889199,1
2889200,1
2889201,1
2889202,1
2889203,1
2889204,1
2889205,1
2889206,1
2889207,1
2889208,1
2889209,1
2889210,1
2889211,1
2889212,1
2889213,1
2889214,1
2889215,1
2889216,1
2889217,1
2889223,1
2889224,1
2889225,1
2889226,1
2889227,1
2889228,1
2889229,1
2889230,1
2889231,1
2889232,1
2889233,1
2889234,1
2889235,1
2889236,1
2889237,1
2889238,1
2889239,1
2889240,1
2889241,1
2889242,1
2889243,1
2889244,1
2889245,1
2889246,1
2889247,1
2889248,1
2889249,1
2889250,1
2889251,1
2889252,1
2889253,1
2889254,1
2889255,1
2889256,1
2889257,1
2889258,1
2889259,1
2889260,1
2889310,1
2889311,1
2889312,1
2889340,1
2889341,1
2889342,1
2889343,1
2889348,1
2889349,1
2889350,1
2889351,1
2889401,1
2889402,1
2889403,1
2889404,1
2889416,1
2889432,1
2889433,1
2889665,1
2889666,1
2889667,1
2889668,1
2889669,1
2889670,1
2889671,1
2889689,1
2889690,1
2889691,1
2889843,1
2889844,1
2889845,1
2889875,1
2889876,1
2889877,1
2889878,1
2889879,1
2892811,1
2892812,1
2892813,1
2892814,1
2892815,1
2892816,1
2892817,1
2892818,1
2892819,1
2892820,1
2892821,1
2892822,1
2892823,1
2892824,1
2892825,1
2892826,1
2892827,1
2892828,1
2892829,1
2892830,1
2892831,1
2892832,1
2892833,1
2892834,1
2892835,1
2892839,1
2892840,1
2892841,1
2892842,1
2892843,1
2892844,1
2892845,1
2892846,1
2892847,1
2892848,1
2892849,1
2892850,1
2892851,1
2892852,1
2892854,1
2892855,1
2892856,1
2892857,1
2892858,1
2892859,1
2892860,1
2892861,1
2892862,1
2892863,1
2892864,1
2892865,1
2892866,1
2892867,1
2892868,1
2892869,1
2892870,1
2892871,1
2892872,1
2892873,1
2892874,1
2892875,1
2892876,1
2892877,1
2892956,1
2892957,1
2892958,1
2892959,1
2892965,1
2892966,1
2892967,1
2892968,1
2893019,1
2893021,1
2893022,1
2893023,1
2893024,1
2893029,1
2893030,1
2893031,1
2893033,1
2893049,1
2893050,1
2893273,1
2893274,1
2893281,1
2893282,1
2893283,1
2893284,1
2893285,1
2893286,1
2893287,1
2893288,1
2893305,1
2893306,1
2893307,1
2893308,1
2893461,1
2893462,1
2893493,1
2893494,1
2893495,1
2896428,1
2896429,1
2896430,1
2896431,1
2896432,1
2896433,1
2896434,1
2896435,1
2896436,1
2896437,1
2896438,1
2896439,1
2896440,1
2896441,1
2896442,1
2896443,1
2896444,1
2896445,1
2896446,1
2896447,1
2896448,1
2896449,1
2896450,1
2896451,1
2896456,1
2896457,1
2896458,1
2896459,1
2896460,1
2896461,1
2896462,1
2896463,1
2896464,1
2896465,1
2896466,1
2896467,1
2896468,1
2896469,1
2896470,1
2896471,1
2896472,1
2896473,1
2896474,1
2896475,1
2896476,1
2896477,1
2896478,1
2896479,1
2896480,1
2896481,1
2896482,1
2896483,1
2896484,1
2896485,1
2896486,1
2896487,1
2896488,1
2896489,1
2896490,1
2896491,1
2896492,1
2896493,1
2896494,1
2896573,1
2896574,1
2896575,1
2896576,1
2896579,1
2896580,1
2896581,1
2896582,1
2896583,1
2896584,1
2896585,1
2896636,1
2896639,1
2896641,1
2896646,1
2896647,1
2896648,1
2896649,1
2896650,1
2896665,1
2896666,1
2896667,1
2896890,1
2896891,1
2896898,1
2896899,1
2896900,1
2896901,1
2896902,1
2896903,1
2896904,1
2896905,1
2896906,1
2896907,1
2896922,1
2896923,1
2896924,1
2896925,1
2897110,1
2897111,1
2897112,1
2897113,1
2900044,1
2900045,1
2900046,1
2900047,1
2900048,1
2900049,1
2900050,1
2900051,1
2900052,1
2900053,1
2900054,1
2900055,1
2900056,1
2900057,1
2900058,1
2900059,1
2900060,1
2900061,1
2900062,1
2900063,1
2900064,1
2900065,1
2900066,1
2900067,1
2900068,1
2900069,1
2900070,1
2900071,1
2900072,1
2900073,1
2900074,1
2900075,1
2900076,1
2900077,1
2900078,1
2900079,1
2900080,1
2900081,1
2900082,1
2900083,1
2900084,1
2900085,1
2900086,1
2900087,1
2900088,1
2900089,1
2900090,1
2900091,1
2900092,1
2900093,1
2900094,1
2900095,1
2900096,1
2900097,1
2900098,1
2900099,1
2900100,1
2900101,1
2900102,1
2900103,1
2900104,1
2900105,1
2900106,1
2900107,1
2900108,1
2900109,1
2900110,1
2900111,1
2900112,1
2900190,1
2900191,1
2900192,1
2900193,1
2900196,1
2900197,1
2900198,1
2900199,1
2900200,1
2900201,1
2900202,1
2900250,1
2900251,1
2900252,1
2900253,1
2900259,1
2900263,1
2900266,1
2900267,1
2900282,1
2900284,1
2900285,1
2900507,1
2900508,1
2900509,1
2900515,1
2900516,1
2900517,1
2900518,1
2900519,1
2900520,1
2900521,1
2900522,1
2900523,1
2900524,1
2900533,1
2900535,1
2900536,1
2900537,1
2900539,1
2900540,1
2900541,1
2900729,1
2900730,1
2903660,1
2903661,1
2903662,1
2903663,1
2903664,1
2903665,1
2903666,1
2903667,1
2903668,1
2903669,1
2903670,1
2903671,1
2903672,1
2903673,1
2903674,1
2903675,1
2903676,1
2903677,1
2903678,1
2903679,1
2903680,1
2903681,1
2903682,1
2903683,1
2903684,1
2903685,1
2903686,1
2903687,1
2903688,1
2903689,1
2903690,1
2903691,1
2903692,1
2903693,1
2903694,1
2903695,1
2903696,1
2903697,1
2903698,1
2903699,1
2903700,1
2903701,1
2903702,1
2903703,1
2903704,1
2903705,1
2903706,1
2903707,1
2903708,1
2903709,1
2903710,1
2903711,1
2903712,1
2903713,1
2903714,1
2903715,1
2903716,1
2903717,1
2903718,1
2903719,1
2903720,1
2903721,1
2903722,1
2903723,1
2903724,1
2903725,1
2903726,1
2903727,1
2903728,1
2903729,1
2903806,1
2903807,1
2903808,1
2903809,1
2903812,1
2903813,1
2903814,1
2903815,1
2903816,1
2903817,1
2903818,1
2903819,1
2903820,1
2903867,1
2903876,1
2903877,1
2903880,1
2903902,1
2904120,1
2904125,1
2904126,1
2904153,1
2904154,1
2904155,1
2904347,1
2907275,1
2907276,1
2907277,1
2907278,1
2907279,1
2907280,1
2907281,1
2907282,1
2907283,1
2907284,1
2907285,1
2907286,1
2907287,1
2907288,1
2907289,1
2907290,1
2907291,1
2907292,1
2907293,1
2907294,1
2907295,1
2907296,1
2907297,1
2907298,1
2907299,1
2907300,1
2907301,1
2907302,1
2907303,1
2907304,1
2907305,1
2907306,1
2907307,1
2907308,1
2907309,1
2907310,1
2907311,1
2907312,1
2907313,1
2907314,1
2907315,1
2907316,1
2907317,1
2907318,1
2907319,1
2907320,1
2907321,1
2907322,1
2907323,1
2907324,1
2907325,1
2907326,1
2907327,1
2907328,1
2907329,1
2907330,1
2907331,1
2907332,1
2907333,1
2907334,1
2907335,1
2907336,1
2907337,1
2907338,1
2907339,1
2907340,1
2907341,1
2907342,1
2907343,1
2907344,1
2907345,1
2907346,1
2907423,1
2907424,1
2907425,1
2907426,1
2907428,1
2907429,1
2907430,1
2907431,1
2907432,1
2907433,1
2907434,1
2907435,1
2907484,1
2907494,1
2907497,1
2907519,1
2907742,1
2907743,1
2907927,1
2907963,1
2907964,1
2910858,1
2910859,1
2910860,1
2910891,1
2910892,1
2910893,1
2910894,1
2910895,1
2910896,1
2910897,1
2910898,1
2910899,1
2910900,1
2910901,1
2910902,1
2910903,1
2910904,1
2910905,1
2910906,1
2910907,1
2910908,1
2910909,1
2910910,1
2910911,1
2910912,1
2910913,1
2910914,1
2910915,1
2910916,1
2910917,1
2910918,1
2910919,1
2910920,1
2910921,1
2910922,1
2910923,1
2910924,1
2910925,1
2910926,1
2910927,1
2910928,1
2910929,1
2910930,1
2910931,1
2910932,1
2910933,1
2910934,1
2910935,1
2910936,1
2910937,1
2910938,1
2910939,1
2910940,1
2910941,1
2910942,1
2910943,1
2910944,1
2910945,1
2910946,1
2910947,1
2910948,1
2910949,1
2910950,1
2910951,1
2910952,1
2910953,1
2910954,1
2910955,1
2910956,1
2910957,1
2910958,1
2910959,1
2910960,1
2910961,1
2910962,1
2910963,1
2911040,1
2911041,1
2911042,1
2911043,1
2911044,1
2911046,1
2911047,1
2911048,1
2911049,1
2911050,1
2911051,1
2911052,1
2911053,1
2911101,1
2911111,1
2911113,1
2911114,1
2911136,1
2911137,1
2911358,1
2911359,1
2911360,1
2911543,1
2911544,1
2911545,1
2911580,1
2911581,1
2914475,1
2914476,1
2914477,1
2914507,1
2914508,1
2914509,1
2914510,1
2914511,1
2914512,1
2914513,1
2914514,1
2914515,1
2914516,1
2914517,1
2914518,1
2914519,1
2914520,1
2914521,1
2914522,1
2914523,1
2914524,1
2914525,1
2914526,1
2914527,1
2914528,1
2914529,1
2914530,1
2914531,1
2914532,1
2914533,1
2914534,1
2914535,1
2914536,1
2914537,1
2914538,1
2914539,1
2914540,1
2914541,1
2914542,1
2914543,1
2914544,1
2914545,1
2914546,1
2914547,1
2914548,1
2914549,1
2914550,1
2914551,1
2914552,1
2914553,1
2914554,1
2914555,1
2914556,1
2914557,1
2914558,1
2914559,1
2914560,1
2914561,1
2914562,1
2914563,1
2914564,1
2914565,1
2914566,1
2914567,1
2914568,1
2914569,1
2914570,1
2914571,1
2914572,1
2914573,1
2914574,1
2914575,1
2914576,1
2914577,1
2914578,1
2914579,1
2914580,1
2914657,1
2914658,1
2914659,1
2914660,1
2914661,1
2914663,1
2914664,1
2914665,1
2914666,1
2914667,1
2914668,1
2914669,1
2914670,1
2914715,1
2914716,1
2914718,1
2914719,1
2914728,1
2914729,1
2914730,1
2914731,1
2914754,1
2914973,1
2914975,1
2914976,1
2914977,1
2915197,1
2915198,1
2918092,1
2918093,1
2918094,1
2918123,1
2918124,1
2918125,1
2918126,1
2918127,1
2918128,1
2918129,1
2918130,1
2918131,1
2918132,1
2918133,1
2918134,1
2918135,1
2918136,1
2918137,1
2918138,1
2918139,1
2918140,1
2918141,1
2918142,1
2918143,1
2918144,1
2918145,1
2918146,1
2918147,1
2918148,1
2918149,1
2918150,1
2918151,1
2918152,1
2918153,1
2918154,1
2918155,1
2918156,1
2918157,1
2918158,1
2918159,1
2918160,1
2918161,1
2918162,1
2918163,1
2918164,1
2918165,1
2918166,1
2918167,1
2918168,1
2918169,1
2918170,1
2918171,1
2918172,1
2918173,1
2918174,1
2918175,1
2918176,1
2918177,1
2918178,1
2918179,1
2918180,1
2918181,1
2918182,1
2918183,1
2918184,1
2918185,1
2918186,1
2918187,1
2918188,1
2918189,1
2918190,1
2918191,1
2918192,1
2918193,1
2918194,1
2918195,1
2918196,1
2918197,1
2918274,1
2918275,1
2918276,1
2918277,1
2918278,1
2918279,1
2918280,1
2918281,1
2918282,1
2918283,1
2918284,1
2918285,1
2918287,1
2918288,1
2918330,1
2918331,1
2918332,1
2918333,1
2918334,1
2918345,1
2918371,1
2918575,1
2918576,1
2918577,1
2918578,1
2918580,1
2918583,1
2918584,1
2918585,1
2918586,1
2918592,1
2918593,1
2918594,1
2918595,1
2918784,1
2918785,1
2918786,1
2918815,1
2918816,1
2921707,1
2921711,1
2921738,1
2921739,1
2921740,1
2921741,1
2921742,1
2921743,1
2921744,1
2921745,1
2921746,1
2921747,1
2921748,1
2921749,1
2921750,1
2921751,1
2921752,1
2921753,1
2921754,1
2921755,1
2921756,1
2921757,1
2921758,1
2921759,1
2921760,1
2921761,1
2921762,1
2921763,1
2921764,1
2921765,1
2921766,1
2921767,1
2921768,1
2921769,1
2921770,1
2921771,1
2921772,1
2921773,1
2921774,1
2921775,1
2921776,1
2921777,1
2921778,1
2921779,1
2921780,1
2921781,1
2921782,1
2921783,1
2921784,1
2921785,1
2921786,1
2921787,1
2921788,1
2921789,1
2921790,1
2921791,1
2921792,1
2921793,1
2921794,1
2921795,1
2921796,1
2921797,1
2921798,1
2921799,1
2921800,1
2921801,1
2921802,1
2921803,1
2921804,1
2921805,1
2921806,1
2921807,1
2921808,1
2921809,1
2921810,1
2921811,1
2921812,1
2921813,1
2921814,1
2921891,1
2921892,1
2921893,1
2921895,1
2921896,1
2921897,1
2921898,1
2921899,1
2921900,1
2921901,1
2921902,1
2921903,1
2921904,1
2921905,1
2921906,1
2921946,1
2921947,1
2921961,1
2921988,1
2921989,1
2922190,1
2922191,1
2922192,1
2922193,1
2922199,1
2922200,1
2922201,1
2922202,1
2922209,1
2922210,1
2922211,1
2922212,1
2922402,1
2922403,1
2925324,1
2925326,1
2925327,1
2925328,1
2925329,1
2925330,1
2925353,1
2925354,1
2925355,1
2925356,1
2925357,1
2925358,1
2925359,1
2925360,1
2925361,1
2925362,1
2925363,1
2925364,1
2925365,1
2925366,1
2925367,1
2925368,1
2925369,1
2925370,1
2925371,1
2925372,1
2925373,1
2925374,1
2925375,1
2925376,1
2925377,1
2925378,1
2925379,1
2925380,1
2925381,1
2925382,1
2925383,1
2925384,1
2925385,1
2925386,1
2925387,1
2925388,1
2925389,1
2925390,1
2925391,1
2925392,1
2925393,1
2925394,1
2925395,1
2925396,1
2925397,1
2925398,1
2925399,1
2925400,1
2925401,1
2925402,1
2925403,1
2925404,1
2925405,1
2925406,1
2925407,1
2925408,1
2925409,1
2925410,1
2925411,1
2925412,1
2925413,1
2925414,1
2925415,1
2925416,1
2925417,1
2925418,1
2925419,1
2925420,1
2925421,1
2925422,1
2925423,1
2925424,1
2925425,1
2925426,1
2925427,1
2925428,1
2925429,1
2925430,1
2925431,1
2925508,1
2925509,1
2925510,1
2925512,1
2925513,1
2925514,1
2925515,1
2925516,1
2925517,1
2925518,1
2925519,1
2925520,1
2925521,1
2925522,1
2925527,1
2925562,1
2925577,1
2925605,1
2925606,1
2925822,1
2925823,1
2925824,1
2925825,1
2925826,1
2925827,1
2925828,1
2925829,1
2926020,1
2926021,1
2928941,1
2928943,1
2928944,1
2928945,1
2928946,1
2928947,1
2928948,1
2928968,1
2928969,1
2928970,1
2928971,1
2928972,1
2928973,1
2928974,1
2928975,1
2928976,1
2928977,1
2928978,1
2928979,1
2928980,1
2928981,1
2928982,1
2928983,1
2928984,1
2928985,1
2928986,1
2928987,1
2928988,1
2928989,1
2928990,1
2928991,1
2928992,1
2928993,1
2928994,1
2928995,1
2928996,1
2928997,1
2928998,1
2928999,1
2929000,1
2929001,1
2929002,1
2929003,1
2929004,1
2929005,1
2929006,1
2929007,1
2929008,1
2929009,1
2929010,1
2929011,1
2929012,1
2929013,1
2929014,1
2929015,1
2929016,1
2929017,1
2929018,1
2929019,1
2929020,1
2929021,1
2929022,1
2929023,1
2929024,1
2929025,1
2929026,1
2929027,1
2929028,1
2929029,1
2929030,1
2929031,1
2929032,1
2929033,1
2929034,1
2929035,1
2929036,1
2929037,1
2929038,1
2929039,1
2929040,1
2929041,1
2929042,1
2929043,1
2929044,1
2929045,1
2929046,1
2929047,1
2929048,1
2929049,1
2929125,1
2929126,1
2929127,1
2929129,1
2929130,1
2929131,1
2929132,1
2929133,1
2929134,1
2929135,1
2929136,1
2929137,1
2929142,1
2929179,1
2929222,1
2929223,1
2929440,1
2929441,1
2929443,1
2929444,1
2929445,1
2929446,1
2929638,1
2929639,1
2932558,1
2932560,1
2932561,1
2932562,1
2932563,1
2932564,1
2932565,1
2932583,1
2932584,1
2932585,1
2932586,1
2932587,1
2932588,1
2932589,1
2932590,1
2932591,1
2932592,1
2932593,1
2932594,1
2932595,1
2932596,1
2932597,1
2932598,1
2932599,1
2932600,1
2932601,1
2932602,1
2932603,1
2932604,1
2932605,1
2932606,1
2932607,1
2932608,1
2932609,1
2932610,1
2932611,1
2932612,1
2932613,1
2932614,1
2932615,1
2932616,1
2932617,1
2932618,1
2932619,1
2932620,1
2932621,1
2932622,1
2932623,1
2932624,1
2932625,1
2932626,1
2932627,1
2932628,1
2932629,1
2932630,1
2932631,1
2932632,1
2932633,1
2932634,1
2932635,1
2932636,1
2932637,1
2932638,1
2932639,1
2932640,1
2932641,1
2932642,1
2932643,1
2932644,1
2932645,1
2932646,1
2932647,1
2932648,1
2932649,1
2932650,1
2932651,1
2932652,1
2932653,1
2932654,1
2932655,1
2932656,1
2932657,1
2932658,1
2932659,1
2932660,1
2932661,1
2932662,1
2932663,1
2932664,1
2932665,1
2932666,1
2932742,1
2932743,1
2932744,1
2932746,1
2932747,1
2932748,1
2932749,1
2932750,1
2932751,1
2932752,1
2932753,1
2932754,1
2932759,1
2932795,1
2932796,1
2932810,1
2932811,1
2932839,1
2932840,1
2933057,1
2933058,1
2933061,1
2933062,1
2933063,1
2933256,1
2933257,1
2936175,1
2936176,1
2936177,1
2936178,1
2936179,1
2936180,1
2936181,1
2936182,1
2936183,1
2936184,1
2936197,1
2936198,1
2936199,1
2936200,1
2936201,1
2936202,1
2936203,1
2936204,1
2936205,1
2936206,1
2936207,1
2936208,1
2936209,1
2936210,1
2936211,1
2936212,1
2936213,1
2936214,1
2936215,1
2936216,1
2936217,1
2936218,1
2936219,1
2936220,1
2936221,1
2936222,1
2936223,1
2936224,1
2936225,1
2936226,1
2936227,1
2936228,1
2936229,1
2936230,1
2936231,1
2936232,1
2936233,1
2936234,1
2936235,1
2936236,1
2936237,1
2936238,1
2936239,1
2936240,1
2936241,1
2936242,1
2936243,1
2936244,1
2936245,1
2936246,1
2936247,1
2936248,1
2936249,1
2936250,1
2936251,1
2936252,1
2936253,1
2936254,1
2936255,1
2936256,1
2936257,1
2936258,1
2936259,1
2936260,1
2936261,1
2936262,1
2936263,1
2936264,1
2936265,1
2936266,1
2936267,1
2936268,1
2936269,1
2936270,1
2936271,1
2936272,1
2936273,1
2936274,1
2936275,1
2936276,1
2936277,1
2936278,1
2936279,1
2936280,1
2936281,1
2936282,1
2936283,1
2936360,1
2936361,1
2936362,1
2936363,1
2936364,1
2936365,1
2936366,1
2936367,1
2936368,1
2936369,1
2936370,1
2936371,1
2936372,1
2936373,1
2936375,1
2936376,1
2936377,1
2936378,1
2936412,1
2936418,1
2936419,1
2936420,1
2936427,1
2936428,1
2936429,1
2936458,1
2936679,1
2936685,1
2936686,1
2936687,1
2936873,1
2936880,1
2939792,1
2939793,1
2939794,1
2939795,1
2939796,1
2939797,1
2939798,1
2939799,1
2939800,1
2939802,1
2939814,1
2939815,1
2939816,1
2939817,1
2939818,1
2939819,1
2939820,1
2939821,1
2939822,1
2939823,1
2939824,1
2939825,1
2939826,1
2939827,1
2939828,1
2939829,1
2939830,1
2939831,1
2939832,1
2939833,1
2939834,1
2939835,1
2939836,1
2939837,1
2939838,1
2939839,1
2939840,1
2939841,1
2939842,1
2939843,1
2939844,1
2939845,1
2939846,1
2939847,1
2939848,1
2939849,1
2939850,1
2939851,1
2939852,1
2939853,1
2939854,1
2939855,1
2939856,1
2939857,1
2939858,1
2939859,1
2939860,1
2939861,1
2939862,1
2939863,1
2939864,1
2939865,1
2939866,1
2939867,1
2939868,1
2939869,1
2939870,1
2939871,1
2939872,1
2939873,1
2939874,1
2939875,1
2939876,1
2939877,1
2939878,1
2939879,1
2939880,1
2939881,1
2939882,1
2939883,1
2939884,1
2939885,1
2939886,1
2939887,1
2939888,1
2939889,1
2939890,1
2939891,1
2939892,1
2939893,1
2939894,1
2939895,1
2939896,1
2939897,1
2939898,1
2939899,1
2939900,1
2939976,1
2939977,1
2939978,1
2939979,1
2939980,1
2939981,1
2939982,1
2939983,1
2939984,1
2939985,1
2939986,1
2939987,1
2939988,1
2939989,1
2939990,1
2939991,1
2939992,1
2939993,1
2939994,1
2940030,1
2940034,1
2940035,1
2940036,1
2940040,1
2940044,1
2940046,1
2940047,1
2940048,1
2940075,1
2940288,1
2940303,1
2940325,1
2940326,1
2940327,1
2940328,1
2940497,1
2940498,1
2943409,1
2943410,1
2943411,1
2943412,1
2943413,1
2943414,1
2943415,1
2943416,1
2943417,1
2943418,1
2943419,1
2943432,1
2943433,1
2943434,1
2943435,1
2943436,1
2943437,1
2943438,1
2943439,1
2943440,1
2943441,1
2943442,1
2943443,1
2943444,1
2943445,1
2943446,1
2943447,1
2943448,1
2943449,1
2943450,1
2943451,1
2943452,1
2943453,1
2943454,1
2943455,1
2943456,1
2943457,1
2943458,1
2943459,1
2943460,1
2943461,1
2943462,1
2943463,1
2943464,1
2943465,1
2943466,1
2943467,1
2943468,1
2943469,1
2943470,1
2943471,1
2943472,1
2943473,1
2943474,1
2943475,1
2943476,1
2943477,1
2943478,1
2943479,1
2943480,1
2943481,1
2943482,1
2943483,1
2943484,1
2943485,1
2943486,1
2943487,1
2943488,1
2943489,1
2943490,1
2943491,1
2943492,1
2943493,1
2943494,1
2943495,1
2943496,1
2943497,1
2943498,1
2943499,1
2943500,1
2943501,1
2943502,1
2943503,1
2943504,1
2943505,1
2943506,1
2943507,1
2943508,1
2943509,1
2943510,1
2943511,1
2943512,1
2943513,1
2943514,1
2943515,1
2943516,1
2943517,1
2943592,1
2943593,1
2943594,1
2943595,1
2943596,1
2943597,1
2943598,1
2943599,1
2943600,1
2943601,1
2943602,1
2943603,1
2943604,1
2943605,1
2943606,1
2943607,1
2943608,1
2943609,1
2943610,1
2943647,1
2943651,1
2943652,1
2943653,1
2943654,1
2943657,1
2943661,1
2943666,1
2943692,1
2943693,1
2943888,1
2943889,1
2943905,1
2943906,1
2943909,1
2943919,1
2943920,1
2943942,1
2943943,1
2943944,1
2943945,1
2944113,1
2944114,1
2944115,1
2947026,1
2947027,1
2947028,1
2947029,1
2947030,1
2947031,1
2947032,1
2947033,1
2947034,1
2947036,1
2947037,1
2947049,1
2947050,1
2947051,1
2947052,1
2947053,1
2947054,1
2947055,1
2947056,1
2947057,1
2947058,1
2947059,1
2947060,1
2947061,1
2947062,1
2947063,1
2947064,1
2947065,1
2947066,1
2947067,1
2947068,1
2947069,1
2947070,1
2947071,1
2947072,1
2947073,1
2947074,1
2947075,1
2947076,1
2947077,1
2947078,1
2947079,1
2947080,1
2947081,1
2947082,1
2947083,1
2947084,1
2947085,1
2947086,1
2947087,1
2947088,1
2947089,1
2947090,1
2947091,1
2947092,1
2947093,1
2947094,1
2947095,1
2947096,1
2947097,1
2947098,1
2947099,1
2947100,1
2947101,1
2947102,1
2947103,1
2947104,1
2947105,1
2947106,1
2947107,1
2947108,1
2947109,1
2947110,1
2947111,1
2947112,1
2947113,1
2947114,1
2947115,1
2947116,1
2947117,1
2947118,1
2947119,1
2947120,1
2947121,1
2947122,1
2947123,1
2947124,1
2947125,1
2947126,1
2947127,1
2947128,1
2947129,1
2947130,1
2947131,1
2947132,1
2947133,1
2947134,1
2947208,1
2947209,1
2947210,1
2947211,1
2947212,1
2947213,1
2947214,1
2947215,1
2947216,1
2947217,1
2947218,1
2947219,1
2947220,1
2947221,1
2947222,1
2947223,1
2947224,1
2947225,1
2947226,1
2947228,1
2947231,1
2947263,1
2947264,1
2947268,1
2947269,1
2947270,1
2947271,1
2947272,1
2947274,1
2947276,1
2947278,1
2947284,1
2947310,1
2947488,1
2947489,1
2947490,1
2947505,1
2947506,1
2947523,1
2947558,1
2947559,1
2947560,1
2947561,1
2947562,1
2947563,1
2947727,1
2947728,1
2947729,1
2947730,1
2947731,1
2950643,1
2950644,1
2950645,1
2950646,1
2950647,1
2950648,1
2950649,1
2950650,1
2950651,1
2950652,1
2950653,1
2950654,1
2950666,1
2950667,1
2950668,1
2950669,1
2950670,1
2950671,1
2950672,1
2950673,1
2950674,1
2950675,1
2950676,1
2950677,1
2950678,1
2950679,1
2950680,1
2950681,1
2950682,1
2950683,1
2950684,1
2950685,1
2950686,1
2950687,1
2950688,1
2950689,1
2950690,1
2950691,1
2950692,1
2950693,1
2950694,1
2950695,1
2950696,1
2950697,1
2950698,1
2950699,1
2950700,1
2950701,1
2950702,1
2950703,1
2950704,1
2950705,1
2950706,1
2950707,1
2950708,1
2950709,1
2950710,1
2950711,1
2950712,1
2950713,1
2950714,1
2950715,1
2950716,1
2950717,1
2950718,1
2950719,1
2950720,1
2950721,1
2950722,1
2950723,1
2950724,1
2950725,1
2950726,1
2950727,1
2950728,1
2950729,1
2950730,1
2950731,1
2950732,1
2950733,1
2950734,1
2950735,1
2950736,1
2950737,1
2950738,1
2950739,1
2950740,1
2950741,1
2950742,1
2950743,1
2950744,1
2950745,1
2950746,1
2950747,1
2950748,1
2950749,1
2950750,1
2950751,1
2950825,1
2950826,1
2950827,1
2950828,1
2950829,1
2950830,1
2950831,1
2950832,1
2950833,1
2950834,1
2950835,1
2950836,1
2950837,1
2950838,1
2950839,1
2950840,1
2950841,1
2950842,1
2950843,1
2950845,1
2950848,1
2950880,1
2950881,1
2950885,1
2950886,1
2950887,1
2950888,1
2950890,1
2950891,1
2950892,1
2950893,1
2950895,1
2950896,1
2950901,1
2950902,1
2950926,1
2950927,1
2951105,1
2951106,1
2951107,1
2951122,1
2951123,1
2951140,1
2951151,1
2951152,1
2951175,1
2951176,1
2951177,1
2951178,1
2951179,1
2951180,1
2951344,1
2951345,1
2951346,1
2951347,1
2951348,1
2951349,1
2954261,1
2954262,1
2954263,1
2954264,1
2954265,1
2954266,1
2954267,1
2954268,1
2954269,1
2954270,1
2954271,1
2954272,1
2954284,1
2954285,1
2954286,1
2954287,1
2954288,1
2954289,1
2954290,1
2954291,1
2954292,1
2954293,1
2954294,1
2954295,1
2954296,1
2954297,1
2954298,1
2954299,1
2954300,1
2954301,1
2954302,1
2954303,1
2954304,1
2954305,1
2954306,1
2954307,1
2954308,1
2954309,1
2954310,1
2954311,1
2954312,1
2954313,1
2954314,1
2954315,1
2954316,1
2954317,1
2954318,1
2954319,1
2954320,1
2954321,1
2954322,1
2954323,1
2954324,1
2954325,1
2954326,1
2954327,1
2954328,1
2954329,1
2954330,1
2954331,1
2954332,1
2954333,1
2954334,1
2954335,1
2954336,1
2954337,1
2954338,1
2954339,1
2954340,1
2954341,1
2954342,1
2954343,1
2954344,1
2954345,1
2954346,1
2954347,1
2954348,1
2954349,1
2954350,1
2954351,1
2954352,1
2954353,1
2954354,1
2954355,1
2954356,1
2954357,1
2954358,1
2954359,1
2954360,1
2954361,1
2954362,1
2954363,1
2954364,1
2954365,1
2954366,1
2954367,1
2954368,1
2954369,1
2954441,1
2954442,1
2954443,1
2954444,1
2954445,1
2954446,1
2954447,1
2954449,1
2954451,1
2954452,1
2954453,1
2954454,1
2954455,1
2954456,1
2954457,1
2954458,1
2954459,1
2954460,1
2954461,1
2954462,1
2954465,1
2954495,1
2954497,1
2954498,1
2954502,1
2954503,1
2954504,1
2954505,1
2954507,1
2954508,1
2954509,1
2954511,1
2954512,1
2954519,1
2954536,1
2954544,1
2954715,1
2954716,1
2954722,1
2954723,1
2954747,1
2954768,1
2954769,1
2954770,1
2954791,1
2954792,1
2954794,1
2954795,1
2954796,1
2954797,1
2954962,1
2954963,1
2954964,1
2954965,1
2957878,1
2957879,1
2957880,1
2957881,1
2957882,1
2957883,1
2957884,1
2957885,1
2957886,1
2957887,1
2957888,1
2957889,1
2957890,1
2957901,1
2957902,1
2957903,1
2957904,1
2957905,1
2957906,1
2957907,1
2957908,1
2957909,1
2957910,1
2957911,1
2957912,1
2957913,1
2957914,1
2957915,1
2957916,1
2957917,1
2957918,1
2957919,1
2957920,1
2957921,1
2957922,1
2957923,1
2957924,1
2957925,1
2957926,1
2957927,1
2957928,1
2957929,1
2957930,1
2957931,1
2957932,1
2957933,1
2957934,1
2957935,1
2957936,1
2957937,1
2957938,1
2957939,1
2957940,1
2957941,1
2957942,1
2957943,1
2957944,1
2957945,1
2957946,1
2957947,1
2957948,1
2957949,1
2957950,1
2957951,1
2957952,1
2957953,1
2957954,1
2957955,1
2957956,1
2957957,1
2957958,1
2957959,1
2957960,1
2957961,1
2957962,1
2957963,1
2957964,1
2957965,1
2957966,1
2957967,1
2957968,1
2957969,1
2957970,1
2957971,1
2957972,1
2957973,1
2957974,1
2957975,1
2957976,1
2957977,1
2957978,1
2957979,1
2957980,1
2957981,1
2957982,1
2957983,1
2957984,1
2957985,1
2957986,1
2958057,1
2958058,1
2958059,1
2958060,1
2958061,1
2958062,1
2958063,1
2958065,1
2958068,1
2958069,1
2958070,1
2958071,1
2958072,1
2958073,1
2958074,1
2958075,1
2958076,1
2958077,1
2958078,1
2958079,1
2958080,1
2958112,1
2958114,1
2958118,1
2958119,1
2958120,1
2958121,1
2958122,1
2958123,1
2958124,1
2958125,1
2958126,1
2958135,1
2958136,1
2958152,1
2958153,1
2958161,1
2958339,1
2958386,1
2958387,1
2958388,1
2958408,1
2958409,1
2958410,1
2958411,1
2958412,1
2958413,1
2958414,1
2958580,1
2958581,1
2958582,1
2958604,1
2958610,1
2961495,1
2961496,1
2961497,1
2961498,1
2961499,1
2961500,1
2961501,1
2961502,1
2961503,1
2961504,1
2961505,1
2961506,1
2961507,1
2961508,1
2961519,1
2961520,1
2961521,1
2961522,1
2961523,1
2961524,1
2961525,1
2961526,1
2961527,1
2961528,1
2961529,1
2961530,1
2961531,1
2961532,1
2961533,1
2961534,1
2961535,1
2961536,1
2961537,1
2961538,1
2961539,1
2961540,1
2961541,1
2961542,1
2961543,1
2961544,1
2961545,1
2961546,1
2961547,1
2961548,1
2961549,1
2961550,1
2961551,1
2961552,1
2961553,1
2961554,1
2961555,1
2961556,1
2961557,1
2961558,1
2961559,1
2961560,1
2961561,1
2961562,1
2961563,1
2961564,1
2961565,1
2961566,1
2961567,1
2961568,1
2961569,1
2961570,1
2961571,1
2961572,1
2961573,1
2961574,1
2961575,1
2961576,1
2961577,1
2961578,1
2961579,1
2961580,1
2961581,1
2961582,1
2961583,1
2961584,1
2961585,1
2961586,1
2961587,1
2961588,1
2961589,1
2961590,1
2961591,1
2961592,1
2961593,1
2961594,1
2961595,1
2961596,1
2961597,1
2961598,1
2961599,1
2961600,1
2961601,1
2961602,1
2961603,1
2961673,1
2961674,1
2961675,1
2961676,1
2961677,1
2961678,1
2961679,1
2961680,1
2961681,1
2961682,1
2961685,1
2961686,1
2961687,1
2961688,1
2961689,1
2961690,1
2961691,1
2961692,1
2961693,1
2961694,1
2961695,1
2961696,1
2961697,1
2961729,1
2961730,1
2961731,1
2961735,1
2961736,1
2961737,1
2961738,1
2961752,1
2961753,1
2961770,1
2961778,1
2962005,1
2962006,1
2962030,1
2962031,1
2962221,1
2962222,1
2962223,1
2962224,1
2962225,1
2962226,1
2962227,1
2962228,1
2962229,1
2962230,1
2962231,1
2965112,1
2965113,1
2965114,1
2965115,1
2965116,1
2965117,1
2965118,1
2965119,1
2965120,1
2965121,1
2965122,1
2965123,1
2965124,1
2965125,1
2965126,1
2965137,1
2965138,1
2965139,1
2965140,1
2965141,1
2965142,1
2965143,1
2965144,1
2965145,1
2965146,1
2965147,1
2965148,1
2965149,1
2965150,1
2965151,1
2965152,1
2965153,1
2965154,1
2965155,1
2965156,1
2965157,1
2965158,1
2965159,1
2965160,1
2965161,1
2965162,1
2965163,1
2965164,1
2965165,1
2965166,1
2965167,1
2965168,1
2965169,1
2965170,1
2965171,1
2965172,1
2965173,1
2965174,1
2965175,1
2965176,1
2965177,1
2965178,1
2965179,1
2965180,1
2965181,1
2965182,1
2965183,1
2965184,1
2965185,1
2965186,1
2965187,1
2965188,1
2965189,1
2965190,1
2965191,1
2965192,1
2965193,1
2965194,1
2965195,1
2965196,1
2965197,1
2965198,1
2965199,1
2965200,1
2965201,1
2965202,1
2965203,1
2965204,1
2965205,1
2965206,1
2965207,1
2965208,1
2965209,1
2965210,1
2965211,1
2965212,1
2965213,1
2965214,1
2965215,1
2965216,1
2965217,1
2965218,1
2965219,1
2965220,1
2965289,1
2965290,1
2965291,1
2965292,1
2965293,1
2965294,1
2965295,1
2965296,1
2965297,1
2965298,1
2965299,1
2965300,1
2965301,1
2965302,1
2965303,1
2965304,1
2965305,1
2965306,1
2965307,1
2965308,1
2965309,1
2965310,1
2965311,1
2965312,1
2965313,1
2965314,1
2965315,1
2965346,1
2965347,1
2965348,1
2965352,1
2965353,1
2965354,1
2965355,1
2965368,1
2965369,1
2965387,1
2965388,1
2965394,1
2965395,1
2965570,1
2965571,1
2965619,1
2965620,1
2965647,1
2965648,1
2965649,1
2965706,1
2965707,1
2965711,1
2965838,1
2965839,1
2965840,1
2965841,1
2965842,1
2965843,1
2965844,1
2965845,1
2965846,1
2965847,1
2965848,1
2968729,1
2968730,1
2968731,1
2968732,1
2968733,1
2968734,1
2968735,1
2968736,1
2968737,1
2968738,1
2968739,1
2968740,1
2968741,1
2968742,1
2968743,1
2968755,1
2968756,1
2968757,1
2968758,1
2968759,1
2968760,1
2968761,1
2968762,1
2968763,1
2968764,1
2968765,1
2968766,1
2968767,1
2968768,1
2968769,1
2968770,1
2968771,1
2968772,1
2968773,1
2968774,1
2968775,1
2968776,1
2968777,1
2968778,1
2968779,1
2968780,1
2968781,1
2968782,1
2968783,1
2968784,1
2968785,1
2968786,1
2968787,1
2968788,1
2968789,1
2968790,1
2968791,1
2968792,1
2968793,1
2968794,1
2968795,1
2968796,1
2968797,1
2968798,1
2968799,1
2968800,1
2968801,1
2968802,1
2968803,1
2968804,1
2968805,1
2968806,1
2968807,1
2968808,1
2968809,1
2968810,1
2968811,1
2968812,1
2968813,1
2968814,1
2968815,1
2968816,1
2968817,1
2968818,1
2968819,1
2968820,1
2968821,1
2968822,1
2968823,1
2968824,1
2968825,1
2968826,1
2968827,1
2968828,1
2968829,1
2968830,1
2968831,1
2968832,1
2968833,1
2968834,1
2968835,1
2968836,1
2968837,1
2968838,1
2968905,1
2968906,1
2968907,1
2968908,1
2968909,1
2968910,1
2968911,1
2968912,1
2968913,1
2968915,1
2968916,1
2968917,1
2968918,1
2968919,1
2968920,1
2968921,1
2968922,1
2968923,1
2968924,1
2968925,1
2968926,1
2968927,1
2968928,1
2968929,1
2968930,1
2968932,1
2968962,1
2968963,1
2968964,1
2968965,1
2968969,1
2968970,1
2968971,1
2968972,1
2968985,1
2968986,1
2969002,1
2969003,1
2969004,1
2969005,1
2969011,1
2969237,1
2969265,1
2969271,1
2969326,1
2969327,1
2969328,1
2969329,1
2969457,1
2969458,1
2969460,1
2969461,1
2969462,1
2969463,1
2972346,1
2972347,1
2972348,1
2972349,1
2972350,1
2972351,1
2972352,1
2972353,1
2972354,1
2972355,1
2972356,1
2972357,1
2972358,1
2972359,1
2972360,1
2972373,1
2972374,1
2972375,1
2972376,1
2972378,1
2972379,1
2972380,1
2972381,1
2972382,1
2972383,1
2972384,1
2972385,1
2972386,1
2972387,1
2972388,1
2972389,1
2972390,1
2972391,1
2972392,1
2972393,1
2972394,1
2972395,1
2972396,1
2972397,1
2972398,1
2972399,1
2972400,1
2972401,1
2972402,1
2972403,1
2972404,1
2972405,1
2972406,1
2972407,1
2972408,1
2972409,1
2972410,1
2972411,1
2972412,1
2972413,1
2972414,1
2972415,1
2972416,1
2972417,1
2972418,1
2972419,1
2972420,1
2972421,1
2972422,1
2972423,1
2972424,1
2972425,1
2972426,1
2972427,1
2972428,1
2972429,1
2972430,1
2972431,1
2972432,1
2972433,1
2972434,1
2972435,1
2972436,1
2972437,1
2972438,1
2972439,1
2972440,1
2972441,1
2972442,1
2972443,1
2972444,1
2972445,1
2972446,1
2972447,1
2972448,1
2972449,1
2972450,1
2972451,1
2972452,1
2972453,1
2972454,1
2972455,1
2972522,1
2972523,1
2972524,1
2972525,1
2972526,1
2972527,1
2972528,1
2972529,1
2972530,1
2972532,1
2972533,1
2972536,1
2972537,1
2972538,1
2972539,1
2972540,1
2972541,1
2972542,1
2972543,1
2972544,1
2972545,1
2972546,1
2972547,1
2972548,1
2972549,1
2972579,1
2972580,1
2972581,1
2972582,1
2972583,1
2972585,1
2972586,1
2972587,1
2972588,1
2972589,1
2972602,1
2972619,1
2972620,1
2972622,1
2972623,1
2972627,1
2972628,1
2972854,1
2972882,1
2972888,1
2972943,1
2972946,1
2973079,1
2973080,1
2975963,1
2975964,1
2975965,1
2975966,1
2975967,1
2975968,1
2975969,1
2975970,1
2975971,1
2975972,1
2975973,1
2975974,1
2975975,1
2975976,1
2975977,1
2975978,1
2975997,1
2975998,1
2975999,1
2976000,1
2976001,1
2976002,1
2976003,1
2976004,1
2976005,1
2976006,1
2976007,1
2976008,1
2976009,1
2976010,1
2976011,1
2976012,1
2976013,1
2976014,1
2976015,1
2976016,1
2976017,1
2976018,1
2976019,1
2976020,1
2976021,1
2976022,1
2976023,1
2976024,1
2976025,1
2976026,1
2976027,1
2976028,1
2976029,1
2976030,1
2976031,1
2976032,1
2976033,1
2976034,1
2976035,1
2976036,1
2976037,1
2976038,1
2976039,1
2976040,1
2976041,1
2976042,1
2976043,1
2976044,1
2976045,1
2976046,1
2976047,1
2976048,1
2976049,1
2976050,1
2976051,1
2976052,1
2976053,1
2976054,1
2976055,1
2976056,1
2976057,1
2976058,1
2976059,1
2976060,1
2976061,1
2976062,1
2976063,1
2976064,1
2976065,1
2976066,1
2976067,1
2976068,1
2976069,1
2976070,1
2976071,1
2976072,1
2976137,1
2976138,1
2976139,1
2976140,1
2976141,1
2976142,1
2976143,1
2976144,1
2976145,1
2976146,1
2976147,1
2976149,1
2976150,1
2976151,1
2976153,1
2976154,1
2976155,1
2976156,1
2976157,1
2976158,1
2976159,1
2976160,1
2976161,1
2976162,1
2976163,1
2976164,1
2976165,1
2976166,1
2976195,1
2976197,1
2976198,1
2976199,1
2976200,1
2976201,1
2976202,1
2976203,1
2976204,1
2976205,1
2976235,1
2976237,1
2976238,1
2976239,1
2976240,1
2976241,1
2976243,1
2976244,1
2976471,1
2976472,1
2976473,1
2976506,1
2976507,1
2976559,1
2976560,1
2976561,1
2976563,1
2976564,1
2979580,1
2979581,1
2979582,1
2979583,1
2979584,1
2979585,1
2979586,1
2979587,1
2979588,1
2979589,1
2979590,1
2979591,1
2979592,1
2979593,1
2979594,1
2979595,1
2979596,1
2979615,1
2979616,1
2979617,1
2979618,1
2979619,1
2979620,1
2979621,1
2979622,1
2979623,1
2979624,1
2979625,1
2979626,1
2979627,1
2979628,1
2979629,1
2979630,1
2979631,1
2979632,1
2979633,1
2979634,1
2979635,1
2979636,1
2979637,1
2979638,1
2979639,1
2979640,1
2979641,1
2979642,1
2979643,1
2979644,1
2979645,1
2979646,1
2979647,1
2979648,1
2979649,1
2979650,1
2979651,1
2979652,1
2979653,1
2979654,1
2979655,1
2979656,1
2979657,1
2979658,1
2979659,1
2979660,1
2979661,1
2979662,1
2979663,1
2979664,1
2979665,1
2979666,1
2979667,1
2979668,1
2979669,1
2979670,1
2979671,1
2979672,1
2979673,1
2979674,1
2979675,1
2979676,1
2979677,1
2979678,1
2979679,1
2979680,1
2979681,1
2979682,1
2979683,1
2979684,1
2979685,1
2979686,1
2979687,1
2979688,1
2979689,1
2979690,1
2979754,1
2979755,1
2979756,1
2979757,1
2979758,1
2979759,1
2979760,1
2979761,1
2979762,1
2979763,1
2979764,1
2979767,1
2979771,1
2979772,1
2979773,1
2979774,1
2979775,1
2979776,1
2979777,1
2979778,1
2979779,1
2979780,1
2979781,1
2979782,1
2979783,1
2979784,1
2979808,1
2979809,1
2979810,1
2979811,1
2979812,1
2979813,1
2979814,1
2979815,1
2979816,1
2979817,1
2979818,1
2979819,1
2979820,1
2979821,1
2979822,1
2979837,1
2979852,1
2979858,1
2979861,1
2980089,1
2980090,1
2980091,1
2980176,1
2980177,1
2980178,1
2980179,1
2980180,1
2983197,1
2983198,1
2983199,1
2983200,1
2983201,1
2983202,1
2983203,1
2983204,1
2983205,1
2983206,1
2983207,1
2983208,1
2983209,1
2983210,1
2983211,1
2983212,1
2983213,1
2983214,1
2983232,1
2983233,1
2983234,1
2983235,1
2983236,1
2983237,1
2983238,1
2983239,1
2983240,1
2983241,1
2983242,1
2983243,1
2983244,1
2983245,1
2983246,1
2983247,1
2983248,1
2983249,1
2983250,1
2983251,1
2983252,1
2983253,1
2983254,1
2983255,1
2983256,1
2983257,1
2983258,1
2983259,1
2983260,1
2983261,1
2983262,1
2983263,1
2983264,1
2983265,1
2983266,1
2983267,1
2983268,1
2983269,1
2983270,1
2983271,1
2983272,1
2983273,1
2983274,1
2983275,1
2983276,1
2983277,1
2983278,1
2983279,1
2983280,1
2983281,1
2983282,1
2983283,1
2983284,1
2983285,1
2983286,1
2983287,1
2983288,1
2983289,1
2983290,1
2983291,1
2983292,1
2983293,1
2983294,1
2983295,1
2983296,1
2983297,1
2983298,1
2983299,1
2983300,1
2983301,1
2983302,1
2983303,1
2983304,1
2983305,1
2983306,1
2983307,1
2983370,1
2983371,1
2983372,1
2983373,1
2983374,1
2983375,1
2983376,1
2983377,1
2983378,1
2983379,1
2983380,1
2983381,1
2983383,1
2983384,1
2983388,1
2983389,1
2983390,1
2983391,1
2983392,1
2983393,1
2983394,1
2983395,1
2983396,1
2983397,1
2983398,1
2983399,1
2983400,1
2983401,1
2983424,1
2983425,1
2983426,1
2983427,1
2983428,1
2983429,1
2983430,1
2983431,1
2983432,1
2983433,1
2983434,1
2983437,1
2983438,1
2983439,1
2983454,1
2983469,1
2983470,1
2983475,1
2983477,1
2983478,1
2983707,1
2983708,1
2983793,1
2983794,1
2983811,1
2986815,1
2986816,1
2986817,1
2986818,1
2986819,1
2986820,1
2986821,1
2986822,1
2986823,1
2986824,1
2986825,1
2986826,1
2986827,1
2986828,1
2986830,1
2986831,1
2986832,1
2986850,1
2986851,1
2986852,1
2986853,1
2986854,1
2986855,1
2986856,1
2986857,1
2986858,1
2986859,1
2986860,1
2986861,1
2986862,1
2986863,1
2986864,1
2986865,1
2986866,1
2986867,1
2986868,1
2986869,1
2986870,1
2986871,1
2986872,1
2986873,1
2986874,1
2986875,1
2986876,1
2986877,1
2986878,1
2986879,1
2986880,1
2986881,1
2986882,1
2986883,1
2986884,1
2986885,1
2986886,1
2986887,1
2986888,1
2986889,1
2986890,1
2986891,1
2986892,1
2986893,1
2986894,1
2986895,1
2986896,1
2986897,1
2986898,1
2986899,1
2986900,1
2986901,1
2986902,1
2986903,1
2986904,1
2986905,1
2986906,1
2986907,1
2986908,1
2986909,1
2986910,1
2986911,1
2986912,1
2986913,1
2986914,1
2986915,1
2986916,1
2986917,1
2986918,1
2986919,1
2986920,1
2986921,1
2986922,1
2986923,1
2986924,1
2986925,1
2986985,1
2986986,1
2986987,1
2986988,1
2986989,1
2986990,1
2986991,1
2986992,1
2986993,1
2986994,1
2986995,1
2986996,1
2986997,1
2987000,1
2987006,1
2987008,1
2987009,1
2987010,1
2987011,1
2987012,1
2987013,1
2987014,1
2987015,1
2987016,1
2987017,1
2987018,1
2987019,1
2987039,1
2987040,1
2987041,1
2987042,1
2987043,1
2987044,1
2987045,1
2987046,1
2987047,1
2987049,1
2987055,1
2987056,1
2987072,1
2987086,1
2987087,1
2987088,1
2987092,1
2987094,1
2987095,1
2990432,1
2990433,1
2990434,1
2990435,1
2990436,1
2990437,1
2990438,1
2990439,1
2990440,1
2990441,1
2990442,1
2990443,1
2990444,1
2990445,1
2990447,1
2990448,1
2990449,1
2990468,1
2990469,1
2990470,1
2990471,1
2990472,1
2990473,1
2990474,1
2990475,1
2990476,1
2990477,1
2990478,1
2990479,1
2990480,1
2990481,1
2990482,1
2990483,1
2990484,1
2990485,1
2990486,1
2990487,1
2990488,1
2990489,1
2990490,1
2990491,1
2990492,1
2990493,1
2990494,1
2990495,1
2990496,1
2990497,1
2990498,1
2990499,1
2990500,1
2990501,1
2990502,1
2990503,1
2990504,1
2990505,1
2990506,1
2990507,1
2990508,1
2990509,1
2990510,1
2990511,1
2990512,1
2990513,1
2990514,1
2990515,1
2990516,1
2990517,1
2990518,1
2990519,1
2990520,1
2990521,1
2990522,1
2990523,1
2990524,1
2990525,1
2990526,1
2990527,1
2990528,1
2990529,1
2990530,1
2990531,1
2990532,1
2990533,1
2990534,1
2990535,1
2990536,1
2990537,1
2990538,1
2990539,1
2990540,1
2990541,1
2990542,1
2990543,1
2990603,1
2990604,1
2990605,1
2990606,1
2990607,1
2990608,1
2990609,1
2990610,1
2990611,1
2990612,1
2990613,1
2990614,1
2990625,1
2990626,1
2990627,1
2990628,1
2990629,1
2990630,1
2990631,1
2990632,1
2990633,1
2990634,1
2990635,1
2990636,1
2990656,1
2990657,1
2990658,1
2990659,1
2990660,1
2990661,1
2990662,1
2990663,1
2990664,1
2990665,1
2990666,1
2990667,1
2990671,1
2990672,1
2990689,1
2990705,1
2990709,1
2990712,1
2994049,1
2994050,1
2994051,1
2994052,1
2994053,1
2994054,1
2994055,1
2994056,1
2994057,1
2994058,1
2994059,1
2994060,1
2994061,1
2994062,1
2994063,1
2994064,1
2994066,1
2994067,1
2994085,1
2994086,1
2994087,1
2994088,1
2994089,1
2994090,1
2994091,1
2994092,1
2994093,1
2994094,1
2994095,1
2994096,1
2994097,1
2994098,1
2994099,1
2994100,1
2994101,1
2994102,1
2994103,1
2994104,1
2994105,1
2994106,1
2994107,1
2994108,1
2994109,1
2994110,1
2994111,1
2994112,1
2994113,1
2994114,1
2994115,1
2994116,1
2994117,1
2994118,1
2994119,1
2994120,1
2994121,1
2994122,1
2994123,1
2994124,1
2994125,1
2994126,1
2994127,1
2994128,1
2994129,1
2994130,1
2994131,1
2994132,1
2994133,1
2994134,1
2994135,1
2994136,1
2994137,1
2994138,1
2994139,1
2994140,1
2994141,1
2994142,1
2994143,1
2994144,1
2994145,1
2994146,1
2994147,1
2994148,1
2994149,1
2994150,1
2994151,1
2994152,1
2994153,1
2994154,1
2994155,1
2994156,1
2994157,1
2994158,1
2994159,1
2994160,1
2994161,1
2994220,1
2994221,1
2994222,1
2994223,1
2994224,1
2994225,1
2994226,1
2994227,1
2994228,1
2994229,1
2994230,1
2994244,1
2994245,1
2994246,1
2994247,1
2994248,1
2994249,1
2994250,1
2994251,1
2994252,1
2994253,1
2994254,1
2994272,1
2994273,1
2994274,1
2994275,1
2994276,1
2994277,1
2994278,1
2994279,1
2994280,1
2994281,1
2994282,1
2994283,1
2994284,1
2994285,1
2994288,1
2994289,1
2994306,1
2994322,1
2994323,1
2994326,1
2994327,1
2994329,1
2997666,1
2997667,1
2997668,1
2997669,1
2997670,1
2997671,1
2997672,1
2997673,1
2997674,1
2997675,1
2997676,1
2997677,1
2997678,1
2997679,1
2997680,1
2997683,1
2997684,1
2997685,1
2997703,1
2997704,1
2997705,1
2997706,1
2997707,1
2997708,1
2997709,1
2997710,1
2997711,1
2997712,1
2997713,1
2997714,1
2997715,1
2997716,1
2997717,1
2997718,1
2997719,1
2997720,1
2997721,1
2997722,1
2997723,1
2997724,1
2997725,1
2997726,1
2997727,1
2997728,1
2997729,1
2997730,1
2997731,1
2997732,1
2997733,1
2997734,1
2997735,1
2997736,1
2997737,1
2997738,1
2997739,1
2997740,1
2997741,1
2997742,1
2997743,1
2997744,1
2997745,1
2997746,1
2997747,1
2997748,1
2997749,1
2997750,1
2997751,1
2997752,1
2997753,1
2997754,1
2997755,1
2997756,1
2997757,1
2997758,1
2997759,1
2997760,1
2997761,1
2997762,1
2997763,1
2997764,1
2997765,1
2997766,1
2997767,1
2997768,1
2997769,1
2997770,1
2997771,1
2997772,1
2997773,1
2997774,1
2997775,1
2997776,1
2997777,1
2997778,1
2997779,1
2997836,1
2997837,1
2997838,1
2997839,1
2997840,1
2997841,1
2997842,1
2997843,1
2997844,1
2997845,1
2997846,1
2997861,1
2997862,1
2997863,1
2997864,1
2997865,1
2997866,1
2997867,1
2997868,1
2997869,1
2997870,1
2997871,1
2997888,1
2997890,1
2997891,1
2997892,1
2997893,1
2997894,1
2997895,1
2997896,1
2997897,1
2997898,1
2997899,1
2997900,1
2997901,1
2997902,1
2997903,1
2997904,1
2997923,1
2997924,1
2997940,1
2997944,1
2997946,1
2998177,1
2998178,1
3001283,1
3001284,1
3001285,1
3001286,1
3001287,1
3001288,1
3001289,1
3001290,1
3001291,1
3001292,1
3001293,1
3001294,1
3001295,1
3001296,1
3001297,1
3001300,1
3001301,1
3001302,1
3001322,1
3001323,1
3001324,1
3001325,1
3001326,1
3001327,1
3001328,1
3001329,1
3001330,1
3001331,1
3001332,1
3001333,1
3001334,1
3001335,1
3001336,1
3001337,1
3001338,1
3001339,1
3001340,1
3001341,1
3001342,1
3001343,1
3001344,1
3001345,1
3001346,1
3001347,1
3001348,1
3001349,1
3001350,1
3001351,1
3001352,1
3001353,1
3001354,1
3001355,1
3001356,1
3001357,1
3001358,1
3001359,1
3001360,1
3001361,1
3001362,1
3001363,1
3001364,1
3001365,1
3001366,1
3001367,1
3001368,1
3001369,1
3001370,1
3001371,1
3001372,1
3001373,1
3001374,1
3001375,1
3001376,1
3001377,1
3001378,1
3001379,1
3001380,1
3001381,1
3001382,1
3001383,1
3001384,1
3001385,1
3001386,1
3001387,1
3001388,1
3001389,1
3001390,1
3001391,1
3001392,1
3001393,1
3001394,1
3001395,1
3001396,1
3001397,1
3001452,1
3001453,1
3001454,1
3001455,1
3001456,1
3001457,1
3001458,1
3001459,1
3001460,1
3001461,1
3001462,1
3001478,1
3001479,1
3001480,1
3001481,1
3001482,1
3001483,1
3001484,1
3001485,1
3001486,1
3001487,1
3001488,1
3001489,1
3001505,1
3001507,1
3001508,1
3001509,1
3001510,1
3001511,1
3001512,1
3001513,1
3001514,1
3001515,1
3001516,1
3001517,1
3001518,1
3001519,1
3001520,1
3001521,1
3001541,1
3001557,1
3001558,1
3001562,1
3001563,1
3001794,1
3001795,1
3001906,1
3001907,1
3001994,1
3001995,1
3002017,1
3002018,1
3002019,1
3002020,1
3004900,1
3004901,1
3004902,1
3004903,1
3004904,1
3004905,1
3004906,1
3004907,1
3004908,1
3004909,1
3004910,1
3004911,1
3004912,1
3004913,1
3004914,1
3004915,1
3004917,1
3004918,1
3004919,1
3004920,1
3004940,1
3004941,1
3004942,1
3004943,1
3004944,1
3004945,1
3004946,1
3004947,1
3004948,1
3004949,1
3004950,1
3004951,1
3004952,1
3004953,1
3004954,1
3004955,1
3004956,1
3004957,1
3004958,1
3004959,1
3004960,1
3004961,1
3004962,1
3004963,1
3004964,1
3004965,1
3004966,1
3004967,1
3004968,1
3004969,1
3004970,1
3004971,1
3004972,1
3004973,1
3004974,1
3004975,1
3004976,1
3004977,1
3004978,1
3004979,1
3004980,1
3004981,1
3004982,1
3004983,1
3004984,1
3004985,1
3004986,1
3004987,1
3004988,1
3004989,1
3004990,1
3004991,1
3004992,1
3004993,1
3004994,1
3004995,1
3004996,1
3004997,1
3004998,1
3004999,1
3005000,1
3005001,1
3005002,1
3005003,1
3005004,1
3005005,1
3005006,1
3005007,1
3005008,1
3005009,1
3005010,1
3005011,1
3005012,1
3005013,1
3005014,1
3005015,1
3005068,1
3005069,1
3005070,1
3005071,1
3005072,1
3005073,1
3005074,1
3005075,1
3005076,1
3005077,1
3005078,1
3005079,1
3005094,1
3005095,1
3005096,1
3005097,1
3005098,1
3005099,1
3005100,1
3005101,1
3005102,1
3005103,1
3005104,1
3005105,1
3005106,1
3005107,1
3005108,1
3005121,1
3005122,1
3005123,1
3005124,1
3005126,1
3005128,1
3005129,1
3005130,1
3005131,1
3005132,1
3005133,1
3005134,1
3005135,1
3005136,1
3005137,1
3005159,1
3005175,1
3005181,1
3005523,1
3005524,1
3005611,1
3005612,1
3005634,1
3005635,1
3005636,1
3005637,1
3005638,1
3008517,1
3008518,1
3008519,1
3008520,1
3008521,1
3008522,1
3008523,1
3008524,1
3008525,1
3008526,1
3008527,1
3008528,1
3008529,1
3008530,1
3008531,1
3008532,1
3008533,1
3008534,1
3008535,1
3008536,1
3008537,1
3008559,1
3008560,1
3008561,1
3008562,1
3008563,1
3008564,1
3008565,1
3008566,1
3008567,1
3008568,1
3008569,1
3008570,1
3008571,1
3008572,1
3008573,1
3008574,1
3008575,1
3008576,1
3008577,1
3008578,1
3008579,1
3008580,1
3008581,1
3008582,1
3008583,1
3008584,1
3008585,1
3008586,1
3008587,1
3008588,1
3008589,1
3008590,1
3008591,1
3008592,1
3008593,1
3008594,1
3008595,1
3008596,1
3008597,1
3008598,1
3008599,1
3008600,1
3008601,1
3008602,1
3008603,1
3008604,1
3008605,1
3008606,1
3008607,1
3008608,1
3008609,1
3008610,1
3008611,1
3008612,1
3008613,1
3008614,1
3008615,1
3008616,1
3008617,1
3008618,1
3008619,1
3008620,1
3008621,1
3008622,1
3008623,1
3008624,1
3008625,1
3008626,1
3008627,1
3008628,1
3008629,1
3008630,1
3008631,1
3008632,1
3008633,1
3008685,1
3008686,1
3008687,1
3008688,1
3008689,1
3008690,1
3008691,1
3008692,1
3008693,1
3008694,1
3008695,1
3008711,1
3008712,1
3008713,1
3008714,1
3008715,1
3008716,1
3008717,1
3008718,1
3008719,1
3008720,1
3008721,1
3008722,1
3008723,1
3008724,1
3008725,1
3008738,1
3008739,1
3008740,1
3008743,1
3008744,1
3008745,1
3008746,1
3008747,1
3008748,1
3008749,1
3008750,1
3008751,1
3008752,1
3008753,1
3008754,1
3008776,1
3008777,1
3008778,1
3008792,1
3008798,1
3009140,1
3009141,1
3009228,1
3009229,1
3009251,1
3009252,1
3009253,1
3009254,1
3009255,1
3012134,1
3012135,1
3012136,1
3012137,1
3012138,1
3012139,1
3012140,1
3012141,1
3012142,1
3012143,1
3012144,1
3012145,1
3012146,1
3012147,1
3012148,1
3012149,1
3012150,1
3012151,1
3012152,1
3012153,1
3012154,1
3012155,1
3012177,1
3012178,1
3012179,1
3012180,1
3012181,1
3012182,1
3012183,1
3012184,1
3012185,1
3012186,1
3012187,1
3012188,1
3012189,1
3012190,1
3012191,1
3012192,1
3012193,1
3012194,1
3012195,1
3012196,1
3012197,1
3012198,1
3012199,1
3012200,1
3012201,1
3012202,1
3012203,1
3012204,1
3012205,1
3012206,1
3012207,1
3012208,1
3012209,1
3012210,1
3012211,1
3012212,1
3012213,1
3012214,1
3012215,1
3012216,1
3012217,1
3012218,1
3012219,1
3012220,1
3012221,1
3012222,1
3012223,1
3012224,1
3012225,1
3012226,1
3012227,1
3012228,1
3012229,1
3012230,1
3012231,1
3012232,1
3012233,1
3012234,1
3012235,1
3012236,1
3012237,1
3012238,1
3012239,1
3012240,1
3012241,1
3012242,1
3012243,1
3012244,1
3012245,1
3012246,1
3012247,1
3012248,1
3012249,1
3012250,1
3012301,1
3012302,1
3012303,1
3012304,1
3012305,1
3012306,1
3012307,1
3012308,1
3012309,1
3012310,1
3012311,1
3012312,1
3012328,1
3012329,1
3012330,1
3012331,1
3012332,1
3012333,1
3012334,1
3012335,1
3012336,1
3012337,1
3012338,1
3012339,1
3012340,1
3012341,1
3012342,1
3012354,1
3012355,1
3012356,1
3012357,1
3012360,1
3012364,1
3012365,1
3012366,1
3012367,1
3012368,1
3012369,1
3012371,1
3012372,1
3012395,1
3012396,1
3012404,1
3012409,1
3012415,1
3012846,1
3012847,1
3012848,1
3012849,1
3012868,1
3012869,1
3012870,1
3012871,1
3012872,1
3015751,1
3015752,1
3015753,1
3015754,1
3015755,1
3015756,1
3015757,1
3015758,1
3015759,1
3015760,1
3015761,1
3015762,1
3015763,1
3015764,1
3015765,1
3015766,1
3015767,1
3015768,1
3015769,1
3015770,1
3015771,1
3015772,1
3015794,1
3015795,1
3015796,1
3015797,1
3015798,1
3015799,1
3015800,1
3015801,1
3015802,1
3015803,1
3015804,1
3015805,1
3015806,1
3015807,1
3015808,1
3015809,1
3015810,1
3015811,1
3015812,1
3015813,1
3015814,1
3015815,1
3015816,1
3015817,1
3015818,1
3015819,1
3015820,1
3015821,1
3015822,1
3015823,1
3015824,1
3015825,1
3015826,1
3015827,1
3015828,1
3015829,1
3015830,1
3015831,1
3015832,1
3015833,1
3015834,1
3015835,1
3015836,1
3015837,1
3015838,1
3015839,1
3015840,1
3015841,1
3015842,1
3015843,1
3015844,1
3015845,1
3015846,1
3015847,1
3015848,1
3015849,1
3015850,1
3015851,1
3015852,1
3015853,1
3015854,1
3015855,1
3015856,1
3015857,1
3015858,1
3015859,1
3015860,1
3015861,1
3015862,1
3015863,1
3015864,1
3015865,1
3015866,1
3015867,1
3015868,1
3015869,1
3015917,1
3015918,1
3015919,1
3015920,1
3015921,1
3015922,1
3015923,1
3015924,1
3015925,1
3015926,1
3015927,1
3015928,1
3015929,1
3015946,1
3015947,1
3015950,1
3015951,1
3015952,1
3015953,1
3015954,1
3015955,1
3015956,1
3015957,1
3015958,1
3015959,1
3015968,1
3015969,1
3015971,1
3015972,1
3015973,1
3015974,1
3015977,1
3015983,1
3015984,1
3015985,1
3015986,1
3015987,1
3015988,1
3016014,1
3016015,1
3016020,1
3016021,1
3016026,1
3016300,1
3016463,1
3016464,1
3016466,1
3016489,1
3016490,1
3019369,1
3019370,1
3019371,1
3019372,1
3019373,1
3019374,1
3019375,1
3019376,1
3019377,1
3019378,1
3019379,1
3019380,1
3019381,1
3019382,1
3019383,1
3019384,1
3019385,1
3019386,1
3019387,1
3019388,1
3019389,1
3019412,1
3019413,1
3019414,1
3019415,1
3019416,1
3019417,1
3019418,1
3019419,1
3019420,1
3019421,1
3019422,1
3019423,1
3019424,1
3019425,1
3019426,1
3019427,1
3019428,1
3019429,1
3019430,1
3019431,1
3019432,1
3019433,1
3019434,1
3019435,1
3019436,1
3019437,1
3019438,1
3019439,1
3019440,1
3019441,1
3019442,1
3019443,1
3019444,1
3019445,1
3019446,1
3019447,1
3019448,1
3019449,1
3019450,1
3019451,1
3019452,1
3019453,1
3019454,1
3019455,1
3019456,1
3019457,1
3019458,1
3019459,1
3019460,1
3019461,1
3019462,1
3019463,1
3019464,1
3019465,1
3019466,1
3019467,1
3019468,1
3019469,1
3019470,1
3019471,1
3019472,1
3019473,1
3019474,1
3019475,1
3019476,1
3019477,1
3019478,1
3019479,1
3019480,1
3019481,1
3019482,1
3019483,1
3019484,1
3019485,1
3019486,1
3019532,1
3019533,1
3019534,1
3019535,1
3019536,1
3019537,1
3019538,1
3019539,1
3019540,1
3019541,1
3019542,1
3019543,1
3019544,1
3019545,1
3019546,1
3019568,1
3019569,1
3019570,1
3019571,1
3019572,1
3019573,1
3019574,1
3019575,1
3019576,1
3019577,1
3019578,1
3019582,1
3019583,1
3019584,1
3019585,1
3019586,1
3019587,1
3019588,1
3019589,1
3019590,1
3019593,1
3019594,1
3019595,1
3019596,1
3019597,1
3019598,1
3019599,1
3019600,1
3019633,1
3019634,1
3019637,1
3019638,1
3019642,1
3019643,1
3019917,1
3019957,1
3019958,1
3019959,1
3020081,1
3020082,1
3020107,1
3022986,1
3022987,1
3022988,1
3022989,1
3022990,1
3022991,1
3022992,1
3022993,1
3022994,1
3022995,1
3022996,1
3022997,1
3022998,1
3022999,1
3023000,1
3023001,1
3023002,1
3023003,1
3023004,1
3023005,1
3023006,1
3023030,1
3023031,1
3023032,1
3023033,1
3023034,1
3023035,1
3023036,1
3023037,1
3023038,1
3023039,1
3023040,1
3023041,1
3023042,1
3023043,1
3023044,1
3023045,1
3023046,1
3023047,1
3023048,1
3023049,1
3023050,1
3023051,1
3023052,1
3023053,1
3023054,1
3023055,1
3023056,1
3023057,1
3023058,1
3023059,1
3023060,1
3023061,1
3023062,1
3023063,1
3023064,1
3023065,1
3023066,1
3023067,1
3023068,1
3023069,1
3023070,1
3023071,1
3023072,1
3023073,1
3023074,1
3023075,1
3023076,1
3023077,1
3023078,1
3023079,1
3023080,1
3023081,1
3023082,1
3023083,1
3023084,1
3023085,1
3023086,1
3023087,1
3023088,1
3023089,1
3023090,1
3023091,1
3023092,1
3023093,1
3023094,1
3023095,1
3023096,1
3023097,1
3023098,1
3023099,1
3023100,1
3023101,1
3023102,1
3023103,1
3023104,1
3023105,1
3023148,1
3023149,1
3023150,1
3023151,1
3023152,1
3023153,1
3023154,1
3023155,1
3023156,1
3023157,1
3023158,1
3023159,1
3023160,1
3023161,1
3023162,1
3023182,1
3023183,1
3023184,1
3023186,1
3023188,1
3023189,1
3023190,1
3023191,1
3023192,1
3023193,1
3023194,1
3023195,1
3023196,1
3023197,1
3023199,1
3023200,1
3023203,1
3023204,1
3023205,1
3023206,1
3023207,1
3023208,1
3023209,1
3023210,1
3023211,1
3023212,1
3023213,1
3023214,1
3023215,1
3023216,1
3023252,1
3023253,1
3023254,1
3023259,1
3023574,1
3023575,1
3023698,1
3023699,1
3026603,1
3026604,1
3026605,1
3026606,1
3026607,1
3026608,1
3026609,1
3026610,1
3026611,1
3026612,1
3026613,1
3026614,1
3026615,1
3026616,1
3026617,1
3026618,1
3026619,1
3026620,1
3026621,1
3026622,1
3026623,1
3026648,1
3026649,1
3026650,1
3026651,1
3026652,1
3026653,1
3026654,1
3026655,1
3026656,1
3026657,1
3026658,1
3026659,1
3026660,1
3026661,1
3026662,1
3026663,1
3026664,1
3026665,1
3026666,1
3026667,1
3026668,1
3026669,1
3026670,1
3026671,1
3026672,1
3026673,1
3026674,1
3026675,1
3026676,1
3026677,1
3026678,1
3026679,1
3026680,1
3026681,1
3026682,1
3026683,1
3026684,1
3026685,1
3026686,1
3026687,1
3026688,1
3026689,1
3026690,1
3026691,1
3026692,1
3026693,1
3026694,1
3026695,1
3026696,1
3026697,1
3026698,1
3026699,1
3026700,1
3026701,1
3026702,1
3026703,1
3026704,1
3026705,1
3026706,1
3026707,1
3026708,1
3026709,1
3026710,1
3026711,1
3026712,1
3026713,1
3026714,1
3026715,1
3026716,1
3026717,1
3026718,1
3026719,1
3026720,1
3026721,1
3026722,1
3026723,1
3026765,1
3026766,1
3026767,1
3026768,1
3026769,1
3026770,1
3026771,1
3026772,1
3026773,1
3026774,1
3026775,1
3026776,1
3026777,1
3026778,1
3026779,1
3026800,1
3026801,1
3026806,1
3026807,1
3026808,1
3026809,1
3026810,1
3026811,1
3026812,1
3026813,1
3026814,1
3026815,1
3026816,1
3026821,1
3026822,1
3026823,1
3026824,1
3026825,1
3026826,1
3026827,1
3026828,1
3026830,1
3026831,1
3026872,1
3026876,1
3027155,1
3027191,1
3027192,1
3027301,1
3027311,1
3030220,1
3030221,1
3030222,1
3030223,1
3030224,1
3030225,1
3030226,1
3030227,1
3030228,1
3030229,1
3030230,1
3030231,1
3030232,1
3030233,1
3030234,1
3030235,1
3030236,1
3030237,1
3030238,1
3030239,1
3030240,1
3030266,1
3030267,1
3030268,1
3030269,1
3030270,1
3030271,1
3030272,1
3030273,1
3030274,1
3030275,1
3030276,1
3030277,1
3030278,1
3030279,1
3030280,1
3030281,1
3030282,1
3030283,1
3030284,1
3030285,1
3030286,1
3030287,1
3030288,1
3030289,1
3030290,1
3030291,1
3030292,1
3030293,1
3030294,1
3030295,1
3030296,1
3030297,1
3030298,1
3030299,1
3030300,1
3030301,1
3030302,1
3030303,1
3030304,1
3030305,1
3030306,1
3030307,1
3030308,1
3030309,1
3030310,1
3030311,1
3030312,1
3030313,1
3030314,1
3030315,1
3030316,1
3030317,1
3030318,1
3030319,1
3030320,1
3030321,1
3030322,1
3030323,1
3030324,1
3030325,1
3030326,1
3030327,1
3030328,1
3030329,1
3030330,1
3030331,1
3030332,1
3030333,1
3030334,1
3030335,1
3030336,1
3030337,1
3030338,1
3030339,1
3030340,1
3030358,1
3030359,1
3030360,1
3030382,1
3030383,1
3030384,1
3030385,1
3030386,1
3030387,1
3030388,1
3030389,1
3030390,1
3030391,1
3030392,1
3030393,1
3030394,1
3030395,1
3030396,1
3030424,1
3030425,1
3030426,1
3030427,1
3030428,1
3030429,1
3030430,1
3030431,1
3030432,1
3030433,1
3030438,1
3030439,1
3030441,1
3030442,1
3030443,1
3030444,1
3030445,1
3030446,1
3030447,1
3030448,1
3030490,1
3030492,1
3030503,1
3030504,1
3030772,1
3030917,1
3030918,1
3030919,1
3030927,1
3030928,1
3030929,1
3033837,1
3033838,1
3033839,1
3033840,1
3033841,1
3033842,1
3033843,1
3033844,1
3033845,1
3033846,1
3033847,1
3033848,1
3033849,1
3033850,1
3033851,1
3033852,1
3033853,1
3033854,1
3033855,1
3033856,1
3033857,1
3033858,1
3033884,1
3033885,1
3033886,1
3033887,1
3033888,1
3033889,1
3033890,1
3033891,1
3033892,1
3033893,1
3033894,1
3033895,1
3033896,1
3033897,1
3033898,1
3033899,1
3033900,1
3033901,1
3033902,1
3033903,1
3033904,1
3033905,1
3033906,1
3033907,1
3033908,1
3033909,1
3033910,1
3033911,1
3033912,1
3033913,1
3033914,1
3033915,1
3033916,1
3033917,1
3033918,1
3033919,1
3033920,1
3033921,1
3033922,1
3033923,1
3033924,1
3033925,1
3033926,1
3033927,1
3033928,1
3033929,1
3033930,1
3033931,1
3033932,1
3033933,1
3033934,1
3033935,1
3033936,1
3033937,1
3033938,1
3033939,1
3033940,1
3033941,1
3033942,1
3033943,1
3033944,1
3033945,1
3033946,1
3033947,1
3033948,1
3033949,1
3033950,1
3033951,1
3033952,1
3033953,1
3033954,1
3033955,1
3033956,1
3033957,1
3033958,1
3033959,1
3033973,1
3033974,1
3033975,1
3033976,1
3033977,1
3033978,1
3033998,1
3033999,1
3034000,1
3034001,1
3034002,1
3034003,1
3034004,1
3034005,1
3034006,1
3034007,1
3034008,1
3034009,1
3034011,1
3034012,1
3034042,1
3034043,1
3034044,1
3034045,1
3034046,1
3034047,1
3034048,1
3034049,1
3034050,1
3034055,1
3034056,1
3034058,1
3034059,1
3034060,1
3034061,1
3034064,1
3034065,1
3034107,1
3034108,1
3034109,1
3034120,1
3034121,1
3034390,1
3034392,1
3034393,1
3034534,1
3034535,1
3034536,1
3037454,1
3037455,1
3037456,1
3037457,1
3037458,1
3037459,1
3037460,1
3037461,1
3037462,1
3037463,1
3037464,1
3037465,1
3037466,1
3037467,1
3037468,1
3037469,1
3037470,1
3037471,1
3037472,1
3037473,1
3037475,1
3037502,1
3037503,1
3037504,1
3037505,1
3037506,1
3037507,1
3037508,1
3037509,1
3037510,1
3037511,1
3037512,1
3037513,1
3037514,1
3037515,1
3037516,1
3037517,1
3037518,1
3037519,1
3037520,1
3037521,1
3037522,1
3037523,1
3037524,1
3037525,1
3037526,1
3037527,1
3037528,1
3037529,1
3037530,1
3037531,1
3037532,1
3037533,1
3037534,1
3037535,1
3037536,1
3037537,1
3037538,1
3037539,1
3037540,1
3037541,1
3037542,1
3037543,1
3037544,1
3037545,1
3037546,1
3037547,1
3037548,1
3037549,1
3037550,1
3037551,1
3037552,1
3037553,1
3037554,1
3037555,1
3037556,1
3037557,1
3037558,1
3037559,1
3037560,1
3037561,1
3037562,1
3037563,1
3037564,1
3037565,1
3037566,1
3037567,1
3037568,1
3037569,1
3037570,1
3037571,1
3037572,1
3037573,1
3037574,1
3037575,1
3037576,1
3037577,1
3037578,1
3037579,1
3037588,1
3037589,1
3037590,1
3037591,1
3037592,1
3037593,1
3037594,1
3037595,1
3037615,1
3037616,1
3037617,1
3037618,1
3037619,1
3037620,1
3037621,1
3037622,1
3037623,1
3037624,1
3037625,1
3037626,1
3037661,1
3037662,1
3037663,1
3037664,1
3037665,1
3037673,1
3037674,1
3037675,1
3037676,1
3037677,1
3037678,1
3037679,1
3037680,1
3037681,1
3037724,1
3037725,1
3037727,1
3038006,1
3038007,1
3038008,1
3038009,1
3038010,1
3041071,1
3041072,1
3041073,1
3041074,1
3041075,1
3041076,1
3041077,1
3041078,1
3041079,1
3041080,1
3041081,1
3041082,1
3041083,1
3041084,1
3041085,1
3041086,1
3041087,1
3041088,1
3041089,1
3041090,1
3041092,1
3041120,1
3041121,1
3041122,1
3041123,1
3041124,1
3041125,1
3041126,1
3041127,1
3041128,1
3041129,1
3041130,1
3041131,1
3041132,1
3041133,1
3041134,1
3041135,1
3041136,1
3041137,1
3041138,1
3041139,1
3041140,1
3041141,1
3041142,1
3041143,1
3041144,1
3041145,1
3041146,1
3041147,1
3041148,1
3041149,1
3041150,1
3041151,1
3041152,1
3041153,1
3041154,1
3041155,1
3041156,1
3041157,1
3041158,1
3041159,1
3041160,1
3041161,1
3041162,1
3041163,1
3041164,1
3041165,1
3041166,1
3041167,1
3041168,1
3041169,1
3041170,1
3041171,1
3041172,1
3041173,1
3041174,1
3041175,1
3041176,1
3041177,1
3041178,1
3041179,1
3041180,1
3041181,1
3041182,1
3041183,1
3041184,1
3041185,1
3041186,1
3041187,1
3041188,1
3041189,1
3041190,1
3041191,1
3041192,1
3041193,1
3041194,1
3041195,1
3041196,1
3041197,1
3041198,1
3041199,1
3041201,1
3041202,1
3041203,1
3041204,1
3041205,1
3041207,1
3041208,1
3041209,1
3041210,1
3041211,1
3041212,1
3041214,1
3041215,1
3041232,1
3041233,1
3041234,1
3041235,1
3041236,1
3041237,1
3041238,1
3041239,1
3041240,1
3041242,1
3041281,1
3041282,1
3041283,1
3041289,1
3041290,1
3041291,1
3041292,1
3041293,1
3041294,1
3041295,1
3041341,1
3041342,1
3041343,1
3041344,1
3041410,1
3041411,1
3041624,1
3041625,1
3041626,1
3041717,1
3041718,1
3041719,1
3044688,1
3044689,1
3044690,1
3044691,1
3044692,1
3044693,1
3044694,1
3044695,1
3044696,1
3044697,1
3044698,1
3044699,1
3044700,1
3044701,1
3044702,1
3044703,1
3044704,1
3044705,1
3044706,1
3044707,1
3044709,1
3044738,1
3044739,1
3044740,1
3044741,1
3044742,1
3044743,1
3044744,1
3044745,1
3044746,1
3044747,1
3044748,1
3044749,1
3044750,1
3044751,1
3044752,1
3044753,1
3044754,1
3044755,1
3044756,1
3044757,1
3044758,1
3044759,1
3044760,1
3044761,1
3044762,1
3044763,1
3044764,1
3044765,1
3044766,1
3044767,1
3044768,1
3044769,1
3044770,1
3044771,1
3044772,1
3044773,1
3044774,1
3044775,1
3044776,1
3044777,1
3044778,1
3044779,1
3044780,1
3044781,1
3044782,1
3044783,1
3044784,1
3044785,1
3044786,1
3044787,1
3044788,1
3044789,1
3044790,1
3044791,1
3044792,1
3044793,1
3044794,1
3044795,1
3044796,1
3044797,1
3044798,1
3044799,1
3044800,1
3044801,1
3044802,1
3044803,1
3044804,1
3044805,1
3044806,1
3044807,1
3044808,1
3044809,1
3044810,1
3044811,1
3044812,1
3044813,1
3044814,1
3044815,1
3044816,1
3044817,1
3044818,1
3044819,1
3044820,1
3044821,1
3044822,1
3044823,1
3044824,1
3044825,1
3044826,1
3044827,1
3044828,1
3044829,1
3044830,1
3044831,1
3044832,1
3044833,1
3044846,1
3044847,1
3044848,1
3044849,1
3044850,1
3044851,1
3044852,1
3044853,1
3044854,1
3044855,1
3044856,1
3044857,1
3044859,1
3044899,1
3044904,1
3044905,1
3044906,1
3044909,1
3044910,1
3044911,1
3044912,1
3044913,1
3044959,1
3044960,1
3045027,1
3045028,1
3045242,1
3045243,1
3045334,1
3045336,1
3048305,1
3048306,1
3048307,1
3048308,1
3048309,1
3048310,1
3048311,1
3048312,1
3048313,1
3048314,1
3048315,1
3048316,1
3048317,1
3048318,1
3048319,1
3048320,1
3048321,1
3048322,1
3048323,1
3048324,1
3048325,1
3048326,1
3048327,1
3048355,1
3048356,1
3048357,1
3048358,1
3048359,1
3048360,1
3048361,1
3048362,1
3048363,1
3048364,1
3048365,1
3048366,1
3048367,1
3048368,1
3048369,1
3048370,1
3048371,1
3048372,1
3048373,1
3048374,1
3048375,1
3048376,1
3048377,1
3048378,1
3048379,1
3048380,1
3048381,1
3048382,1
3048383,1
3048384,1
3048385,1
3048386,1
3048387,1
3048388,1
3048389,1
3048390,1
3048391,1
3048392,1
3048393,1
3048394,1
3048395,1
3048396,1
3048397,1
3048398,1
3048399,1
3048400,1
3048401,1
3048402,1
3048403,1
3048404,1
3048405,1
3048406,1
3048407,1
3048408,1
3048409,1
3048410,1
3048411,1
3048412,1
3048413,1
3048414,1
3048415,1
3048416,1
3048417,1
3048418,1
3048419,1
3048420,1
3048421,1
3048422,1
3048423,1
3048424,1
3048425,1
3048426,1
3048427,1
3048428,1
3048429,1
3048430,1
3048431,1
3048432,1
3048433,1
3048434,1
3048435,1
3048436,1
3048437,1
3048438,1
3048439,1
3048440,1
3048441,1
3048442,1
3048443,1
3048444,1
3048445,1
3048446,1
3048447,1
3048448,1
3048449,1
3048450,1
3048451,1
3048463,1
3048464,1
3048465,1
3048466,1
3048467,1
3048468,1
3048469,1
3048470,1
3048471,1
3048472,1
3048473,1
3048474,1
3048475,1
3048476,1
3048477,1
3048516,1
3048521,1
3048522,1
3048527,1
3048528,1
3048529,1
3048530,1
3048645,1
3048859,1
3048860,1
3048951,1
3048952,1
3048953,1
3051923,1
3051924,1
3051925,1
3051926,1
3051927,1
3051928,1
3051929,1
3051930,1
3051931,1
3051932,1
3051933,1
3051934,1
3051935,1
3051936,1
3051937,1
3051938,1
3051939,1
3051940,1
3051941,1
3051942,1
3051943,1
3051973,1
3051974,1
3051975,1
3051976,1
3051977,1
3051978,1
3051979,1
3051980,1
3051981,1
3051982,1
3051983,1
3051984,1
3051985,1
3051986,1
3051987,1
3051988,1
3051989,1
3051990,1
3051991,1
3051992,1
3051993,1
3051994,1
3051995,1
3051996,1
3051997,1
3051998,1
3051999,1
3052000,1
3052001,1
3052002,1
3052003,1
3052004,1
3052005,1
3052006,1
3052007,1
3052008,1
3052009,1
3052010,1
3052011,1
3052012,1
3052013,1
3052014,1
3052015,1
3052016,1
3052017,1
3052018,1
3052019,1
3052020,1
3052021,1
3052022,1
3052023,1
3052024,1
3052025,1
3052026,1
3052027,1
3052028,1
3052029,1
3052030,1
3052031,1
3052032,1
3052033,1
3052034,1
3052035,1
3052036,1
3052037,1
3052038,1
3052039,1
3052040,1
3052041,1
3052042,1
3052043,1
3052044,1
3052045,1
3052046,1
3052047,1
3052048,1
3052049,1
3052050,1
3052051,1
3052052,1
3052053,1
3052054,1
3052055,1
3052056,1
3052057,1
3052058,1
3052059,1
3052060,1
3052061,1
3052062,1
3052063,1
3052064,1
3052065,1
3052066,1
3052067,1
3052068,1
3052079,1
3052080,1
3052081,1
3052082,1
3052083,1
3052084,1
3052085,1
3052086,1
3052087,1
3052088,1
3052089,1
3052090,1
3052091,1
3052092,1
3052093,1
3052094,1
3052095,1
3052132,1
3052133,1
3052137,1
3052138,1
3052140,1
3052141,1
3052142,1
3052143,1
3052144,1
3052145,1
3052146,1
3055540,1
3055541,1
3055542,1
3055543,1
3055544,1
3055545,1
3055546,1
3055547,1
3055548,1
3055549,1
3055550,1
3055551,1
3055552,1
3055553,1
3055554,1
3055555,1
3055556,1
3055557,1
3055558,1
3055559,1
3055560,1
3055590,1
3055591,1
3055592,1
3055593,1
3055594,1
3055595,1
3055596,1
3055597,1
3055598,1
3055599,1
3055600,1
3055601,1
3055602,1
3055603,1
3055604,1
3055605,1
3055606,1
3055607,1
3055608,1
3055609,1
3055610,1
3055611,1
3055612,1
3055613,1
3055614,1
3055615,1
3055616,1
3055617,1
3055618,1
3055619,1
3055620,1
3055621,1
3055622,1
3055623,1
3055624,1
3055625,1
3055626,1
3055627,1
3055628,1
3055629,1
3055630,1
3055631,1
3055632,1
3055633,1
3055634,1
3055635,1
3055636,1
3055637,1
3055638,1
3055639,1
3055640,1
3055641,1
3055642,1
3055643,1
3055644,1
3055645,1
3055646,1
3055647,1
3055648,1
3055649,1
3055650,1
3055651,1
3055652,1
3055653,1
3055654,1
3055655,1
3055656,1
3055657,1
3055658,1
3055659,1
3055660,1
3055661,1
3055662,1
3055663,1
3055664,1
3055665,1
3055666,1
3055667,1
3055668,1
3055669,1
3055670,1
3055671,1
3055672,1
3055673,1
3055674,1
3055675,1
3055676,1
3055677,1
3055678,1
3055679,1
3055680,1
3055681,1
3055682,1
3055683,1
3055684,1
3055685,1
3055686,1
3055687,1
3055688,1
3055694,1
3055695,1
3055696,1
3055697,1
3055698,1
3055699,1
3055700,1
3055701,1
3055702,1
3055703,1
3055704,1
3055705,1
3055706,1
3055707,1
3055708,1
3055709,1
3055710,1
3055711,1
3055712,1
3055747,1
3055748,1
3055749,1
3055750,1
3055754,1
3055755,1
3055756,1
3055757,1
3055758,1
3055759,1
3055760,1
3059157,1
3059158,1
3059159,1
3059160,1
3059161,1
3059162,1
3059163,1
3059164,1
3059165,1
3059166,1
3059167,1
3059168,1
3059169,1
3059170,1
3059171,1
3059172,1
3059173,1
3059174,1
3059175,1
3059176,1
3059177,1
3059178,1
3059208,1
3059209,1
3059210,1
3059211,1
3059212,1
3059213,1
3059214,1
3059215,1
3059216,1
3059217,1
3059218,1
3059219,1
3059220,1
3059221,1
3059222,1
3059223,1
3059224,1
3059225,1
3059226,1
3059227,1
3059228,1
3059229,1
3059230,1
3059231,1
3059232,1
3059233,1
3059234,1
3059235,1
3059236,1
3059237,1
3059238,1
3059239,1
3059240,1
3059241,1
3059242,1
3059243,1
3059244,1
3059245,1
3059246,1
3059247,1
3059248,1
3059249,1
3059250,1
3059251,1
3059252,1
3059253,1
3059254,1
3059255,1
3059256,1
3059257,1
3059258,1
3059259,1
3059260,1
3059261,1
3059262,1
3059263,1
3059264,1
3059265,1
3059266,1
3059267,1
3059268,1
3059269,1
3059270,1
3059271,1
3059272,1
3059273,1
3059274,1
3059275,1
3059276,1
3059277,1
3059278,1
3059279,1
3059280,1
3059281,1
3059282,1
3059283,1
3059284,1
3059285,1
3059286,1
3059287,1
3059288,1
3059289,1
3059290,1
3059291,1
3059292,1
3059293,1
3059294,1
3059295,1
3059296,1
3059297,1
3059298,1
3059299,1
3059300,1
3059301,1
3059302,1
3059303,1
3059304,1
3059305,1
3059306,1
3059307,1
3059308,1
3059309,1
3059310,1
3059311,1
3059312,1
3059313,1
3059314,1
3059315,1
3059316,1
3059317,1
3059318,1
3059319,1
3059320,1
3059321,1
3059322,1
3059325,1
3059326,1
3059327,1
3059328,1
3059358,1
3059362,1
3059363,1
3059364,1
3059365,1
3059366,1
3059367,1
3059368,1
3059369,1
3059371,1
3059372,1
3059373,1
3059375,1
3062774,1
3062775,1
3062776,1
3062777,1
3062778,1
3062779,1
3062780,1
3062781,1
3062782,1
3062783,1
3062784,1
3062785,1
3062786,1
3062787,1
3062788,1
3062789,1
3062790,1
3062791,1
3062792,1
3062793,1
3062794,1
3062795,1
3062825,1
3062826,1
3062827,1
3062828,1
3062829,1
3062830,1
3062831,1
3062832,1
3062833,1
3062834,1
3062835,1
3062836,1
3062837,1
3062838,1
3062839,1
3062840,1
3062841,1
3062842,1
3062843,1
3062844,1
3062845,1
3062846,1
3062847,1
3062848,1
3062849,1
3062850,1
3062851,1
3062852,1
3062853,1
3062854,1
3062855,1
3062856,1
3062857,1
3062858,1
3062859,1
3062860,1
3062861,1
3062862,1
3062863,1
3062864,1
3062865,1
3062866,1
3062867,1
3062868,1
3062869,1
3062870,1
3062871,1
3062872,1
3062873,1
3062874,1
3062875,1
3062876,1
3062877,1
3062878,1
3062879,1
3062880,1
3062881,1
3062882,1
3062883,1
3062884,1
3062885,1
3062886,1
3062887,1
3062888,1
3062889,1
3062890,1
3062891,1
3062892,1
3062893,1
3062894,1
3062895,1
3062896,1
3062897,1
3062898,1
3062899,1
3062900,1
3062901,1
3062902,1
3062903,1
3062904,1
3062905,1
3062906,1
3062907,1
3062908,1
3062909,1
3062910,1
3062911,1
3062912,1
3062913,1
3062914,1
3062915,1
3062916,1
3062917,1
3062918,1
3062919,1
3062920,1
3062921,1
3062922,1
3062923,1
3062924,1
3062925,1
3062926,1
3062927,1
3062928,1
3062929,1
3062930,1
3062931,1
3062932,1
3062933,1
3062934,1
3062935,1
3062936,1
3062937,1
3062938,1
3062942,1
3062973,1
3062974,1
3062975,1
3062976,1
3062977,1
3062978,1
3062979,1
3062980,1
3062981,1
3062982,1
3062983,1
3062984,1
3062986,1
3062987,1
3062988,1
3062990,1
3062991,1
3063048,1
3063062,1
3066391,1
3066392,1
3066393,1
3066394,1
3066395,1
3066396,1
3066397,1
3066398,1
3066399,1
3066400,1
3066401,1
3066402,1
3066403,1
3066404,1
3066405,1
3066406,1
3066407,1
3066408,1
3066409,1
3066410,1
3066411,1
3066412,1
3066413,1
3066443,1
3066444,1
3066446,1
3066447,1
3066448,1
3066449,1
3066450,1
3066451,1
3066452,1
3066453,1
3066454,1
3066455,1
3066456,1
3066457,1
3066458,1
3066459,1
3066460,1
3066461,1
3066462,1
3066463,1
3066464,1
3066465,1
3066466,1
3066467,1
3066468,1
3066469,1
3066470,1
3066471,1
3066472,1
3066473,1
3066474,1
3066475,1
3066476,1
3066477,1
3066478,1
3066479,1
3066480,1
3066481,1
3066482,1
3066483,1
3066484,1
3066485,1
3066486,1
3066487,1
3066488,1
3066489,1
3066490,1
3066491,1
3066492,1
3066493,1
3066494,1
3066495,1
3066496,1
3066497,1
3066498,1
3066499,1
3066500,1
3066501,1
3066502,1
3066503,1
3066504,1
3066505,1
3066506,1
3066507,1
3066508,1
3066509,1
3066510,1
3066511,1
3066512,1
3066513,1
3066514,1
3066515,1
3066516,1
3066517,1
3066518,1
3066519,1
3066520,1
3066521,1
3066522,1
3066523,1
3066524,1
3066525,1
3066526,1
3066527,1
3066528,1
3066529,1
3066530,1
3066531,1
3066532,1
3066533,1
3066534,1
3066535,1
3066536,1
3066537,1
3066538,1
3066539,1
3066540,1
3066541,1
3066542,1
3066543,1
3066544,1
3066545,1
3066546,1
3066547,1
3066548,1
3066549,1
3066550,1
3066551,1
3066552,1
3066553,1
3066554,1
3066590,1
3066592,1
3066593,1
3066594,1
3066595,1
3066596,1
3066597,1
3066598,1
3066599,1
3066600,1
3066601,1
3066602,1
3066604,1
3066606,1
3066607,1
3066608,1
3066665,1
3066679,1
3066680,1
3070008,1
3070009,1
3070010,1
3070011,1
3070012,1
3070013,1
3070014,1
3070015,1
3070016,1
3070017,1
3070018,1
3070019,1
3070020,1
3070021,1
3070022,1
3070023,1
3070024,1
3070025,1
3070026,1
3070027,1
3070028,1
3070029,1
3070030,1
3070031,1
3070060,1
3070061,1
3070062,1
3070063,1
3070064,1
3070065,1
3070066,1
3070067,1
3070068,1
3070069,1
3070070,1
3070071,1
3070072,1
3070073,1
3070074,1
3070075,1
3070076,1
3070077,1
3070078,1
3070079,1
3070080,1
3070081,1
3070082,1
3070083,1
3070084,1
3070085,1
3070086,1
3070087,1
3070088,1
3070089,1
3070090,1
3070091,1
3070092,1
3070093,1
3070094,1
3070095,1
3070096,1
3070097,1
3070098,1
3070099,1
3070100,1
3070101,1
3070102,1
3070103,1
3070104,1
3070105,1
3070106,1
3070107,1
3070108,1
3070109,1
3070110,1
3070111,1
3070112,1
3070113,1
3070114,1
3070115,1
3070116,1
3070117,1
3070118,1
3070119,1
3070120,1
3070121,1
3070122,1
3070123,1
3070124,1
3070125,1
3070126,1
3070127,1
3070128,1
3070129,1
3070130,1
3070131,1
3070132,1
3070133,1
3070134,1
3070135,1
3070136,1
3070137,1
3070138,1
3070139,1
3070140,1
3070141,1
3070142,1
3070143,1
3070144,1
3070145,1
3070146,1
3070147,1
3070148,1
3070149,1
3070150,1
3070151,1
3070152,1
3070153,1
3070154,1
3070155,1
3070156,1
3070157,1
3070158,1
3070159,1
3070160,1
3070161,1
3070162,1
3070163,1
3070164,1
3070165,1
3070166,1
3070167,1
3070168,1
3070169,1
3070170,1
3070208,1
3070209,1
3070210,1
3070211,1
3070212,1
3070213,1
3070214,1
3070215,1
3070216,1
3070217,1
3070218,1
3070219,1
3070221,1
3070223,1
3070224,1
3070280,1
3070281,1
3070282,1
3070297,1
3073625,1
3073626,1
3073627,1
3073628,1
3073629,1
3073630,1
3073631,1
3073632,1
3073633,1
3073634,1
3073635,1
3073636,1
3073637,1
3073638,1
3073639,1
3073640,1
3073641,1
3073642,1
3073643,1
3073644,1
3073645,1
3073646,1
3073647,1
3073648,1
3073677,1
3073678,1
3073679,1
3073680,1
3073681,1
3073682,1
3073683,1
3073684,1
3073685,1
3073686,1
3073687,1
3073688,1
3073689,1
3073690,1
3073691,1
3073692,1
3073693,1
3073694,1
3073695,1
3073696,1
3073697,1
3073698,1
3073699,1
3073700,1
3073701,1
3073702,1
3073703,1
3073704,1
3073705,1
3073706,1
3073707,1
3073708,1
3073709,1
3073710,1
3073711,1
3073712,1
3073713,1
3073714,1
3073715,1
3073716,1
3073717,1
3073718,1
3073719,1
3073720,1
3073721,1
3073722,1
3073723,1
3073724,1
3073725,1
3073726,1
3073727,1
3073728,1
3073729,1
3073730,1
3073731,1
3073732,1
3073733,1
3073734,1
3073735,1
3073736,1
3073737,1
3073738,1
3073739,1
3073740,1
3073741,1
3073742,1
3073743,1
3073744,1
3073745,1
3073746,1
3073747,1
3073748,1
3073749,1
3073750,1
3073751,1
3073752,1
3073753,1
3073754,1
3073755,1
3073756,1
3073757,1
3073758,1
3073759,1
3073760,1
3073761,1
3073762,1
3073763,1
3073764,1
3073765,1
3073766,1
3073767,1
3073768,1
3073769,1
3073770,1
3073771,1
3073772,1
3073773,1
3073774,1
3073775,1
3073776,1
3073777,1
3073778,1
3073779,1
3073780,1
3073781,1
3073782,1
3073783,1
3073784,1
3073785,1
3073786,1
3073828,1
3073829,1
3073830,1
3073831,1
3073832,1
3073833,1
3073834,1
3073835,1
3073836,1
3073838,1
3073897,1
3073898,1
3073899,1
3073900,1
3073913,1
3073914,1
3073962,1
3074329,1
3074330,1
3074331,1
3077242,1
3077243,1
3077244,1
3077245,1
3077246,1
3077247,1
3077248,1
3077249,1
3077250,1
3077251,1
3077252,1
3077253,1
3077254,1
3077255,1
3077256,1
3077257,1
3077258,1
3077259,1
3077260,1
3077261,1
3077262,1
3077263,1
3077264,1
3077265,1
3077295,1
3077296,1
3077297,1
3077298,1
3077299,1
3077300,1
3077301,1
3077302,1
3077303,1
3077304,1
3077305,1
3077306,1
3077307,1
3077308,1
3077309,1
3077310,1
3077311,1
3077312,1
3077313,1
3077314,1
3077315,1
3077316,1
3077317,1
3077318,1
3077319,1
3077320,1
3077321,1
3077322,1
3077323,1
3077324,1
3077325,1
3077326,1
3077327,1
3077328,1
3077329,1
3077330,1
3077331,1
3077332,1
3077333,1
3077334,1
3077335,1
3077336,1
3077337,1
3077338,1
3077339,1
3077340,1
3077341,1
3077342,1
3077343,1
3077344,1
3077345,1
3077346,1
3077347,1
3077348,1
3077349,1
3077350,1
3077351,1
3077352,1
3077353,1
3077354,1
3077355,1
3077356,1
3077357,1
3077358,1
3077359,1
3077360,1
3077361,1
3077362,1
3077363,1
3077364,1
3077365,1
3077366,1
3077367,1
3077368,1
3077369,1
3077370,1
3077371,1
3077372,1
3077373,1
3077374,1
3077375,1
3077376,1
3077377,1
3077378,1
3077379,1
3077380,1
3077381,1
3077382,1
3077383,1
3077384,1
3077385,1
3077386,1
3077387,1
3077388,1
3077389,1
3077390,1
3077391,1
3077392,1
3077393,1
3077394,1
3077395,1
3077396,1
3077397,1
3077398,1
3077399,1
3077444,1
3077445,1
3077446,1
3077447,1
3077448,1
3077449,1
3077450,1
3077451,1
3077452,1
3077453,1
3077454,1
3077455,1
3077516,1
3077517,1
3077526,1
3077527,1
3077528,1
3077531,1
3077946,1
3077947,1
3077948,1
3080859,1
3080860,1
3080861,1
3080862,1
3080863,1
3080864,1
3080865,1
3080866,1
3080867,1
3080868,1
3080869,1
3080870,1
3080871,1
3080872,1
3080873,1
3080874,1
3080875,1
3080876,1
3080877,1
3080878,1
3080879,1
3080880,1
3080881,1
3080882,1
3080911,1
3080912,1
3080913,1
3080914,1
3080915,1
3080916,1
3080917,1
3080918,1
3080919,1
3080920,1
3080921,1
3080922,1
3080923,1
3080924,1
3080925,1
3080926,1
3080927,1
3080928,1
3080929,1
3080930,1
3080931,1
3080932,1
3080933,1
3080934,1
3080935,1
3080936,1
3080937,1
3080938,1
3080939,1
3080940,1
3080941,1
3080942,1
3080943,1
3080944,1
3080945,1
3080946,1
3080947,1
3080948,1
3080949,1
3080950,1
3080951,1
3080952,1
3080953,1
3080954,1
3080955,1
3080956,1
3080957,1
3080958,1
3080959,1
3080960,1
3080961,1
3080962,1
3080963,1
3080964,1
3080965,1
3080966,1
3080967,1
3080968,1
3080969,1
3080970,1
3080971,1
3080972,1
3080973,1
3080974,1
3080975,1
3080976,1
3080977,1
3080978,1
3080979,1
3080980,1
3080981,1
3080982,1
3080983,1
3080984,1
3080985,1
3080986,1
3080987,1
3080988,1
3080989,1
3080990,1
3080991,1
3080992,1
3080993,1
3080994,1
3080995,1
3080996,1
3080997,1
3080998,1
3080999,1
3081000,1
3081001,1
3081002,1
3081003,1
3081004,1
3081005,1
3081006,1
3081007,1
3081008,1
3081009,1
3081010,1
3081011,1
3081012,1
3081013,1
3081014,1
3081015,1
3081016,1
3081063,1
3081064,1
3081065,1
3081066,1
3081067,1
3081068,1
3081069,1
3081070,1
3081133,1
3081134,1
3081143,1
3081146,1
3084477,1
3084478,1
3084479,1
3084480,1
3084481,1
3084482,1
3084483,1
3084484,1
3084485,1
3084486,1
3084487,1
3084488,1
3084489,1
3084490,1
3084491,1
3084492,1
3084493,1
3084494,1
3084495,1
3084496,1
3084497,1
3084498,1
3084499,1
3084529,1
3084530,1
3084531,1
3084532,1
3084533,1
3084534,1
3084535,1
3084536,1
3084537,1
3084538,1
3084539,1
3084540,1
3084541,1
3084542,1
3084543,1
3084544,1
3084545,1
3084546,1
3084547,1
3084548,1
3084549,1
3084550,1
3084551,1
3084552,1
3084553,1
3084554,1
3084555,1
3084556,1
3084557,1
3084558,1
3084559,1
3084560,1
3084561,1
3084562,1
3084563,1
3084564,1
3084565,1
3084566,1
3084567,1
3084568,1
3084569,1
3084570,1
3084571,1
3084572,1
3084573,1
3084574,1
3084575,1
3084576,1
3084577,1
3084578,1
3084579,1
3084580,1
3084581,1
3084582,1
3084583,1
3084584,1
3084585,1
3084586,1
3084587,1
3084588,1
3084589,1
3084590,1
3084591,1
3084592,1
3084593,1
3084594,1
3084595,1
3084596,1
3084597,1
3084598,1
3084599,1
3084600,1
3084601,1
3084602,1
3084603,1
3084604,1
3084605,1
3084606,1
3084607,1
3084608,1
3084609,1
3084610,1
3084611,1
3084612,1
3084613,1
3084614,1
3084615,1
3084616,1
3084617,1
3084618,1
3084619,1
3084620,1
3084621,1
3084622,1
3084623,1
3084624,1
3084625,1
3084626,1
3084627,1
3084628,1
3084629,1
3084630,1
3084631,1
3084632,1
3084633,1
3084680,1
3084681,1
3084682,1
3084683,1
3084684,1
3084685,1
3084686,1
3084687,1
3084750,1
3084751,1
3084760,1
3084763,1
3088094,1
3088095,1
3088096,1
3088097,1
3088098,1
3088099,1
3088100,1
3088101,1
3088102,1
3088103,1
3088104,1
3088105,1
3088106,1
3088107,1
3088108,1
3088109,1
3088110,1
3088111,1
3088112,1
3088113,1
3088114,1
3088115,1
3088116,1
3088146,1
3088147,1
3088148,1
3088149,1
3088150,1
3088151,1
3088152,1
3088153,1
3088154,1
3088155,1
3088156,1
3088157,1
3088158,1
3088159,1
3088160,1
3088161,1
3088162,1
3088163,1
3088164,1
3088165,1
3088166,1
3088167,1
3088168,1
3088169,1
3088170,1
3088171,1
3088172,1
3088173,1
3088174,1
3088175,1
3088176,1
3088177,1
3088178,1
3088179,1
3088180,1
3088181,1
3088182,1
3088183,1
3088184,1
3088185,1
3088186,1
3088187,1
3088188,1
3088189,1
3088190,1
3088191,1
3088192,1
3088193,1
3088194,1
3088195,1
3088196,1
3088197,1
3088198,1
3088199,1
3088200,1
3088201,1
3088202,1
3088203,1
3088204,1
3088205,1
3088206,1
3088207,1
3088208,1
3088209,1
3088210,1
3088211,1
3088212,1
3088213,1
3088214,1
3088215,1
3088216,1
3088217,1
3088218,1
3088219,1
3088220,1
3088221,1
3088222,1
3088223,1
3088224,1
3088225,1
3088226,1
3088227,1
3088228,1
3088229,1
3088230,1
3088231,1
3088232,1
3088233,1
3088234,1
3088235,1
3088236,1
3088237,1
3088238,1
3088239,1
3088240,1
3088241,1
3088242,1
3088243,1
3088244,1
3088245,1
3088246,1
3088247,1
3088248,1
3088249,1
3088250,1
3088287,1
3088288,1
3088295,1
3088296,1
3088297,1
3088298,1
3088299,1
3088302,1
3088377,1
3088380,1
3091711,1
3091712,1
3091713,1
3091714,1
3091715,1
3091716,1
3091717,1
3091718,1
3091719,1
3091720,1
3091721,1
3091722,1
3091723,1
3091724,1
3091725,1
3091726,1
3091727,1
3091728,1
3091729,1
3091730,1
3091731,1
3091732,1
3091733,1
3091763,1
3091764,1
3091765,1
3091766,1
3091767,1
3091768,1
3091769,1
3091770,1
3091771,1
3091772,1
3091773,1
3091774,1
3091775,1
3091776,1
3091777,1
3091778,1
3091779,1
3091780,1
3091781,1
3091782,1
3091783,1
3091784,1
3091785,1
3091786,1
3091787,1
3091788,1
3091789,1
3091790,1
3091791,1
3091792,1
3091793,1
3091794,1
3091795,1
3091796,1
3091797,1
3091798,1
3091799,1
3091800,1
3091801,1
3091802,1
3091803,1
3091804,1
3091805,1
3091806,1
3091807,1
3091808,1
3091809,1
3091810,1
3091811,1
3091812,1
3091813,1
3091814,1
3091815,1
3091816,1
3091817,1
3091818,1
3091819,1
3091820,1
3091821,1
3091822,1
3091823,1
3091824,1
3091825,1
3091826,1
3091827,1
3091828,1
3091829,1
3091830,1
3091831,1
3091832,1
3091833,1
3091834,1
3091835,1
3091836,1
3091837,1
3091838,1
3091839,1
3091840,1
3091841,1
3091842,1
3091843,1
3091844,1
3091845,1
3091846,1
3091847,1
3091848,1
3091849,1
3091850,1
3091851,1
3091852,1
3091853,1
3091854,1
3091855,1
3091856,1
3091857,1
3091858,1
3091859,1
3091860,1
3091861,1
3091862,1
3091863,1
3091864,1
3091865,1
3091866,1
3091906,1
3091909,1
3091910,1
3091911,1
3091912,1
3091913,1
3091914,1
3091915,1
3091916,1
3091917,1
3091981,1
3091985,1
3091994,1
3091995,1
3091997,1
3095327,1
3095328,1
3095329,1
3095330,1
3095331,1
3095332,1
3095333,1
3095334,1
3095335,1
3095336,1
3095337,1
3095338,1
3095339,1
3095340,1
3095341,1
3095342,1
3095343,1
3095344,1
3095345,1
3095346,1
3095347,1
3095348,1
3095349,1
3095350,1
3095379,1
3095380,1
3095381,1
3095382,1
3095383,1
3095384,1
3095385,1
3095386,1
3095387,1
3095388,1
3095389,1
3095390,1
3095391,1
3095392,1
3095393,1
3095394,1
3095395,1
3095396,1
3095397,1
3095398,1
3095399,1
3095400,1
3095401,1
3095402,1
3095403,1
3095404,1
3095405,1
3095406,1
3095407,1
3095408,1
3095409,1
3095410,1
3095411,1
3095412,1
3095413,1
3095414,1
3095415,1
3095416,1
3095417,1
3095418,1
3095419,1
3095420,1
3095421,1
3095422,1
3095423,1
3095424,1
3095425,1
3095426,1
3095428,1
3095429,1
3095430,1
3095431,1
3095432,1
3095433,1
3095434,1
3095435,1
3095436,1
3095437,1
3095438,1
3095439,1
3095440,1
3095441,1
3095442,1
3095443,1
3095444,1
3095445,1
3095446,1
3095447,1
3095448,1
3095449,1
3095450,1
3095451,1
3095452,1
3095453,1
3095454,1
3095455,1
3095456,1
3095457,1
3095458,1
3095459,1
3095460,1
3095461,1
3095462,1
3095463,1
3095464,1
3095465,1
3095466,1
3095467,1
3095468,1
3095469,1
3095470,1
3095471,1
3095472,1
3095473,1
3095474,1
3095475,1
3095476,1
3095477,1
3095478,1
3095479,1
3095480,1
3095481,1
3095482,1
3095483,1
3095524,1
3095525,1
3095526,1
3095527,1
3095528,1
3095531,1
3095532,1
3095533,1
3095534,1
3095602,1
3095612,1
3095614,1
3098945,1
3098946,1
3098947,1
3098948,1
3098949,1
3098950,1
3098951,1
3098952,1
3098953,1
3098954,1
3098955,1
3098956,1
3098957,1
3098958,1
3098959,1
3098960,1
3098961,1
3098962,1
3098963,1
3098964,1
3098965,1
3098966,1
3098967,1
3098968,1
3098969,1
3098996,1
3098997,1
3098998,1
3098999,1
3099000,1
3099001,1
3099002,1
3099003,1
3099004,1
3099005,1
3099006,1
3099007,1
3099008,1
3099009,1
3099010,1
3099011,1
3099012,1
3099013,1
3099014,1
3099015,1
3099016,1
3099017,1
3099018,1
3099019,1
3099020,1
3099021,1
3099022,1
3099023,1
3099024,1
3099025,1
3099026,1
3099027,1
3099028,1
3099029,1
3099030,1
3099031,1
3099032,1
3099033,1
3099034,1
3099035,1
3099036,1
3099037,1
3099038,1
3099039,1
3099040,1
3099041,1
3099042,1
3099045,1
3099046,1
3099047,1
3099048,1
3099049,1
3099050,1
3099051,1
3099052,1
3099053,1
3099054,1
3099055,1
3099056,1
3099057,1
3099058,1
3099059,1
3099060,1
3099061,1
3099062,1
3099063,1
3099064,1
3099065,1
3099066,1
3099067,1
3099068,1
3099069,1
3099070,1
3099071,1
3099072,1
3099073,1
3099074,1
3099075,1
3099076,1
3099077,1
3099078,1
3099079,1
3099080,1
3099081,1
3099082,1
3099083,1
3099084,1
3099085,1
3099086,1
3099087,1
3099088,1
3099089,1
3099090,1
3099091,1
3099092,1
3099093,1
3099094,1
3099095,1
3099096,1
3099097,1
3099098,1
3099099,1
3099137,1
3099142,1
3099143,1
3099144,1
3099219,1
3099228,1
3099229,1
3099231,1
3102565,1
3102566,1
3102567,1
3102568,1
3102569,1
3102570,1
3102571,1
3102572,1
3102573,1
3102574,1
3102575,1
3102576,1
3102577,1
3102578,1
3102579,1
3102580,1
3102581,1
3102582,1
3102583,1
3102584,1
3102585,1
3102586,1
3102614,1
3102615,1
3102616,1
3102617,1
3102618,1
3102619,1
3102620,1
3102621,1
3102622,1
3102623,1
3102624,1
3102625,1
3102626,1
3102627,1
3102628,1
3102629,1
3102630,1
3102631,1
3102632,1
3102633,1
3102634,1
3102635,1
3102636,1
3102637,1
3102638,1
3102639,1
3102640,1
3102641,1
3102642,1
3102643,1
3102644,1
3102645,1
3102646,1
3102647,1
3102648,1
3102649,1
3102650,1
3102651,1
3102652,1
3102653,1
3102654,1
3102655,1
3102656,1
3102657,1
3102658,1
3102659,1
3102663,1
3102664,1
3102665,1
3102666,1
3102667,1
3102668,1
3102669,1
3102670,1
3102671,1
3102672,1
3102673,1
3102674,1
3102675,1
3102676,1
3102677,1
3102678,1
3102679,1
3102680,1
3102681,1
3102682,1
3102683,1
3102684,1
3102685,1
3102686,1
3102687,1
3102688,1
3102689,1
3102690,1
3102691,1
3102692,1
3102693,1
3102694,1
3102695,1
3102696,1
3102697,1
3102698,1
3102699,1
3102700,1
3102701,1
3102702,1
3102703,1
3102704,1
3102705,1
3102706,1
3102707,1
3102708,1
3102709,1
3102710,1
3102711,1
3102712,1
3102713,1
3102714,1
3102715,1
3102716,1
3102755,1
3102757,1
3102758,1
3102759,1
3102760,1
3102761,1
3102832,1
3102845,1
3102847,1
3102848,1
3106182,1
3106183,1
3106184,1
3106185,1
3106186,1
3106187,1
3106188,1
3106189,1
3106190,1
3106191,1
3106192,1
3106193,1
3106194,1
3106195,1
3106196,1
3106197,1
3106198,1
3106199,1
3106200,1
3106201,1
3106202,1
3106230,1
3106231,1
3106232,1
3106233,1
3106234,1
3106235,1
3106236,1
3106237,1
3106238,1
3106239,1
3106240,1
3106241,1
3106242,1
3106243,1
3106244,1
3106245,1
3106246,1
3106247,1
3106248,1
3106249,1
3106250,1
3106251,1
3106252,1
3106253,1
3106254,1
3106255,1
3106256,1
3106257,1
3106258,1
3106259,1
3106260,1
3106261,1
3106262,1
3106263,1
3106264,1
3106265,1
3106266,1
3106267,1
3106268,1
3106269,1
3106270,1
3106271,1
3106272,1
3106273,1
3106274,1
3106275,1
3106276,1
3106280,1
3106281,1
3106282,1
3106283,1
3106284,1
3106285,1
3106286,1
3106287,1
3106288,1
3106289,1
3106290,1
3106291,1
3106292,1
3106293,1
3106294,1
3106295,1
3106296,1
3106297,1
3106298,1
3106299,1
3106300,1
3106301,1
3106302,1
3106303,1
3106304,1
3106305,1
3106306,1
3106307,1
3106308,1
3106309,1
3106310,1
3106311,1
3106312,1
3106313,1
3106314,1
3106315,1
3106316,1
3106317,1
3106318,1
3106319,1
3106320,1
3106321,1
3106322,1
3106323,1
3106324,1
3106325,1
3106326,1
3106327,1
3106328,1
3106329,1
3106330,1
3106331,1
3106332,1
3106373,1
3106374,1
3106375,1
3106376,1
3106377,1
3106378,1
3106450,1
3106462,1
3106464,1
3106465,1
3109770,1
3109800,1
3109801,1
3109802,1
3109803,1
3109804,1
3109805,1
3109806,1
3109807,1
3109808,1
3109809,1
3109810,1
3109811,1
3109812,1
3109813,1
3109814,1
3109815,1
3109816,1
3109817,1
3109818,1
3109819,1
3109820,1
3109821,1
3109847,1
3109848,1
3109849,1
3109850,1
3109851,1
3109852,1
3109853,1
3109854,1
3109855,1
3109856,1
3109857,1
3109858,1
3109859,1
3109860,1
3109861,1
3109862,1
3109863,1
3109864,1
3109865,1
3109866,1
3109867,1
3109868,1
3109869,1
3109870,1
3109871,1
3109872,1
3109873,1
3109874,1
3109875,1
3109876,1
3109877,1
3109878,1
3109879,1
3109880,1
3109881,1
3109882,1
3109883,1
3109884,1
3109885,1
3109886,1
3109887,1
3109888,1
3109889,1
3109890,1
3109891,1
3109892,1
3109893,1
3109898,1
3109899,1
3109900,1
3109901,1
3109902,1
3109903,1
3109904,1
3109905,1
3109906,1
3109907,1
3109908,1
3109909,1
3109910,1
3109911,1
3109912,1
3109913,1
3109914,1
3109915,1
3109916,1
3109917,1
3109918,1
3109919,1
3109920,1
3109921,1
3109922,1
3109923,1
3109924,1
3109925,1
3109926,1
3109927,1
3109928,1
3109929,1
3109930,1
3109931,1
3109932,1
3109933,1
3109934,1
3109935,1
3109936,1
3109937,1
3109938,1
3109939,1
3109940,1
3109941,1
3109942,1
3109943,1
3109944,1
3109945,1
3109946,1
3109947,1
3109948,1
3109992,1
3109993,1
3109994,1
3109995,1
3110069,1
3110070,1
3110071,1
3110079,1
3110080,1
3110082,1
3113389,1
3113390,1
3113391,1
3113392,1
3113393,1
3113418,1
3113419,1
3113420,1
3113421,1
3113422,1
3113423,1
3113424,1
3113425,1
3113426,1
3113427,1
3113428,1
3113429,1
3113430,1
3113431,1
3113432,1
3113433,1
3113434,1
3113435,1
3113436,1
3113437,1
3113438,1
3113464,1
3113465,1
3113466,1
3113467,1
3113468,1
3113469,1
3113470,1
3113471,1
3113472,1
3113473,1
3113474,1
3113475,1
3113476,1
3113477,1
3113478,1
3113479,1
3113480,1
3113481,1
3113482,1
3113483,1
3113484,1
3113485,1
3113486,1
3113487,1
3113488,1
3113489,1
3113490,1
3113491,1
3113492,1
3113493,1
3113494,1
3113495,1
3113496,1
3113497,1
3113498,1
3113499,1
3113500,1
3113501,1
3113502,1
3113503,1
3113504,1
3113505,1
3113506,1
3113507,1
3113508,1
3113509,1
3113510,1
3113511,1
3113514,1
3113515,1
3113516,1
3113517,1
3113518,1
3113519,1
3113520,1
3113521,1
3113522,1
3113523,1
3113524,1
3113525,1
3113526,1
3113527,1
3113528,1
3113529,1
3113530,1
3113531,1
3113532,1
3113533,1
3113534,1
3113535,1
3113536,1
3113537,1
3113538,1
3113539,1
3113540,1
3113541,1
3113542,1
3113543,1
3113544,1
3113545,1
3113546,1
3113547,1
3113548,1
3113549,1
3113550,1
3113551,1
3113552,1
3113553,1
3113554,1
3113555,1
3113556,1
3113557,1
3113558,1
3113559,1
3113560,1
3113561,1
3113562,1
3113563,1
3113564,1
3113609,1
3113610,1
3113611,1
3113612,1
3113684,1
3113685,1
3113687,1
3113688,1
3113689,1
3113697,1
3113698,1
3113699,1
3117007,1
3117008,1
3117009,1
3117010,1
3117011,1
3117012,1
3117013,1
3117037,1
3117038,1
3117039,1
3117040,1
3117041,1
3117042,1
3117043,1
3117044,1
3117045,1
3117046,1
3117047,1
3117048,1
3117049,1
3117050,1
3117051,1
3117052,1
3117053,1
3117054,1
3117055,1
3117056,1
3117081,1
3117082,1
3117083,1
3117084,1
3117085,1
3117086,1
3117087,1
3117088,1
3117089,1
3117090,1
3117091,1
3117092,1
3117093,1
3117094,1
3117095,1
3117096,1
3117097,1
3117098,1
3117099,1
3117100,1
3117101,1
3117102,1
3117103,1
3117104,1
3117105,1
3117106,1
3117107,1
3117108,1
3117109,1
3117110,1
3117111,1
3117112,1
3117113,1
3117114,1
3117115,1
3117116,1
3117117,1
3117118,1
3117119,1
3117120,1
3117121,1
3117122,1
3117123,1
3117124,1
3117125,1
3117126,1
3117127,1
3117128,1
3117131,1
3117132,1
3117133,1
3117134,1
3117135,1
3117136,1
3117137,1
3117138,1
3117139,1
3117140,1
3117141,1
3117142,1
3117143,1
3117144,1
3117145,1
3117146,1
3117147,1
3117148,1
3117149,1
3117150,1
3117151,1
3117152,1
3117153,1
3117154,1
3117155,1
3117156,1
3117157,1
3117158,1
3117159,1
3117160,1
3117161,1
3117162,1
3117163,1
3117164,1
3117165,1
3117166,1
3117167,1
3117168,1
3117169,1
3117170,1
3117171,1
3117172,1
3117173,1
3117174,1
3117175,1
3117176,1
3117177,1
3117178,1
3117179,1
3117180,1
3117181,1
3117226,1
3117227,1
3117228,1
3117229,1
3117301,1
3117303,1
3117304,1
3117305,1
3117306,1
3117315,1
3117316,1
3117317,1
3120628,1
3120629,1
3120630,1
3120631,1
3120632,1
3120633,1
3120655,1
3120656,1
3120657,1
3120658,1
3120659,1
3120660,1
3120661,1
3120662,1
3120663,1
3120664,1
3120665,1
3120666,1
3120667,1
3120668,1
3120669,1
3120670,1
3120671,1
3120672,1
3120673,1
3120674,1
3120699,1
3120700,1
3120701,1
3120702,1
3120703,1
3120704,1
3120705,1
3120706,1
3120707,1
3120708,1
3120709,1
3120710,1
3120711,1
3120712,1
3120713,1
3120714,1
3120715,1
3120716,1
3120717,1
3120718,1
3120719,1
3120720,1
3120721,1
3120722,1
3120723,1
3120724,1
3120725,1
3120726,1
3120727,1
3120728,1
3120729,1
3120730,1
3120731,1
3120732,1
3120733,1
3120734,1
3120735,1
3120736,1
3120737,1
3120738,1
3120739,1
3120740,1
3120741,1
3120742,1
3120743,1
3120744,1
3120746,1
3120747,1
3120748,1
3120749,1
3120750,1
3120751,1
3120752,1
3120753,1
3120754,1
3120755,1
3120756,1
3120757,1
3120758,1
3120759,1
3120760,1
3120761,1
3120762,1
3120763,1
3120764,1
3120765,1
3120766,1
3120767,1
3120768,1
3120769,1
3120770,1
3120771,1
3120772,1
3120773,1
3120774,1
3120775,1
3120776,1
3120777,1
3120778,1
3120779,1
3120780,1
3120781,1
3120782,1
3120783,1
3120784,1
3120785,1
3120786,1
3120787,1
3120788,1
3120789,1
3120790,1
3120791,1
3120792,1
3120793,1
3120794,1
3120795,1
3120796,1
3120797,1
3120837,1
3120839,1
3120840,1
3120841,1
3120842,1
3120843,1
3120844,1
3120845,1
3120846,1
3120918,1
3120919,1
3120921,1
3120922,1
3120933,1
3124245,1
3124246,1
3124247,1
3124248,1
3124249,1
3124250,1
3124251,1
3124274,1
3124275,1
3124276,1
3124277,1
3124278,1
3124279,1
3124280,1
3124281,1
3124282,1
3124283,1
3124284,1
3124285,1
3124286,1
3124287,1
3124288,1
3124289,1
3124290,1
3124291,1
3124292,1
3124317,1
3124318,1
3124319,1
3124320,1
3124321,1
3124322,1
3124323,1
3124324,1
3124325,1
3124326,1
3124327,1
3124328,1
3124329,1
3124330,1
3124331,1
3124332,1
3124333,1
3124334,1
3124335,1
3124336,1
3124337,1
3124338,1
3124339,1
3124340,1
3124341,1
3124342,1
3124343,1
3124344,1
3124345,1
3124346,1
3124347,1
3124348,1
3124349,1
3124350,1
3124351,1
3124352,1
3124353,1
3124354,1
3124355,1
3124356,1
3124357,1
3124358,1
3124359,1
3124360,1
3124361,1
3124362,1
3124363,1
3124364,1
3124365,1
3124366,1
3124367,1
3124368,1
3124369,1
3124370,1
3124371,1
3124372,1
3124373,1
3124374,1
3124375,1
3124376,1
3124377,1
3124378,1
3124379,1
3124380,1
3124381,1
3124382,1
3124383,1
3124384,1
3124385,1
3124386,1
3124387,1
3124388,1
3124389,1
3124390,1
3124391,1
3124392,1
3124393,1
3124394,1
3124395,1
3124396,1
3124397,1
3124398,1
3124399,1
3124400,1
3124401,1
3124402,1
3124403,1
3124404,1
3124405,1
3124406,1
3124407,1
3124408,1
3124409,1
3124410,1
3124411,1
3124412,1
3124413,1
3124414,1
3124458,1
3124459,1
3124461,1
3124462,1
3124463,1
3124536,1
3124539,1
3124550,1
3127864,1
3127865,1
3127866,1
3127867,1
3127868,1
3127892,1
3127893,1
3127894,1
3127895,1
3127896,1
3127897,1
3127898,1
3127899,1
3127900,1
3127901,1
3127902,1
3127903,1
3127904,1
3127905,1
3127906,1
3127907,1
3127908,1
3127909,1
3127933,1
3127934,1
3127935,1
3127936,1
3127937,1
3127938,1
3127939,1
3127940,1
3127941,1
3127942,1
3127943,1
3127944,1
3127945,1
3127946,1
3127947,1
3127948,1
3127949,1
3127950,1
3127951,1
3127952,1
3127953,1
3127954,1
3127955,1
3127956,1
3127957,1
3127958,1
3127959,1
3127960,1
3127961,1
3127962,1
3127963,1
3127964,1
3127965,1
3127966,1
3127967,1
3127968,1
3127969,1
3127970,1
3127971,1
3127972,1
3127973,1
3127974,1
3127975,1
3127976,1
3127977,1
3127978,1
3127979,1
3127980,1
3127981,1
3127982,1
3127983,1
3127984,1
3127985,1
3127986,1
3127987,1
3127988,1
3127989,1
3127990,1
3127991,1
3127992,1
3127993,1
3127994,1
3127995,1
3127996,1
3127997,1
3127998,1
3127999,1
3128000,1
3128001,1
3128002,1
3128003,1
3128004,1
3128005,1
3128006,1
3128007,1
3128008,1
3128009,1
3128010,1
3128011,1
3128012,1
3128013,1
3128014,1
3128015,1
3128016,1
3128017,1
3128018,1
3128019,1
3128020,1
3128021,1
3128022,1
3128023,1
3128024,1
3128025,1
3128026,1
3128027,1
3128028,1
3128029,1
3128030,1
3128073,1
3128075,1
3128076,1
3128077,1
3128078,1
3128079,1
3128080,1
3128153,1
3128156,1
3131485,1
3131486,1
3131510,1
3131511,1
3131512,1
3131513,1
3131514,1
3131515,1
3131516,1
3131517,1
3131518,1
3131519,1
3131520,1
3131521,1
3131522,1
3131523,1
3131524,1
3131525,1
3131526,1
3131527,1
3131550,1
3131551,1
3131552,1
3131553,1
3131554,1
3131555,1
3131556,1
3131557,1
3131558,1
3131559,1
3131560,1
3131561,1
3131562,1
3131563,1
3131564,1
3131565,1
3131566,1
3131567,1
3131568,1
3131569,1
3131570,1
3131571,1
3131572,1
3131573,1
3131574,1
3131575,1
3131576,1
3131577,1
3131578,1
3131579,1
3131580,1
3131581,1
3131582,1
3131583,1
3131584,1
3131585,1
3131586,1
3131587,1
3131588,1
3131589,1
3131590,1
3131591,1
3131592,1
3131593,1
3131594,1
3131595,1
3131596,1
3131597,1
3131598,1
3131599,1
3131600,1
3131601,1
3131602,1
3131603,1
3131604,1
3131605,1
3131606,1
3131607,1
3131608,1
3131609,1
3131610,1
3131611,1
3131612,1
3131613,1
3131614,1
3131615,1
3131616,1
3131617,1
3131618,1
3131619,1
3131620,1
3131621,1
3131622,1
3131623,1
3131624,1
3131625,1
3131626,1
3131627,1
3131628,1
3131629,1
3131630,1
3131631,1
3131632,1
3131633,1
3131634,1
3131635,1
3131636,1
3131637,1
3131638,1
3131639,1
3131640,1
3131641,1
3131642,1
3131643,1
3131644,1
3131645,1
3131646,1
3131690,1
3131693,1
3131694,1
3131695,1
3131696,1
3131697,1
3131698,1
3131770,1
3131771,1
3131772,1
3131773,1
3132246,1
3132247,1
3135089,1
3135103,1
3135128,1
3135129,1
3135130,1
3135131,1
3135132,1
3135133,1
3135134,1
3135135,1
3135136,1
3135137,1
3135138,1
3135139,1
3135140,1
3135141,1
3135142,1
3135143,1
3135144,1
3135145,1
3135167,1
3135168,1
3135169,1
3135170,1
3135171,1
3135172,1
3135173,1
3135174,1
3135175,1
3135176,1
3135177,1
3135178,1
3135179,1
3135180,1
3135181,1
3135182,1
3135183,1
3135184,1
3135185,1
3135186,1
3135187,1
3135188,1
3135189,1
3135190,1
3135191,1
3135192,1
3135193,1
3135194,1
3135196,1
3135197,1
3135198,1
3135199,1
3135200,1
3135201,1
3135202,1
3135203,1
3135204,1
3135205,1
3135206,1
3135207,1
3135208,1
3135209,1
3135210,1
3135211,1
3135212,1
3135213,1
3135214,1
3135215,1
3135216,1
3135217,1
3135218,1
3135219,1
3135220,1
3135221,1
3135222,1
3135223,1
3135224,1
3135225,1
3135226,1
3135227,1
3135228,1
3135229,1
3135230,1
3135231,1
3135232,1
3135233,1
3135234,1
3135235,1
3135236,1
3135237,1
3135238,1
3135239,1
3135240,1
3135241,1
3135242,1
3135243,1
3135244,1
3135245,1
3135246,1
3135247,1
3135248,1
3135249,1
3135250,1
3135251,1
3135252,1
3135253,1
3135254,1
3135255,1
3135256,1
3135257,1
3135258,1
3135259,1
3135260,1
3135261,1
3135262,1
3135263,1
3135308,1
3135310,1
3135311,1
3135312,1
3135313,1
3135314,1
3135315,1
3135387,1
3135388,1
3135389,1
3135861,1
3135863,1
3138706,1
3138707,1
3138720,1
3138721,1
3138722,1
3138747,1
3138748,1
3138749,1
3138750,1
3138751,1
3138752,1
3138753,1
3138754,1
3138755,1
3138756,1
3138757,1
3138758,1
3138759,1
3138760,1
3138761,1
3138762,1
3138784,1
3138785,1
3138786,1
3138787,1
3138788,1
3138789,1
3138790,1
3138791,1
3138792,1
3138793,1
3138794,1
3138795,1
3138796,1
3138797,1
3138798,1
3138799,1
3138800,1
3138801,1
3138802,1
3138803,1
3138804,1
3138805,1
3138806,1
3138807,1
3138808,1
3138809,1
3138810,1
3138811,1
3138813,1
3138814,1
3138815,1
3138816,1
3138817,1
3138818,1
3138819,1
3138820,1
3138821,1
3138822,1
3138823,1
3138824,1
3138825,1
3138826,1
3138827,1
3138828,1
3138829,1
3138830,1
3138831,1
3138832,1
3138833,1
3138834,1
3138835,1
3138836,1
3138837,1
3138838,1
3138839,1
3138840,1
3138841,1
3138842,1
3138843,1
3138844,1
3138845,1
3138846,1
3138847,1
3138848,1
3138849,1
3138850,1
3138851,1
3138852,1
3138853,1
3138854,1
3138855,1
3138856,1
3138857,1
3138858,1
3138859,1
3138860,1
3138861,1
3138862,1
3138863,1
3138864,1
3138865,1
3138866,1
3138867,1
3138868,1
3138869,1
3138870,1
3138871,1
3138872,1
3138873,1
3138874,1
3138875,1
3138876,1
3138877,1
3138878,1
3138879,1
3138923,1
3138924,1
3138925,1
3138926,1
3138927,1
3138928,1
3138929,1
3138930,1
3138931,1
3139004,1
3139005,1
3139478,1
3139479,1
3139480,1
3142323,1
3142324,1
3142337,1
3142338,1
3142339,1
3142365,1
3142366,1
3142367,1
3142368,1
3142369,1
3142370,1
3142371,1
3142372,1
3142373,1
3142374,1
3142375,1
3142376,1
3142377,1
3142378,1
3142379,1
3142401,1
3142402,1
3142403,1
3142404,1
3142405,1
3142406,1
3142407,1
3142408,1
3142409,1
3142410,1
3142411,1
3142412,1
3142413,1
3142414,1
3142415,1
3142416,1
3142417,1
3142418,1
3142419,1
3142420,1
3142421,1
3142422,1
3142424,1
3142425,1
3142426,1
3142427,1
3142428,1
3142429,1
3142430,1
3142431,1
3142432,1
3142433,1
3142434,1
3142435,1
3142436,1
3142437,1
3142438,1
3142439,1
3142440,1
3142441,1
3142442,1
3142443,1
3142444,1
3142445,1
3142446,1
3142447,1
3142448,1
3142449,1
3142450,1
3142451,1
3142452,1
3142453,1
3142454,1
3142455,1
3142456,1
3142457,1
3142458,1
3142459,1
3142460,1
3142461,1
3142462,1
3142463,1
3142464,1
3142465,1
3142466,1
3142467,1
3142468,1
3142469,1
3142470,1
3142471,1
3142472,1
3142473,1
3142474,1
3142475,1
3142476,1
3142477,1
3142478,1
3142479,1
3142480,1
3142481,1
3142482,1
3142483,1
3142484,1
3142485,1
3142486,1
3142487,1
3142488,1
3142489,1
3142490,1
3142491,1
3142492,1
3142493,1
3142494,1
3142495,1
3142542,1
3142543,1
3142544,1
3142545,1
3142546,1
3142547,1
3142548,1
3142621,1
3142622,1
3142678,1
3142679,1
3143095,1
3143096,1
3143097,1
3143098,1
3145938,1
3145940,1
3145941,1
3145955,1
3145956,1
3145983,1
3145984,1
3145985,1
3145986,1
3145987,1
3145988,1
3145989,1
3145990,1
3145991,1
3145992,1
3145993,1
3145994,1
3145995,1
3145997,1
3146018,1
3146019,1
3146020,1
3146021,1
3146022,1
3146023,1
3146024,1
3146025,1
3146026,1
3146027,1
3146028,1
3146029,1
3146030,1
3146031,1
3146032,1
3146033,1
3146034,1
3146035,1
3146036,1
3146037,1
3146038,1
3146039,1
3146040,1
3146041,1
3146042,1
3146043,1
3146044,1
3146045,1
3146046,1
3146047,1
3146048,1
3146049,1
3146050,1
3146051,1
3146052,1
3146053,1
3146054,1
3146055,1
3146056,1
3146057,1
3146058,1
3146059,1
3146060,1
3146061,1
3146062,1
3146063,1
3146064,1
3146065,1
3146066,1
3146067,1
3146068,1
3146069,1
3146070,1
3146071,1
3146072,1
3146073,1
3146074,1
3146075,1
3146076,1
3146077,1
3146078,1
3146079,1
3146080,1
3146081,1
3146082,1
3146083,1
3146084,1
3146085,1
3146086,1
3146087,1
3146088,1
3146089,1
3146090,1
3146091,1
3146092,1
3146093,1
3146094,1
3146095,1
3146096,1
3146097,1
3146098,1
3146099,1
3146100,1
3146101,1
3146102,1
3146103,1
3146104,1
3146105,1
3146106,1
3146107,1
3146108,1
3146109,1
3146160,1
3146161,1
3146162,1
3146163,1
3146164,1
3146238,1
3146239,1
3146240,1
3146295,1
3146296,1
3146301,1
3146302,1
3146711,1
3146712,1
3146713,1
3146714,1
3149554,1
3149555,1
3149556,1
3149557,1
3149558,1
3149559,1
3149560,1
3149572,1
3149573,1
3149574,1
3149601,1
3149602,1
3149603,1
3149604,1
3149605,1
3149606,1
3149607,1
3149608,1
3149609,1
3149610,1
3149611,1
3149612,1
3149635,1
3149636,1
3149637,1
3149638,1
3149639,1
3149640,1
3149641,1
3149642,1
3149643,1
3149644,1
3149645,1
3149646,1
3149647,1
3149648,1
3149649,1
3149650,1
3149651,1
3149652,1
3149653,1
3149654,1
3149655,1
3149656,1
3149657,1
3149659,1
3149660,1
3149661,1
3149662,1
3149663,1
3149664,1
3149665,1
3149666,1
3149667,1
3149668,1
3149669,1
3149670,1
3149671,1
3149672,1
3149673,1
3149674,1
3149675,1
3149676,1
3149677,1
3149678,1
3149679,1
3149680,1
3149681,1
3149682,1
3149683,1
3149684,1
3149685,1
3149686,1
3149687,1
3149688,1
3149690,1
3149691,1
3149692,1
3149693,1
3149694,1
3149695,1
3149696,1
3149697,1
3149698,1
3149699,1
3149700,1
3149701,1
3149702,1
3149703,1
3149704,1
3149705,1
3149706,1
3149707,1
3149708,1
3149709,1
3149710,1
3149711,1
3149712,1
3149713,1
3149714,1
3149715,1
3149716,1
3149717,1
3149718,1
3149719,1
3149720,1
3149721,1
3149722,1
3149778,1
3149779,1
3149780,1
3149855,1
3149856,1
3149857,1
3149912,1
3149913,1
3149918,1
3149919,1
3149920,1
3150329,1
3150330,1
3153172,1
3153173,1
3153174,1
3153175,1
3153177,1
3153178,1
3153189,1
3153190,1
3153191,1
3153192,1
3153193,1
3153218,1
3153219,1
3153220,1
3153221,1
3153222,1
3153223,1
3153224,1
3153225,1
3153226,1
3153227,1
3153228,1
3153229,1
3153230,1
3153253,1
3153254,1
3153255,1
3153256,1
3153257,1
3153258,1
3153259,1
3153260,1
3153261,1
3153262,1
3153263,1
3153264,1
3153265,1
3153266,1
3153267,1
3153268,1
3153269,1
3153270,1
3153271,1
3153272,1
3153273,1
3153274,1
3153275,1
3153276,1
3153277,1
3153278,1
3153279,1
3153280,1
3153281,1
3153282,1
3153283,1
3153284,1
3153285,1
3153286,1
3153287,1
3153288,1
3153289,1
3153290,1
3153291,1
3153292,1
3153293,1
3153294,1
3153295,1
3153296,1
3153297,1
3153298,1
3153299,1
3153300,1
3153301,1
3153302,1
3153303,1
3153304,1
3153305,1
3153307,1
3153308,1
3153309,1
3153310,1
3153311,1
3153312,1
3153313,1
3153314,1
3153315,1
3153316,1
3153317,1
3153318,1
3153319,1
3153320,1
3153321,1
3153322,1
3153323,1
3153324,1
3153325,1
3153326,1
3153327,1
3153328,1
3153329,1
3153330,1
3153331,1
3153332,1
3153333,1
3153334,1
3153335,1
3153395,1
3153396,1
3153397,1
3153398,1
3153472,1
3153473,1
3153536,1
3156790,1
3156791,1
3156795,1
3156796,1
3156798,1
3156808,1
3156809,1
3156810,1
3156835,1
3156836,1
3156837,1
3156838,1
3156839,1
3156840,1
3156841,1
3156842,1
3156843,1
3156844,1
3156845,1
3156846,1
3156847,1
3156848,1
3156870,1
3156871,1
3156872,1
3156873,1
3156874,1
3156875,1
3156877,1
3156878,1
3156879,1
3156880,1
3156881,1
3156882,1
3156883,1
3156884,1
3156885,1
3156886,1
3156887,1
3156888,1
3156889,1
3156890,1
3156891,1
3156892,1
3156893,1
3156894,1
3156895,1
3156896,1
3156898,1
3156899,1
3156900,1
3156901,1
3156902,1
3156903,1
3156904,1
3156905,1
3156906,1
3156907,1
3156908,1
3156909,1
3156910,1
3156911,1
3156912,1
3156913,1
3156914,1
3156915,1
3156916,1
3156917,1
3156918,1
3156919,1
3156920,1
3156921,1
3156922,1
3156923,1
3156924,1
3156925,1
3156926,1
3156927,1
3156928,1
3156929,1
3156930,1
3156931,1
3156932,1
3156933,1
3156934,1
3156935,1
3156936,1
3156937,1
3156938,1
3156939,1
3156940,1
3156941,1
3156942,1
3156943,1
3156944,1
3156945,1
3156946,1
3156947,1
3156949,1
3156950,1
3157012,1
3157013,1
3157014,1
3157015,1
3157086,1
3157088,1
3157090,1
3160407,1
3160408,1
3160409,1
3160413,1
3160414,1
3160415,1
3160425,1
3160426,1
3160427,1
3160428,1
3160453,1
3160454,1
3160455,1
3160456,1
3160457,1
3160458,1
3160459,1
3160460,1
3160461,1
3160462,1
3160463,1
3160464,1
3160465,1
3160466,1
3160488,1
3160489,1
3160490,1
3160491,1
3160492,1
3160493,1
3160494,1
3160495,1
3160496,1
3160497,1
3160498,1
3160499,1
3160500,1
3160501,1
3160502,1
3160503,1
3160504,1
3160505,1
3160506,1
3160507,1
3160508,1
3160509,1
3160510,1
3160511,1
3160512,1
3160513,1
3160514,1
3160515,1
3160516,1
3160517,1
3160518,1
3160519,1
3160520,1
3160521,1
3160522,1
3160523,1
3160524,1
3160525,1
3160526,1
3160527,1
3160528,1
3160529,1
3160530,1
3160531,1
3160532,1
3160533,1
3160534,1
3160535,1
3160536,1
3160537,1
3160538,1
3160539,1
3160540,1
3160541,1
3160542,1
3160543,1
3160544,1
3160545,1
3160546,1
3160547,1
3160548,1
3160549,1
3160550,1
3160551,1
3160552,1
3160553,1
3160554,1
3160555,1
3160556,1
3160557,1
3160558,1
3160559,1
3160560,1
3160561,1
3160562,1
3160563,1
3160564,1
3160566,1
3160630,1
3160631,1
3160632,1
3160703,1
3160705,1
3160707,1
3160738,1
3164024,1
3164025,1
3164026,1
3164031,1
3164032,1
3164033,1
3164042,1
3164043,1
3164044,1
3164045,1
3164072,1
3164073,1
3164074,1
3164075,1
3164076,1
3164077,1
3164078,1
3164079,1
3164080,1
3164081,1
3164082,1
3164083,1
3164084,1
3164085,1
3164107,1
3164108,1
3164109,1
3164110,1
3164111,1
3164112,1
3164113,1
3164114,1
3164115,1
3164116,1
3164117,1
3164118,1
3164119,1
3164120,1
3164121,1
3164122,1
3164123,1
3164124,1
3164125,1
3164126,1
3164127,1
3164128,1
3164129,1
3164130,1
3164131,1
3164132,1
3164133,1
3164134,1
3164135,1
3164136,1
3164137,1
3164138,1
3164139,1
3164140,1
3164141,1
3164142,1
3164143,1
3164144,1
3164145,1
3164146,1
3164147,1
3164148,1
3164149,1
3164150,1
3164151,1
3164152,1
3164153,1
3164154,1
3164155,1
3164156,1
3164157,1
3164158,1
3164159,1
3164160,1
3164161,1
3164162,1
3164163,1
3164164,1
3164165,1
3164166,1
3164167,1
3164168,1
3164169,1
3164170,1
3164171,1
3164172,1
3164173,1
3164174,1
3164175,1
3164176,1
3164177,1
3164178,1
3164179,1
3164180,1
3164181,1
3164183,1
3164247,1
3164248,1
3164249,1
3164322,1
3164323,1
3164324,1
3164353,1
3164354,1
3164355,1
3164356,1
3167642,1
3167643,1
3167644,1
3167645,1
3167646,1
3167650,1
3167651,1
3167659,1
3167660,1
3167661,1
3167662,1
3167687,1
3167690,1
3167691,1
3167692,1
3167693,1
3167694,1
3167695,1
3167696,1
3167697,1
3167698,1
3167699,1
3167700,1
3167701,1
3167702,1
3167703,1
3167725,1
3167726,1
3167727,1
3167728,1
3167729,1
3167730,1
3167731,1
3167732,1
3167733,1
3167734,1
3167735,1
3167736,1
3167737,1
3167738,1
3167739,1
3167740,1
3167741,1
3167742,1
3167743,1
3167744,1
3167745,1
3167746,1
3167747,1
3167748,1
3167749,1
3167750,1
3167751,1
3167752,1
3167753,1
3167754,1
3167755,1
3167756,1
3167757,1
3167758,1
3167759,1
3167760,1
3167761,1
3167762,1
3167763,1
3167764,1
3167765,1
3167766,1
3167767,1
3167768,1
3167769,1
3167770,1
3167771,1
3167772,1
3167773,1
3167774,1
3167775,1
3167777,1
3167778,1
3167779,1
3167780,1
3167781,1
3167782,1
3167783,1
3167784,1
3167785,1
3167786,1
3167787,1
3167788,1
3167789,1
3167790,1
3167791,1
3167792,1
3167793,1
3167794,1
3167795,1
3167796,1
3167797,1
3167798,1
3167865,1
3167866,1
3167867,1
3167940,1
3167969,1
3167970,1
3167973,1
3171262,1
3171263,1
3171264,1
3171268,1
3171269,1
3171276,1
3171277,1
3171278,1
3171279,1
3171307,1
3171308,1
3171309,1
3171310,1
3171311,1
3171312,1
3171313,1
3171314,1
3171315,1
3171316,1
3171317,1
3171318,1
3171319,1
3171320,1
3171321,1
3171342,1
3171343,1
3171344,1
3171345,1
3171346,1
3171347,1
3171349,1
3171350,1
3171351,1
3171352,1
3171353,1
3171354,1
3171355,1
3171356,1
3171357,1
3171358,1
3171359,1
3171360,1
3171361,1
3171362,1
3171363,1
3171364,1
3171365,1
3171366,1
3171367,1
3171368,1
3171369,1
3171370,1
3171371,1
3171372,1
3171373,1
3171374,1
3171375,1
3171376,1
3171377,1
3171378,1
3171379,1
3171380,1
3171381,1
3171382,1
3171383,1
3171384,1
3171385,1
3171386,1
3171387,1
3171388,1
3171389,1
3171390,1
3171391,1
3171392,1
3171393,1
3171394,1
3171395,1
3171396,1
3171397,1
3171398,1
3171399,1
3171400,1
3171401,1
3171402,1
3171403,1
3171404,1
3171405,1
3171406,1
3171407,1
3171408,1
3171409,1
3171410,1
3171411,1
3171412,1
3171413,1
3171414,1
3171415,1
3171418,1
3171483,1
3171484,1
3171485,1
3171486,1
3171557,1
3171558,1
3171584,1
3171585,1
3171586,1
3171591,1
3174881,1
3174882,1
3174885,1
3174886,1
3174888,1
3174890,1
3174891,1
3174892,1
3174893,1
3174894,1
3174895,1
3174896,1
3174924,1
3174925,1
3174926,1
3174927,1
3174928,1
3174929,1
3174930,1
3174931,1
3174932,1
3174933,1
3174934,1
3174935,1
3174936,1
3174937,1
3174938,1
3174939,1
3174959,1
3174960,1
3174961,1
3174962,1
3174963,1
3174964,1
3174965,1
3174966,1
3174967,1
3174968,1
3174969,1
3174970,1
3174971,1
3174972,1
3174973,1
3174974,1
3174975,1
3174976,1
3174977,1
3174978,1
3174979,1
3174980,1
3174981,1
3174982,1
3174983,1
3174984,1
3174985,1
3174986,1
3174987,1
3174988,1
3174989,1
3174990,1
3174991,1
3174992,1
3174993,1
3174994,1
3174995,1
3174996,1
3174997,1
3174998,1
3174999,1
3175000,1
3175001,1
3175002,1
3175003,1
3175004,1
3175005,1
3175006,1
3175007,1
3175008,1
3175009,1
3175010,1
3175011,1
3175012,1
3175013,1
3175014,1
3175015,1
3175016,1
3175017,1
3175018,1
3175019,1
3175020,1
3175021,1
3175022,1
3175023,1
3175024,1
3175025,1
3175026,1
3175027,1
3175028,1
3175029,1
3175030,1
3175031,1
3175101,1
3175102,1
3175103,1
3175105,1
3175106,1
3175173,1
3175174,1
3175175,1
3175198,1
3175199,1
3175201,1
3175202,1
3175203,1
3175207,1
3175208,1
3178499,1
3178500,1
3178501,1
3178502,1
3178503,1
3178504,1
3178505,1
3178506,1
3178507,1
3178508,1
3178509,1
3178510,1
3178511,1
3178512,1
3178513,1
3178514,1
3178542,1
3178543,1
3178544,1
3178545,1
3178546,1
3178548,1
3178549,1
3178550,1
3178551,1
3178552,1
3178553,1
3178554,1
3178555,1
3178556,1
3178557,1
3178577,1
3178579,1
3178580,1
3178581,1
3178582,1
3178583,1
3178584,1
3178585,1
3178586,1
3178587,1
3178588,1
3178589,1
3178590,1
3178591,1
3178592,1
3178593,1
3178594,1
3178595,1
3178596,1
3178597,1
3178598,1
3178599,1
3178600,1
3178601,1
3178602,1
3178603,1
3178604,1
3178605,1
3178606,1
3178607,1
3178608,1
3178609,1
3178610,1
3178611,1
3178612,1
3178613,1
3178614,1
3178615,1
3178616,1
3178617,1
3178618,1
3178619,1
3178620,1
3178621,1
3178622,1
3178623,1
3178624,1
3178625,1
3178626,1
3178627,1
3178628,1
3178629,1
3178630,1
3178631,1
3178632,1
3178633,1
3178634,1
3178635,1
3178636,1
3178637,1
3178638,1
3178639,1
3178640,1
3178641,1
3178642,1
3178643,1
3178644,1
3178645,1
3178646,1
3178647,1
3178648,1
3178719,1
3178720,1
3178721,1
3178722,1
3178723,1
3178724,1
3178790,1
3178791,1
3178792,1
3178814,1
3178815,1
3178816,1
3178817,1
3178818,1
3178824,1
3182117,1
3182118,1
3182119,1
3182120,1
3182121,1
3182122,1
3182123,1
3182124,1
3182125,1
3182126,1
3182127,1
3182128,1
3182129,1
3182130,1
3182131,1
3182132,1
3182133,1
3182134,1
3182159,1
3182160,1
3182161,1
3182165,1
3182166,1
3182167,1
3182168,1
3182169,1
3182170,1
3182171,1
3182172,1
3182173,1
3182174,1
3182175,1
3182194,1
3182195,1
3182196,1
3182197,1
3182198,1
3182199,1
3182200,1
3182201,1
3182202,1
3182203,1
3182204,1
3182205,1
3182206,1
3182207,1
3182208,1
3182209,1
3182210,1
3182211,1
3182212,1
3182213,1
3182214,1
3182215,1
3182216,1
3182217,1
3182218,1
3182219,1
3182220,1
3182221,1
3182222,1
3182223,1
3182224,1
3182225,1
3182226,1
3182227,1
3182228,1
3182229,1
3182230,1
3182231,1
3182232,1
3182233,1
3182234,1
3182235,1
3182236,1
3182237,1
3182238,1
3182239,1
3182240,1
3182241,1
3182242,1
3182243,1
3182244,1
3182245,1
3182246,1
3182247,1
3182248,1
3182249,1
3182250,1
3182251,1
3182252,1
3182253,1
3182254,1
3182255,1
3182256,1
3182257,1
3182258,1
3182259,1
3182260,1
3182261,1
3182262,1
3182263,1
3182264,1
3182265,1
3182266,1
3182335,1
3182336,1
3182337,1
3182338,1
3182339,1
3182341,1
3182408,1
3182409,1
3182431,1
3182432,1
3182433,1
3182434,1
3182435,1
3182436,1
3182441,1
3185736,1
3185737,1
3185738,1
3185740,1
3185741,1
3185742,1
3185743,1
3185745,1
3185746,1
3185747,1
3185748,1
3185749,1
3185750,1
3185751,1
3185752,1
3185777,1
3185778,1
3185783,1
3185784,1
3185785,1
3185786,1
3185787,1
3185788,1
3185789,1
3185790,1
3185791,1
3185792,1
3185793,1
3185794,1
3185812,1
3185813,1
3185814,1
3185815,1
3185816,1
3185817,1
3185818,1
3185819,1
3185820,1
3185821,1
3185822,1
3185823,1
3185824,1
3185825,1
3185826,1
3185827,1
3185828,1
3185829,1
3185830,1
3185831,1
3185832,1
3185833,1
3185834,1
3185835,1
3185836,1
3185837,1
3185838,1
3185839,1
3185840,1
3185841,1
3185842,1
3185843,1
3185844,1
3185845,1
3185846,1
3185847,1
3185848,1
3185849,1
3185850,1
3185851,1
3185852,1
3185853,1
3185854,1
3185855,1
3185856,1
3185857,1
3185858,1
3185859,1
3185860,1
3185861,1
3185862,1
3185863,1
3185864,1
3185865,1
3185866,1
3185867,1
3185868,1
3185869,1
3185870,1
3185871,1
3185872,1
3185873,1
3185874,1
3185875,1
3185876,1
3185877,1
3185878,1
3185879,1
3185880,1
3185881,1
3185882,1
3185951,1
3185952,1
3185953,1
3185954,1
3185955,1
3185956,1
3185957,1
3185958,1
3185959,1
3186024,1
3186025,1
3186026,1
3186049,1
3186050,1
3186052,1
3186053,1
3186058,1
3189353,1
3189354,1
3189355,1
3189357,1
3189358,1
3189360,1
3189361,1
3189362,1
3189363,1
3189364,1
3189365,1
3189366,1
3189367,1
3189368,1
3189369,1
3189370,1
3189396,1
3189401,1
3189402,1
3189403,1
3189406,1
3189407,1
3189408,1
3189409,1
3189410,1
3189411,1
3189412,1
3189413,1
3189429,1
3189430,1
3189431,1
3189432,1
3189433,1
3189434,1
3189435,1
3189436,1
3189437,1
3189438,1
3189439,1
3189440,1
3189441,1
3189442,1
3189443,1
3189444,1
3189445,1
3189446,1
3189447,1
3189448,1
3189449,1
3189450,1
3189451,1
3189452,1
3189453,1
3189454,1
3189455,1
3189456,1
3189457,1
3189458,1
3189459,1
3189460,1
3189461,1
3189462,1
3189463,1
3189464,1
3189465,1
3189466,1
3189467,1
3189468,1
3189469,1
3189470,1
3189471,1
3189472,1
3189473,1
3189474,1
3189475,1
3189476,1
3189477,1
3189478,1
3189479,1
3189480,1
3189481,1
3189482,1
3189483,1
3189484,1
3189485,1
3189486,1
3189487,1
3189488,1
3189489,1
3189490,1
3189491,1
3189492,1
3189493,1
3189494,1
3189495,1
3189496,1
3189497,1
3189498,1
3189499,1
3189500,1
3189568,1
3189569,1
3189570,1
3189571,1
3189572,1
3189573,1
3189574,1
3189575,1
3189576,1
3189577,1
3189641,1
3189642,1
3189643,1
3189666,1
3189669,1
3189670,1
3189671,1
3189674,1
3189675,1
3190121,1
3190122,1
3190123,1
3192974,1
3192975,1
3192976,1
3192977,1
3192978,1
3192979,1
3192980,1
3192981,1
3192982,1
3192983,1
3192984,1
3192985,1
3192986,1
3192987,1
3192988,1
3192989,1
3193019,1
3193023,1
3193024,1
3193025,1
3193026,1
3193027,1
3193028,1
3193029,1
3193030,1
3193031,1
3193047,1
3193048,1
3193049,1
3193050,1
3193051,1
3193052,1
3193053,1
3193054,1
3193055,1
3193056,1
3193057,1
3193058,1
3193059,1
3193060,1
3193061,1
3193062,1
3193063,1
3193064,1
3193065,1
3193066,1
3193067,1
3193068,1
3193069,1
3193070,1
3193071,1
3193072,1
3193073,1
3193074,1
3193075,1
3193076,1
3193077,1
3193078,1
3193079,1
3193080,1
3193081,1
3193082,1
3193083,1
3193084,1
3193085,1
3193086,1
3193087,1
3193088,1
3193089,1
3193090,1
3193091,1
3193092,1
3193093,1
3193094,1
3193095,1
3193096,1
3193097,1
3193098,1
3193099,1
3193102,1
3193103,1
3193104,1
3193105,1
3193106,1
3193107,1
3193108,1
3193109,1
3193110,1
3193111,1
3193112,1
3193113,1
3193114,1
3193115,1
3193116,1
3193184,1
3193185,1
3193186,1
3193187,1
3193188,1
3193189,1
3193190,1
3193191,1
3193194,1
3193195,1
3193282,1
3193283,1
3193285,1
3193286,1
3193288,1
3193289,1
3193290,1
3193291,1
3193735,1
3193736,1
3193738,1
3193739,1
3193740,1
3196592,1
3196593,1
3196594,1
3196595,1
3196596,1
3196597,1
3196600,1
3196601,1
3196602,1
3196603,1
3196604,1
3196605,1
3196606,1
3196607,1
3196631,1
3196640,1
3196641,1
3196642,1
3196643,1
3196644,1
3196645,1
3196646,1
3196647,1
3196648,1
3196664,1
3196665,1
3196666,1
3196667,1
3196668,1
3196669,1
3196670,1
3196671,1
3196672,1
3196673,1
3196674,1
3196675,1
3196676,1
3196677,1
3196678,1
3196679,1
3196680,1
3196681,1
3196682,1
3196683,1
3196684,1
3196685,1
3196686,1
3196687,1
3196688,1
3196689,1
3196690,1
3196691,1
3196692,1
3196693,1
3196694,1
3196695,1
3196696,1
3196697,1
3196698,1
3196699,1
3196700,1
3196701,1
3196702,1
3196703,1
3196704,1
3196705,1
3196706,1
3196707,1
3196708,1
3196709,1
3196710,1
3196711,1
3196712,1
3196713,1
3196714,1
3196715,1
3196719,1
3196720,1
3196721,1
3196722,1
3196723,1
3196724,1
3196725,1
3196726,1
3196727,1
3196728,1
3196729,1
3196730,1
3196731,1
3196732,1
3196733,1
3196801,1
3196802,1
3196803,1
3196804,1
3196805,1
3196806,1
3196807,1
3196808,1
3196809,1
3196811,1
3196812,1
3196873,1
3196874,1
3196898,1
3196899,1
3196901,1
3196902,1
3197351,1
3197352,1
3197353,1
3197354,1
3197356,1
3197357,1
3200209,1
3200210,1
3200211,1
3200212,1
3200213,1
3200214,1
3200217,1
3200218,1
3200219,1
3200220,1
3200221,1
3200222,1
3200223,1
3200224,1
3200225,1
3200253,1
3200257,1
3200258,1
3200259,1
3200260,1
3200261,1
3200262,1
3200263,1
3200264,1
3200265,1
3200266,1
3200267,1
3200268,1
3200281,1
3200282,1
3200283,1
3200284,1
3200285,1
3200286,1
3200287,1
3200288,1
3200289,1
3200290,1
3200291,1
3200292,1
3200293,1
3200294,1
3200295,1
3200296,1
3200297,1
3200298,1
3200299,1
3200300,1
3200301,1
3200302,1
3200303,1
3200304,1
3200305,1
3200306,1
3200307,1
3200308,1
3200309,1
3200310,1
3200311,1
3200312,1
3200313,1
3200314,1
3200315,1
3200316,1
3200317,1
3200318,1
3200319,1
3200320,1
3200321,1
3200322,1
3200323,1
3200324,1
3200325,1
3200326,1
3200327,1
3200328,1
3200329,1
3200330,1
3200331,1
3200332,1
3200337,1
3200338,1
3200339,1
3200340,1
3200341,1
3200342,1
3200343,1
3200344,1
3200345,1
3200346,1
3200347,1
3200348,1
3200349,1
3200350,1
3200419,1
3200420,1
3200421,1
3200422,1
3200423,1
3200424,1
3200425,1
3200426,1
3200428,1
3200429,1
3200489,1
3200490,1
3200491,1
3200492,1
3200515,1
3200519,1
3200520,1
3200968,1
3200969,1
3200970,1
3200971,1
3203826,1
3203828,1
3203829,1
3203830,1
3203831,1
3203835,1
3203836,1
3203837,1
3203838,1
3203839,1
3203840,1
3203841,1
3203842,1
3203870,1
3203874,1
3203875,1
3203876,1
3203877,1
3203878,1
3203879,1
3203880,1
3203881,1
3203882,1
3203883,1
3203884,1
3203885,1
3203886,1
3203899,1
3203900,1
3203901,1
3203902,1
3203903,1
3203904,1
3203905,1
3203906,1
3203907,1
3203908,1
3203909,1
3203910,1
3203911,1
3203912,1
3203913,1
3203914,1
3203915,1
3203916,1
3203917,1
3203918,1
3203919,1
3203920,1
3203921,1
3203922,1
3203923,1
3203924,1
3203925,1
3203926,1
3203927,1
3203928,1
3203929,1
3203930,1
3203931,1
3203932,1
3203933,1
3203934,1
3203935,1
3203936,1
3203937,1
3203938,1
3203939,1
3203940,1
3203941,1
3203942,1
3203943,1
3203944,1
3203945,1
3203946,1
3203947,1
3203948,1
3203949,1
3203955,1
3203956,1
3203957,1
3203958,1
3203959,1
3203960,1
3203961,1
3203962,1
3203963,1
3203964,1
3203965,1
3203966,1
3203967,1
3204037,1
3204038,1
3204039,1
3204040,1
3204041,1
3204042,1
3204043,1
3204045,1
3204046,1
3204047,1
3204104,1
3204105,1
3204106,1
3204107,1
3204108,1
3204109,1
3204132,1
3204137,1
3204587,1
3204588,1
3207446,1
3207447,1
3207448,1
3207452,1
3207453,1
3207454,1
3207455,1
3207456,1
3207457,1
3207460,1
3207461,1
3207489,1
3207491,1
3207492,1
3207493,1
3207494,1
3207495,1
3207496,1
3207497,1
3207498,1
3207499,1
3207500,1
3207501,1
3207502,1
3207503,1
3207504,1
3207516,1
3207517,1
3207518,1
3207519,1
3207520,1
3207521,1
3207522,1
3207523,1
3207524,1
3207525,1
3207526,1
3207527,1
3207528,1
3207529,1
3207530,1
3207531,1
3207532,1
3207533,1
3207534,1
3207535,1
3207536,1
3207537,1
3207538,1
3207539,1
3207540,1
3207541,1
3207542,1
3207543,1
3207544,1
3207545,1
3207546,1
3207547,1
3207548,1
3207549,1
3207550,1
3207551,1
3207552,1
3207553,1
3207554,1
3207555,1
3207556,1
3207557,1
3207558,1
3207559,1
3207560,1
3207561,1
3207562,1
3207563,1
3207564,1
3207565,1
3207579,1
3207580,1
3207581,1
3207582,1
3207583,1
3207655,1
3207656,1
3207657,1
3207658,1
3207659,1
3207660,1
3207720,1
3207721,1
3207722,1
3207726,1
3207748,1
3207749,1
3207754,1
3207760,1
3208204,1
3208205,1
3211062,1
3211063,1
3211064,1
3211065,1
3211070,1
3211071,1
3211072,1
3211073,1
3211074,1
3211075,1
3211077,1
3211078,1
3211109,1
3211110,1
3211112,1
3211113,1
3211114,1
3211115,1
3211116,1
3211117,1
3211118,1
3211119,1
3211120,1
3211121,1
3211122,1
3211123,1
3211130,1
3211133,1
3211134,1
3211135,1
3211136,1
3211137,1
3211138,1
3211139,1
3211140,1
3211141,1
3211142,1
3211143,1
3211144,1
3211145,1
3211146,1
3211147,1
3211148,1
3211149,1
3211150,1
3211151,1
3211152,1
3211153,1
3211154,1
3211155,1
3211156,1
3211157,1
3211158,1
3211159,1
3211160,1
3211161,1
3211162,1
3211163,1
3211164,1
3211165,1
3211166,1
3211167,1
3211168,1
3211169,1
3211170,1
3211171,1
3211172,1
3211173,1
3211174,1
3211175,1
3211176,1
3211177,1
3211178,1
3211179,1
3211180,1
3211181,1
3211197,1
3211198,1
3211199,1
3211200,1
3211273,1
3211274,1
3211275,1
3211276,1
3211277,1
3211278,1
3211279,1
3211280,1
3211281,1
3211338,1
3211343,1
3211344,1
3211365,1
3211371,1
3211372,1
3211374,1
3211375,1
3211376,1
3211378,1
3211821,1
3211822,1
3214678,1
3214679,1
3214680,1
3214681,1
3214682,1
3214683,1
3214689,1
3214690,1
3214691,1
3214692,1
3214693,1
3214694,1
3214727,1
3214733,1
3214734,1
3214735,1
3214736,1
3214737,1
3214738,1
3214739,1
3214740,1
3214741,1
3214751,1
3214752,1
3214753,1
3214754,1
3214755,1
3214756,1
3214757,1
3214758,1
3214759,1
3214760,1
3214761,1
3214762,1
3214763,1
3214764,1
3214765,1
3214766,1
3214767,1
3214768,1
3214769,1
3214770,1
3214771,1
3214772,1
3214773,1
3214774,1
3214775,1
3214776,1
3214777,1
3214778,1
3214779,1
3214780,1
3214781,1
3214782,1
3214783,1
3214784,1
3214785,1
3214786,1
3214787,1
3214788,1
3214789,1
3214790,1
3214791,1
3214792,1
3214793,1
3214794,1
3214795,1
3214796,1
3214797,1
3214892,1
3214893,1
3214894,1
3214895,1
3214896,1
3214897,1
3214898,1
3214954,1
3214955,1
3214960,1
3214961,1
3214982,1
3214983,1
3214988,1
3214989,1
3214990,1
3214991,1
3214995,1
3215438,1
3215439,1
3215440,1
3218294,1
3218296,1
3218300,1
3218306,1
3218307,1
3218308,1
3218309,1
3218310,1
3218311,1
3218312,1
3218345,1
3218346,1
3218347,1
3218350,1
3218351,1
3218352,1
3218353,1
3218354,1
3218355,1
3218356,1
3218357,1
3218358,1
3218361,1
3218364,1
3218368,1
3218369,1
3218370,1
3218371,1
3218372,1
3218373,1
3218374,1
3218375,1
3218376,1
3218377,1
3218378,1
3218379,1
3218380,1
3218381,1
3218382,1
3218383,1
3218384,1
3218385,1
3218386,1
3218387,1
3218388,1
3218389,1
3218390,1
3218391,1
3218392,1
3218393,1
3218394,1
3218395,1
3218396,1
3218397,1
3218398,1
3218399,1
3218400,1
3218401,1
3218402,1
3218403,1
3218404,1
3218405,1
3218406,1
3218407,1
3218408,1
3218409,1
3218410,1
3218411,1
3218412,1
3218413,1
3218414,1
3218435,1
3218509,1
3218510,1
3218511,1
3218512,1
3218513,1
3218514,1
3218515,1
3218533,1
3218534,1
3218535,1
3218570,1
3218571,1
3218576,1
3218578,1
3218588,1
3218589,1
3218599,1
3218605,1
3218606,1
3218607,1
3218612,1
3218613,1
3219055,1
3219056,1
3219057,1
3219058,1
3221911,1
3221912,1
3221917,1
3221918,1
3221923,1
3221924,1
3221925,1
3221926,1
3221927,1
3221928,1
3221929,1
3221963,1
3221965,1
3221967,1
3221968,1
3221969,1
3221970,1
3221971,1
3221972,1
3221973,1
3221974,1
3221975,1
3221977,1
3221982,1
3221983,1
3221984,1
3221985,1
3221986,1
3221987,1
3221988,1
3221989,1
3221990,1
3221991,1
3221992,1
3221993,1
3221994,1
3221995,1
3221996,1
3221997,1
3221998,1
3221999,1
3222000,1
3222001,1
3222002,1
3222003,1
3222004,1
3222005,1
3222006,1
3222007,1
3222008,1
3222009,1
3222010,1
3222011,1
3222012,1
3222013,1
3222014,1
3222015,1
3222016,1
3222017,1
3222018,1
3222019,1
3222020,1
3222021,1
3222022,1
3222023,1
3222024,1
3222025,1
3222026,1
3222027,1
3222028,1
3222029,1
3222030,1
3222031,1
3222128,1
3222129,1
3222130,1
3222131,1
3222149,1
3222150,1
3222152,1
3222153,1
3222154,1
3222155,1
3222156,1
3222157,1
3222186,1
3222193,1
3222194,1
3222195,1
3222205,1
3222206,1
3222216,1
3222222,1
3222223,1
3222230,1
3222672,1
3222674,1
3222675,1
3225529,1
3225530,1
3225535,1
3225536,1
3225541,1
3225542,1
3225543,1
3225544,1
3225545,1
3225546,1
3225580,1
3225583,1
3225584,1
3225585,1
3225586,1
3225587,1
3225588,1
3225589,1
3225590,1
3225591,1
3225592,1
3225593,1
3225594,1
3225595,1
3225596,1
3225597,1
3225598,1
3225599,1
3225600,1
3225601,1
3225602,1
3225603,1
3225604,1
3225605,1
3225606,1
3225607,1
3225608,1
3225609,1
3225610,1
3225611,1
3225612,1
3225613,1
3225614,1
3225615,1
3225616,1
3225617,1
3225618,1
3225619,1
3225620,1
3225621,1
3225622,1
3225623,1
3225624,1
3225625,1
3225626,1
3225627,1
3225628,1
3225629,1
3225630,1
3225631,1
3225632,1
3225633,1
3225634,1
3225635,1
3225636,1
3225637,1
3225638,1
3225639,1
3225640,1
3225641,1
3225642,1
3225643,1
3225644,1
3225645,1
3225646,1
3225647,1
3225648,1
3225746,1
3225747,1
3225748,1
3225765,1
3225766,1
3225771,1
3225774,1
3225802,1
3225803,1
3225804,1
3225810,1
3225822,1
3225823,1
3225832,1
3225839,1
3225846,1
3225847,1
3229146,1
3229147,1
3229148,1
3229153,1
3229154,1
3229155,1
3229158,1
3229159,1
3229160,1
3229161,1
3229162,1
3229163,1
3229164,1
3229201,1
3229202,1
3229203,1
3229204,1
3229205,1
3229206,1
3229207,1
3229208,1
3229209,1
3229210,1
3229211,1
3229212,1
3229213,1
3229214,1
3229215,1
3229216,1
3229217,1
3229218,1
3229222,1
3229223,1
3229224,1
3229225,1
3229226,1
3229227,1
3229228,1
3229229,1
3229230,1
3229231,1
3229232,1
3229233,1
3229234,1
3229235,1
3229236,1
3229237,1
3229238,1
3229239,1
3229240,1
3229241,1
3229242,1
3229243,1
3229244,1
3229245,1
3229246,1
3229247,1
3229248,1
3229249,1
3229250,1
3229251,1
3229252,1
3229253,1
3229254,1
3229255,1
3229256,1
3229257,1
3229258,1
3229259,1
3229260,1
3229261,1
3229262,1
3229263,1
3229264,1
3229265,1
3229364,1
3229365,1
3229381,1
3229382,1
3229383,1
3229390,1
3229391,1
3229394,1
3229395,1
3229396,1
3229399,1
3229419,1
3229427,1
3229449,1
3229455,1
3229456,1
3229457,1
3229463,1
3232764,1
3232765,1
3232771,1
3232772,1
3232773,1
3232775,1
3232776,1
3232777,1
3232778,1
3232779,1
3232780,1
3232781,1
3232817,1
3232819,1
3232822,1
3232823,1
3232824,1
3232825,1
3232827,1
3232828,1
3232829,1
3232830,1
3232831,1
3232834,1
3232839,1
3232840,1
3232841,1
3232842,1
3232843,1
3232844,1
3232845,1
3232846,1
3232847,1
3232848,1
3232849,1
3232850,1
3232851,1
3232852,1
3232853,1
3232854,1
3232855,1
3232856,1
3232857,1
3232858,1
3232859,1
3232860,1
3232861,1
3232862,1
3232863,1
3232864,1
3232865,1
3232866,1
3232867,1
3232868,1
3232869,1
3232870,1
3232871,1
3232872,1
3232873,1
3232874,1
3232875,1
3232876,1
3232877,1
3232878,1
3232879,1
3232880,1
3232881,1
3232972,1
3232981,1
3232982,1
3232983,1
3232995,1
3232996,1
3232997,1
3232998,1
3232999,1
3233000,1
3233008,1
3233009,1
3233010,1
3233011,1
3233013,1
3233014,1
3233015,1
3233016,1
3233017,1
3233018,1
3233019,1
3233020,1
3233021,1
3233022,1
3233023,1
3233024,1
3233025,1
3233026,1
3233027,1
3233035,1
3233036,1
3233043,1
3233066,1
3233071,1
3233072,1
3233080,1
3233105,1
3233106,1
3233523,1
3233524,1
3236381,1
3236382,1
3236383,1
3236389,1
3236390,1
3236392,1
3236393,1
3236394,1
3236395,1
3236396,1
3236397,1
3236398,1
3236432,1
3236434,1
3236436,1
3236437,1
3236440,1
3236441,1
3236442,1
3236444,1
3236445,1
3236446,1
3236447,1
3236451,1
3236453,1
3236456,1
3236457,1
3236458,1
3236459,1
3236460,1
3236461,1
3236462,1
3236463,1
3236464,1
3236465,1
3236466,1
3236467,1
3236468,1
3236469,1
3236470,1
3236471,1
3236472,1
3236473,1
3236474,1
3236475,1
3236476,1
3236477,1
3236478,1
3236479,1
3236480,1
3236481,1
3236482,1
3236483,1
3236484,1
3236486,1
3236487,1
3236488,1
3236489,1
3236490,1
3236491,1
3236492,1
3236493,1
3236494,1
3236495,1
3236496,1
3236497,1
3236498,1
3236499,1
3236600,1
3236612,1
3236613,1
3236614,1
3236615,1
3236616,1
3236632,1
3236634,1
3236635,1
3236636,1
3236637,1
3236638,1
3236639,1
3236640,1
3236641,1
3236642,1
3236643,1
3236644,1
3236651,1
3236652,1
3236659,1
3236660,1
3236683,1
3236684,1
3236687,1
3236688,1
3236689,1
3236696,1
3236697,1
3236722,1
3236723,1
3237140,1
3237141,1
3237142,1
3239999,1
3240000,1
3240006,1
3240007,1
3240009,1
3240010,1
3240011,1
3240012,1
3240013,1
3240014,1
3240015,1
3240051,1
3240058,1
3240059,1
3240060,1
3240062,1
3240063,1
3240064,1
3240065,1
3240066,1
3240069,1
3240070,1
3240071,1
3240073,1
3240074,1
3240075,1
3240076,1
3240077,1
3240078,1
3240079,1
3240080,1
3240081,1
3240082,1
3240083,1
3240084,1
3240085,1
3240086,1
3240087,1
3240088,1
3240089,1
3240090,1
3240091,1
3240092,1
3240093,1
3240094,1
3240095,1
3240096,1
3240097,1
3240098,1
3240099,1
3240100,1
3240102,1
3240103,1
3240104,1
3240105,1
3240106,1
3240107,1
3240108,1
3240109,1
3240110,1
3240111,1
3240112,1
3240113,1
3240114,1
3240115,1
3240116,1
3240207,1
3240217,1
3240229,1
3240231,1
3240232,1
3240233,1
3240254,1
3240255,1
3240256,1
3240260,1
3240261,1
3240262,1
3240263,1
3240264,1
3240265,1
3240266,1
3240267,1
3240268,1
3240275,1
3240276,1
3240288,1
3240300,1
3240301,1
3240304,1
3240306,1
3240312,1
3240313,1
3240314,1
3240339,1
3240369,1
3240370,1
3240757,1
3240758,1
3240759,1
3243616,1
3243617,1
3243618,1
3243623,1
3243624,1
3243626,1
3243627,1
3243628,1
3243629,1
3243630,1
3243631,1
3243632,1
3243676,1
3243677,1
3243679,1
3243680,1
3243683,1
3243684,1
3243687,1
3243688,1
3243691,1
3243692,1
3243693,1
3243694,1
3243695,1
3243696,1
3243697,1
3243698,1
3243699,1
3243700,1
3243701,1
3243702,1
3243703,1
3243704,1
3243705,1
3243706,1
3243707,1
3243708,1
3243709,1
3243710,1
3243711,1
3243712,1
3243713,1
3243714,1
3243715,1
3243716,1
3243717,1
3243718,1
3243719,1
3243720,1
3243721,1
3243722,1
3243723,1
3243724,1
3243725,1
3243726,1
3243727,1
3243728,1
3243729,1
3243730,1
3243731,1
3243732,1
3243824,1
3243825,1
3243826,1
3243833,1
3243834,1
3243845,1
3243846,1
3243848,1
3243849,1
3243872,1
3243882,1
3243883,1
3243892,1
3243916,1
3243918,1
3243919,1
3243920,1
3243922,1
3243927,1
3243928,1
3243929,1
3243932,1
3243933,1
3243934,1
3243937,1
3243986,1
3243987,1
3244374,1
3244375,1
3244376,1
3247234,1
3247235,1
3247236,1
3247240,1
3247241,1
3247243,1
3247244,1
3247245,1
3247246,1
3247247,1
3247248,1
3247249,1
3247250,1
3247287,1
3247288,1
3247289,1
3247292,1
3247293,1
3247296,1
3247297,1
3247298,1
3247299,1
3247301,1
3247302,1
3247304,1
3247305,1
3247306,1
3247307,1
3247308,1
3247309,1
3247310,1
3247311,1
3247312,1
3247313,1
3247314,1
3247315,1
3247316,1
3247317,1
3247318,1
3247319,1
3247320,1
3247321,1
3247322,1
3247323,1
3247324,1
3247325,1
3247326,1
3247327,1
3247328,1
3247329,1
3247330,1
3247331,1
3247332,1
3247333,1
3247334,1
3247335,1
3247336,1
3247337,1
3247338,1
3247339,1
3247340,1
3247341,1
3247342,1
3247343,1
3247344,1
3247345,1
3247346,1
3247347,1
3247348,1
3247349,1
3247439,1
3247440,1
3247441,1
3247442,1
3247443,1
3247444,1
3247445,1
3247446,1
3247447,1
3247448,1
3247449,1
3247450,1
3247461,1
3247462,1
3247508,1
3247533,1
3247535,1
3247536,1
3247543,1
3247544,1
3247545,1
3247546,1
3247549,1
3247550,1
3247551,1
3247552,1
3247554,1
3247556,1
3247560,1
3247604,1
3247605,1
3247991,1
3247992,1
3250853,1
3250857,1
3250858,1
3250860,1
3250861,1
3250862,1
3250863,1
3250864,1
3250865,1
3250866,1
3250867,1
3250907,1
3250908,1
3250909,1
3250910,1
3250911,1
3250913,1
3250914,1
3250915,1
3250916,1
3250917,1
3250918,1
3250919,1
3250920,1
3250921,1
3250922,1
3250923,1
3250924,1
3250925,1
3250926,1
3250927,1
3250928,1
3250929,1
3250930,1
3250931,1
3250932,1
3250933,1
3250934,1
3250935,1
3250936,1
3250937,1
3250938,1
3250939,1
3250940,1
3250941,1
3250942,1
3250943,1
3250944,1
3250945,1
3250946,1
3250947,1
3250948,1
3250949,1
3250950,1
3250951,1
3250952,1
3250953,1
3250954,1
3250955,1
3250956,1
3250957,1
3250958,1
3250959,1
3250960,1
3250961,1
3250962,1
3250963,1
3250964,1
3250965,1
3250966,1
3251055,1
3251056,1
3251057,1
3251058,1
3251059,1
3251062,1
3251063,1
3251077,1
3251078,1
3251124,1
3251125,1
3251151,1
3251153,1
3251161,1
3251162,1
3251163,1
3251164,1
3251166,1
3251167,1
3251168,1
3251169,1
3251170,1
3251173,1
3251174,1
3251175,1
3251177,1
3251178,1
3251189,1
3251190,1
3251221,1
3251222,1
3254470,1
3254471,1
3254474,1
3254477,1
3254478,1
3254479,1
3254480,1
3254481,1
3254482,1
3254483,1
3254484,1
3254485,1
3254528,1
3254529,1
3254530,1
3254531,1
3254532,1
3254533,1
3254534,1
3254535,1
3254536,1
3254537,1
3254538,1
3254539,1
3254540,1
3254541,1
3254542,1
3254543,1
3254544,1
3254545,1
3254546,1
3254547,1
3254548,1
3254549,1
3254550,1
3254551,1
3254552,1
3254553,1
3254554,1
3254555,1
3254556,1
3254557,1
3254558,1
3254559,1
3254560,1
3254561,1
3254562,1
3254563,1
3254564,1
3254565,1
3254566,1
3254567,1
3254568,1
3254569,1
3254570,1
3254571,1
3254572,1
3254573,1
3254574,1
3254575,1
3254576,1
3254577,1
3254578,1
3254579,1
3254580,1
3254581,1
3254582,1
3254583,1
3254672,1
3254673,1
3254693,1
3254694,1
3254695,1
3254741,1
3254768,1
3254769,1
3254770,1
3254780,1
3254781,1
3254782,1
3254783,1
3254784,1
3254785,1
3254786,1
3254787,1
3254793,1
3254794,1
3254802,1
3254805,1
3254806,1
3254807,1
3258088,1
3258089,1
3258090,1
3258091,1
3258094,1
3258095,1
3258096,1
3258097,1
3258098,1
3258099,1
3258100,1
3258101,1
3258102,1
3258146,1
3258147,1
3258148,1
3258149,1
3258150,1
3258151,1
3258152,1
3258153,1
3258154,1
3258155,1
3258156,1
3258157,1
3258158,1
3258159,1
3258160,1
3258161,1
3258162,1
3258163,1
3258164,1
3258165,1
3258166,1
3258167,1
3258168,1
3258169,1
3258170,1
3258171,1
3258172,1
3258173,1
3258174,1
3258175,1
3258176,1
3258177,1
3258178,1
3258179,1
3258180,1
3258181,1
3258182,1
3258183,1
3258184,1
3258185,1
3258186,1
3258187,1
3258188,1
3258189,1
3258190,1
3258191,1
3258192,1
3258193,1
3258194,1
3258195,1
3258196,1
3258197,1
3258198,1
3258199,1
3258200,1
3258289,1
3258290,1
3258310,1
3258311,1
3258312,1
3258317,1
3258318,1
3258327,1
3258357,1
3258358,1
3258385,1
3258386,1
3258387,1
3258399,1
3258400,1
3258401,1
3258402,1
3258403,1
3258404,1
3258410,1
3258411,1
3258419,1
3258422,1
3258423,1
3258424,1
3258851,1
3258852,1
3261705,1
3261706,1
3261707,1
3261708,1
3261711,1
3261712,1
3261713,1
3261714,1
3261715,1
3261716,1
3261717,1
3261718,1
3261719,1
3261760,1
3261764,1
3261765,1
3261766,1
3261767,1
3261768,1
3261769,1
3261770,1
3261771,1
3261772,1
3261773,1
3261774,1
3261775,1
3261776,1
3261777,1
3261778,1
3261779,1
3261780,1
3261781,1
3261782,1
3261783,1
3261784,1
3261785,1
3261786,1
3261787,1
3261788,1
3261789,1
3261790,1
3261791,1
3261792,1
3261793,1
3261794,1
3261795,1
3261796,1
3261797,1
3261798,1
3261799,1
3261800,1
3261801,1
3261802,1
3261803,1
3261804,1
3261805,1
3261806,1
3261807,1
3261808,1
3261809,1
3261810,1
3261811,1
3261812,1
3261813,1
3261814,1
3261815,1
3261816,1
3261817,1
3261905,1
3261906,1
3261927,1
3261933,1
3261934,1
3261935,1
3261936,1
3261937,1
3261941,1
3261942,1
3261943,1
3261944,1
3261945,1
3261946,1
3261948,1
3261949,1
3261950,1
3261951,1
3261952,1
3261953,1
3261954,1
3261955,1
3261956,1
3261957,1
3261958,1
3261959,1
3261960,1
3261973,1
3261974,1
3262002,1
3262004,1
3262009,1
3262010,1
3262016,1
3262017,1
3262026,1
3262027,1
3262028,1
3262038,1
3262039,1
3262040,1
3262041,1
3262468,1
3262469,1
3262470,1
3265322,1
3265323,1
3265324,1
3265325,1
3265328,1
3265329,1
3265330,1
3265331,1
3265332,1
3265333,1
3265334,1
3265335,1
3265336,1
3265375,1
3265376,1
3265382,1
3265383,1
3265384,1
3265385,1
3265386,1
3265387,1
3265388,1
3265389,1
3265390,1
3265391,1
3265392,1
3265393,1
3265394,1
3265395,1
3265396,1
3265397,1
3265398,1
3265399,1
3265400,1
3265401,1
3265402,1
3265403,1
3265404,1
3265405,1
3265406,1
3265407,1
3265408,1
3265409,1
3265410,1
3265411,1
3265412,1
3265413,1
3265414,1
3265415,1
3265416,1
3265417,1
3265418,1
3265419,1
3265420,1
3265421,1
3265422,1
3265423,1
3265424,1
3265425,1
3265426,1
3265427,1
3265428,1
3265429,1
3265430,1
3265431,1
3265432,1
3265433,1
3265434,1
3265522,1
3265523,1
3265544,1
3265549,1
3265551,1
3265552,1
3265553,1
3265554,1
3265555,1
3265556,1
3265557,1
3265558,1
3265559,1
3265560,1
3265563,1
3265564,1
3265565,1
3265566,1
3265567,1
3265568,1
3265577,1
3265586,1
3265587,1
3265588,1
3265589,1
3265590,1
3265619,1
3265621,1
3265622,1
3265625,1
3265626,1
3265627,1
3265628,1
3265629,1
3265630,1
3265633,1
3265634,1
3265635,1
3265643,1
3265644,1
3265645,1
3265646,1
3265647,1
3265648,1
3265654,1
3265655,1
3265656,1
3265657,1
3266080,1
3266084,1
3266085,1
3266086,1
3266087,1
3266191,1
3266192,1
3268940,1
3268941,1
3268942,1
3268946,1
3268947,1
3268948,1
3268949,1
3268950,1
3268951,1
3268952,1
3268953,1
3269000,1
3269001,1
3269002,1
3269003,1
3269004,1
3269005,1
3269007,1
3269008,1
3269009,1
3269010,1
3269011,1
3269012,1
3269013,1
3269014,1
3269015,1
3269016,1
3269017,1
3269018,1
3269019,1
3269020,1
3269021,1
3269022,1
3269023,1
3269024,1
3269025,1
3269026,1
3269027,1
3269028,1
3269029,1
3269030,1
3269031,1
3269032,1
3269033,1
3269034,1
3269035,1
3269036,1
3269037,1
3269038,1
3269039,1
3269040,1
3269041,1
3269042,1
3269043,1
3269044,1
3269045,1
3269046,1
3269047,1
3269048,1
3269049,1
3269050,1
3269051,1
3269052,1
3269138,1
3269139,1
3269140,1
3269141,1
3269142,1
3269160,1
3269161,1
3269165,1
3269166,1
3269169,1
3269172,1
3269173,1
3269174,1
3269175,1
3269195,1
3269196,1
3269197,1
3269198,1
3269200,1
3269201,1
3269202,1
3269203,1
3269204,1
3269234,1
3269236,1
3269237,1
3269238,1
3269239,1
3269240,1
3269242,1
3269243,1
3269248,1
3269249,1
3269250,1
3269252,1
3269260,1
3269261,1
3269263,1
3269264,1
3269265,1
3269266,1
3269697,1
3269698,1
3269700,1
3269701,1
3269808,1
3269809,1
3272557,1
3272558,1
3272559,1
3272562,1
3272563,1
3272564,1
3272565,1
3272566,1
3272567,1
3272568,1
3272569,1
3272570,1
3272571,1
3272572,1
3272573,1
3272618,1
3272619,1
3272620,1
3272621,1
3272622,1
3272623,1
3272624,1
3272626,1
3272627,1
3272628,1
3272629,1
3272630,1
3272631,1
3272632,1
3272633,1
3272634,1
3272635,1
3272636,1
3272637,1
3272638,1
3272639,1
3272640,1
3272641,1
3272642,1
3272643,1
3272644,1
3272645,1
3272646,1
3272647,1
3272648,1
3272649,1
3272650,1
3272651,1
3272652,1
3272653,1
3272654,1
3272655,1
3272656,1
3272657,1
3272658,1
3272659,1
3272660,1
3272661,1
3272662,1
3272663,1
3272664,1
3272665,1
3272666,1
3272667,1
3272668,1
3272669,1
3272670,1
3272755,1
3272756,1
3272757,1
3272758,1
3272759,1
3272776,1
3272777,1
3272782,1
3272816,1
3272817,1
3272850,1
3272851,1
3272852,1
3272854,1
3272855,1
3272856,1
3272860,1
3272867,1
3272868,1
3272869,1
3272870,1
3272878,1
3272879,1
3272880,1
3272881,1
3272882,1
3272883,1
3272884,1
3272885,1
3272886,1
3272887,1
3272888,1
3272889,1
3273314,1
3273316,1
3273317,1
3273318,1
3273425,1
3273426,1
3276174,1
3276175,1
3276176,1
3276179,1
3276180,1
3276181,1
3276185,1
3276186,1
3276187,1
3276188,1
3276189,1
3276190,1
3276191,1
3276235,1
3276236,1
3276237,1
3276238,1
3276239,1
3276240,1
3276242,1
3276243,1
3276244,1
3276245,1
3276246,1
3276247,1
3276248,1
3276249,1
3276250,1
3276251,1
3276252,1
3276253,1
3276254,1
3276255,1
3276256,1
3276257,1
3276258,1
3276259,1
3276260,1
3276261,1
3276262,1
3276263,1
3276264,1
3276265,1
3276266,1
3276267,1
3276268,1
3276269,1
3276270,1
3276271,1
3276272,1
3276273,1
3276274,1
3276275,1
3276276,1
3276277,1
3276278,1
3276279,1
3276280,1
3276281,1
3276282,1
3276283,1
3276284,1
3276285,1
3276286,1
3276287,1
3276288,1
3276372,1
3276373,1
3276374,1
3276375,1
3276376,1
3276393,1
3276394,1
3276395,1
3276399,1
3276467,1
3276468,1
3276469,1
3276470,1
3276471,1
3276472,1
3276473,1
3276477,1
3276485,1
3276486,1
3276490,1
3276495,1
3276496,1
3276497,1
3276498,1
3276499,1
3276500,1
3276501,1
3276502,1
3276503,1
3276504,1
3276505,1
3276506,1
3276931,1
3276932,1
3276933,1
3276935,1
3279795,1
3279796,1
3279797,1
3279798,1
3279799,1
3279800,1
3279801,1
3279802,1
3279803,1
3279804,1
3279805,1
3279806,1
3279807,1
3279808,1
3279809,1
3279852,1
3279853,1
3279854,1
3279855,1
3279856,1
3279857,1
3279859,1
3279860,1
3279862,1
3279863,1
3279864,1
3279865,1
3279866,1
3279867,1
3279868,1
3279869,1
3279870,1
3279871,1
3279872,1
3279873,1
3279874,1
3279875,1
3279876,1
3279877,1
3279878,1
3279879,1
3279880,1
3279881,1
3279882,1
3279883,1
3279884,1
3279885,1
3279886,1
3279887,1
3279888,1
3279889,1
3279890,1
3279891,1
3279892,1
3279893,1
3279894,1
3279895,1
3279896,1
3279897,1
3279898,1
3279899,1
3279900,1
3279901,1
3279902,1
3279903,1
3279904,1
3279905,1
3279989,1
3279990,1
3279991,1
3279992,1
3279993,1
3280009,1
3280010,1
3280011,1
3280012,1
3280015,1
3280084,1
3280085,1
3280086,1
3280087,1
3280089,1
3280090,1
3280093,1
3280094,1
3280106,1
3280107,1
3280108,1
3280109,1
3280110,1
3280112,1
3280113,1
3280114,1
3280115,1
3280116,1
3280117,1
3280118,1
3280119,1
3280120,1
3280121,1
3280122,1
3280123,1
3280124,1
3280125,1
3283408,1
3283409,1
3283410,1
3283412,1
3283413,1
3283415,1
3283416,1
3283417,1
3283418,1
3283419,1
3283420,1
3283421,1
3283422,1
3283423,1
3283424,1
3283425,1
3283426,1
3283427,1
3283468,1
3283469,1
3283470,1
3283471,1
3283472,1
3283473,1
3283474,1
3283475,1
3283477,1
3283478,1
3283479,1
3283480,1
3283481,1
3283482,1
3283483,1
3283484,1
3283485,1
3283486,1
3283487,1
3283488,1
3283489,1
3283490,1
3283491,1
3283492,1
3283493,1
3283494,1
3283495,1
3283496,1
3283497,1
3283498,1
3283499,1
3283500,1
3283501,1
3283502,1
3283503,1
3283504,1
3283505,1
3283506,1
3283507,1
3283508,1
3283509,1
3283510,1
3283511,1
3283512,1
3283513,1
3283514,1
3283515,1
3283516,1
3283517,1
3283518,1
3283519,1
3283520,1
3283521,1
3283522,1
3283606,1
3283607,1
3283608,1
3283609,1
3283610,1
3283626,1
3283627,1
3283629,1
3283632,1
3283702,1
3283703,1
3283704,1
3283706,1
3283707,1
3283710,1
3283711,1
3283724,1
3283726,1
3283729,1
3283730,1
3283731,1
3283732,1
3283733,1
3283734,1
3283735,1
3283736,1
3283737,1
3283741,1
3283742,1
3283743,1
3283780,1
3283781,1
3287025,1
3287026,1
3287027,1
3287028,1
3287029,1
3287030,1
3287032,1
3287033,1
3287034,1
3287035,1
3287036,1
3287037,1
3287038,1
3287039,1
3287040,1
3287041,1
3287042,1
3287043,1
3287044,1
3287084,1
3287085,1
3287086,1
3287087,1
3287088,1
3287089,1
3287090,1
3287091,1
3287092,1
3287095,1
3287096,1
3287097,1
3287098,1
3287099,1
3287100,1
3287101,1
3287102,1
3287103,1
3287104,1
3287105,1
3287106,1
3287107,1
3287108,1
3287109,1
3287110,1
3287111,1
3287112,1
3287113,1
3287114,1
3287115,1
3287116,1
3287117,1
3287118,1
3287119,1
3287120,1
3287121,1
3287122,1
3287123,1
3287124,1
3287125,1
3287126,1
3287127,1
3287128,1
3287129,1
3287130,1
3287131,1
3287132,1
3287133,1
3287134,1
3287135,1
3287136,1
3287137,1
3287138,1
3287223,1
3287224,1
3287225,1
3287226,1
3287227,1
3287244,1
3287249,1
3287263,1
3287264,1
3287265,1
3287269,1
3287270,1
3287271,1
3287318,1
3287319,1
3287321,1
3287322,1
3287323,1
3287324,1
3287328,1
3287341,1
3287342,1
3287344,1
3287347,1
3287348,1
3287349,1
3287350,1
3287355,1
3287360,1
3287361,1
3287362,1
3287397,1
3287398,1
3287399,1
3290646,1
3290647,1
3290648,1
3290650,1
3290651,1
3290652,1
3290653,1
3290654,1
3290655,1
3290656,1
3290657,1
3290658,1
3290659,1
3290660,1
3290661,1
3290662,1
3290699,1
3290700,1
3290701,1
3290702,1
3290703,1
3290704,1
3290705,1
3290706,1
3290707,1
3290708,1
3290714,1
3290715,1
3290716,1
3290717,1
3290718,1
3290719,1
3290720,1
3290721,1
3290722,1
3290723,1
3290724,1
3290725,1
3290726,1
3290727,1
3290728,1
3290729,1
3290730,1
3290731,1
3290732,1
3290733,1
3290734,1
3290735,1
3290736,1
3290737,1
3290738,1
3290739,1
3290740,1
3290741,1
3290742,1
3290743,1
3290744,1
3290745,1
3290746,1
3290747,1
3290748,1
3290749,1
3290750,1
3290751,1
3290752,1
3290753,1
3290754,1
3290755,1
3290840,1
3290841,1
3290842,1
3290843,1
3290862,1
3290865,1
3290880,1
3290882,1
3290884,1
3290885,1
3290886,1
3290887,1
3290888,1
3290889,1
3290935,1
3290937,1
3290938,1
3290939,1
3290940,1
3290941,1
3290945,1
3290959,1
3290960,1
3290961,1
3290965,1
3290966,1
3290967,1
3290968,1
3290969,1
3290972,1
3290979,1
3291015,1
3291016,1
3294263,1
3294264,1
3294265,1
3294266,1
3294267,1
3294268,1
3294269,1
3294270,1
3294271,1
3294272,1
3294273,1
3294274,1
3294275,1
3294276,1
3294277,1
3294278,1
3294279,1
3294319,1
3294320,1
3294321,1
3294322,1
3294323,1
3294324,1
3294325,1
3294326,1
3294327,1
3294328,1
3294329,1
3294332,1
3294333,1
3294334,1
3294335,1
3294336,1
3294337,1
3294338,1
3294339,1
3294340,1
3294341,1
3294342,1
3294343,1
3294344,1
3294345,1
3294346,1
3294347,1
3294348,1
3294349,1
3294350,1
3294351,1
3294352,1
3294353,1
3294354,1
3294355,1
3294356,1
3294357,1
3294358,1
3294359,1
3294360,1
3294361,1
3294362,1
3294363,1
3294364,1
3294365,1
3294366,1
3294367,1
3294368,1
3294369,1
3294370,1
3294371,1
3294372,1
3294457,1
3294458,1
3294459,1
3294460,1
3294479,1
3294482,1
3294497,1
3294498,1
3294500,1
3294501,1
3294502,1
3294503,1
3294504,1
3294505,1
3294506,1
3294552,1
3294553,1
3294555,1
3294556,1
3294557,1
3294558,1
3294562,1
3294563,1
3294577,1
3294578,1
3294582,1
3294583,1
3294584,1
3294585,1
3294586,1
3294587,1
3294590,1
3294596,1
3294606,1
3294607,1
3294608,1
3294609,1
3294632,1
3294633,1
3297881,1
3297882,1
3297884,1
3297885,1
3297886,1
3297887,1
3297888,1
3297889,1
3297890,1
3297891,1
3297892,1
3297893,1
3297894,1
3297895,1
3297896,1
3297897,1
3297936,1
3297937,1
3297938,1
3297939,1
3297941,1
3297942,1
3297944,1
3297945,1
3297946,1
3297947,1
3297948,1
3297949,1
3297950,1
3297951,1
3297952,1
3297953,1
3297954,1
3297955,1
3297956,1
3297957,1
3297958,1
3297959,1
3297960,1
3297961,1
3297962,1
3297963,1
3297964,1
3297965,1
3297966,1
3297967,1
3297968,1
3297969,1
3297970,1
3297971,1
3297972,1
3297973,1
3297974,1
3297975,1
3297976,1
3297977,1
3297978,1
3297979,1
3297980,1
3297981,1
3297982,1
3297983,1
3297984,1
3297985,1
3297986,1
3297987,1
3297988,1
3297989,1
3298075,1
3298076,1
3298077,1
3298078,1
3298096,1
3298100,1
3298116,1
3298117,1
3298118,1
3298121,1
3298122,1
3298123,1
3298169,1
3298170,1
3298172,1
3298173,1
3298175,1
3298176,1
3298177,1
3298180,1
3298197,1
3298198,1
3298199,1
3298200,1
3298201,1
3298202,1
3298203,1
3298204,1
3298205,1
3298209,1
3298210,1
3298212,1
3298213,1
3298220,1
3298221,1
3298222,1
3298226,1
3298227,1
3298228,1
3298229,1
3298252,1
3298253,1
3298254,1
3301498,1
3301501,1
3301502,1
3301503,1
3301504,1
3301509,1
3301510,1
3301511,1
3301512,1
3301513,1
3301514,1
3301552,1
3301553,1
3301554,1
3301555,1
3301556,1
3301557,1
3301558,1
3301562,1
3301563,1
3301564,1
3301565,1
3301566,1
3301567,1
3301568,1
3301569,1
3301570,1
3301571,1
3301572,1
3301573,1
3301574,1
3301575,1
3301576,1
3301577,1
3301578,1
3301579,1
3301580,1
3301581,1
3301582,1
3301583,1
3301584,1
3301585,1
3301586,1
3301587,1
3301588,1
3301589,1
3301590,1
3301591,1
3301592,1
3301593,1
3301594,1
3301595,1
3301596,1
3301597,1
3301598,1
3301599,1
3301600,1
3301601,1
3301602,1
3301603,1
3301604,1
3301605,1
3301606,1
3301691,1
3301693,1
3301694,1
3301695,1
3301713,1
3301717,1
3301732,1
3301733,1
3301735,1
3301736,1
3301737,1
3301738,1
3301739,1
3301740,1
3301741,1
3301742,1
3301743,1
3301744,1
3301745,1
3301786,1
3301787,1
3301793,1
3301794,1
3301797,1
3301801,1
3301814,1
3301816,1
3301818,1
3301819,1
3301820,1
3301821,1
3301823,1
3301825,1
3301826,1
3301827,1
3301828,1
3301829,1
3301836,1
3301837,1
3301846,1
3301847,1
3301868,1
3301869,1
3301870,1
3302185,1
3302186,1
3302187,1
3305115,1
3305118,1
3305119,1
3305120,1
3305128,1
3305129,1
3305130,1
3305131,1
3305132,1
3305167,1
3305168,1
3305169,1
3305170,1
3305171,1
3305172,1
3305173,1
3305174,1
3305175,1
3305178,1
3305179,1
3305180,1
3305181,1
3305182,1
3305183,1
3305184,1
3305185,1
3305186,1
3305187,1
3305188,1
3305189,1
3305190,1
3305191,1
3305192,1
3305193,1
3305194,1
3305195,1
3305196,1
3305197,1
3305198,1
3305199,1
3305200,1
3305201,1
3305202,1
3305203,1
3305204,1
3305205,1
3305206,1
3305207,1
3305208,1
3305209,1
3305210,1
3305211,1
3305212,1
3305213,1
3305214,1
3305215,1
3305216,1
3305217,1
3305218,1
3305219,1
3305220,1
3305221,1
3305222,1
3305223,1
3305309,1
3305310,1
3305311,1
3305312,1
3305330,1
3305334,1
3305349,1
3305350,1
3305351,1
3305352,1
3305353,1
3305357,1
3305358,1
3305359,1
3305360,1
3305361,1
3305362,1
3305363,1
3305364,1
3305365,1
3305366,1
3305403,1
3305404,1
3305410,1
3305412,1
3305414,1
3305415,1
3305416,1
3305417,1
3305418,1
3305431,1
3305432,1
3305433,1
3305434,1
3305435,1
3305436,1
3305437,1
3305438,1
3305440,1
3305441,1
3305451,1
3305452,1
3305453,1
3305465,1
3305466,1
3305485,1
3305486,1
3305487,1
3305802,1
3305804,1
3305875,1
3305876,1
3305877,1
3305878,1
3308731,1
3308732,1
3308733,1
3308734,1
3308735,1
3308736,1
3308737,1
3308747,1
3308748,1
3308749,1
3308750,1
3308784,1
3308785,1
3308786,1
3308787,1
3308788,1
3308789,1
3308790,1
3308791,1
3308792,1
3308795,1
3308796,1
3308797,1
3308798,1
3308799,1
3308800,1
3308801,1
3308802,1
3308803,1
3308804,1
3308805,1
3308806,1
3308807,1
3308808,1
3308809,1
3308810,1
3308811,1
3308812,1
3308813,1
3308814,1
3308815,1
3308816,1
3308817,1
3308818,1
3308819,1
3308820,1
3308821,1
3308822,1
3308823,1
3308824,1
3308825,1
3308826,1
3308827,1
3308828,1
3308829,1
3308830,1
3308831,1
3308832,1
3308833,1
3308834,1
3308835,1
3308836,1
3308837,1
3308838,1
3308839,1
3308840,1
3308841,1
3308842,1
3308843,1
3308925,1
3308926,1
3308927,1
3308928,1
3308929,1
3308946,1
3308947,1
3308951,1
3308966,1
3308967,1
3308975,1
3308976,1
3308977,1
3308978,1
3308979,1
3308983,1
3308984,1
3309020,1
3309021,1
3309022,1
3309023,1
3309026,1
3309027,1
3309028,1
3309029,1
3309032,1
3309033,1
3309034,1
3309035,1
3309036,1
3309046,1
3309047,1
3309048,1
3309049,1
3309051,1
3309052,1
3309053,1
3309054,1
3309055,1
3309056,1
3309057,1
3309058,1
3309066,1
3309067,1
3309068,1
3309069,1
3309083,1
3309084,1
3309085,1
3309086,1
3309089,1
3309102,1
3309103,1
3309104,1
3309105,1
3309106,1
3309107,1
3309109,1
3309420,1
3309421,1
3309493,1
3309494,1
3309495,1
3309496,1
3312348,1
3312349,1
3312350,1
3312351,1
3312352,1
3312353,1
3312354,1
3312364,1
3312365,1
3312366,1
3312367,1
3312401,1
3312402,1
3312403,1
3312404,1
3312405,1
3312406,1
3312407,1
3312408,1
3312409,1
3312411,1
3312412,1
3312413,1
3312414,1
3312415,1
3312416,1
3312417,1
3312418,1
3312419,1
3312420,1
3312421,1
3312422,1
3312423,1
3312424,1
3312425,1
3312426,1
3312427,1
3312428,1
3312429,1
3312430,1
3312431,1
3312432,1
3312433,1
3312434,1
3312435,1
3312436,1
3312437,1
3312438,1
3312439,1
3312440,1
3312441,1
3312442,1
3312443,1
3312444,1
3312445,1
3312446,1
3312447,1
3312448,1
3312449,1
3312450,1
3312451,1
3312452,1
3312453,1
3312454,1
3312455,1
3312456,1
3312457,1
3312458,1
3312460,1
3312543,1
3312544,1
3312545,1
3312546,1
3312563,1
3312565,1
3312568,1
3312569,1
3312589,1
3312590,1
3312591,1
3312592,1
3312593,1
3312594,1
3312601,1
3312602,1
3312637,1
3312638,1
3312640,1
3312641,1
3312644,1
3312645,1
3312646,1
3312647,1
3312649,1
3312650,1
3312651,1
3312652,1
3312653,1
3312663,1
3312664,1
3312665,1
3312666,1
3312668,1
3312669,1
3312670,1
3312671,1
3312672,1
3312673,1
3312674,1
3312675,1
3312676,1
3312681,1
3312682,1
3312683,1
3312684,1
3312685,1
3312701,1
3312702,1
3312703,1
3312704,1
3312705,1
3312706,1
3312707,1
3312708,1
3312718,1
3312719,1
3312720,1
3312721,1
3312724,1
3312725,1
3312726,1
3312727,1
3313110,1
3313111,1
3313112,1
3313113,1
3315969,1
3315970,1
3315971,1
3315972,1
3315984,1
3315985,1
3316019,1
3316020,1
3316021,1
3316022,1
3316023,1
3316024,1
3316025,1
3316026,1
3316027,1
3316028,1
3316029,1
3316030,1
3316031,1
3316032,1
3316033,1
3316034,1
3316035,1
3316036,1
3316037,1
3316038,1
3316039,1
3316040,1
3316041,1
3316042,1
3316043,1
3316044,1
3316045,1
3316046,1
3316047,1
3316048,1
3316049,1
3316050,1
3316051,1
3316052,1
3316053,1
3316054,1
3316055,1
3316056,1
3316057,1
3316058,1
3316059,1
3316060,1
3316061,1
3316062,1
3316063,1
3316064,1
3316065,1
3316066,1
3316067,1
3316068,1
3316069,1
3316070,1
3316071,1
3316072,1
3316073,1
3316074,1
3316075,1
3316160,1
3316161,1
3316162,1
3316163,1
3316179,1
3316180,1
3316182,1
3316186,1
3316199,1
3316200,1
3316201,1
3316205,1
3316206,1
3316207,1
3316208,1
3316209,1
3316211,1
3316212,1
3316219,1
3316255,1
3316257,1
3316258,1
3316263,1
3316264,1
3316265,1
3316267,1
3316268,1
3316279,1
3316280,1
3316281,1
3316282,1
3316283,1
3316284,1
3316285,1
3316286,1
3316287,1
3316288,1
3316289,1
3316290,1
3316291,1
3316293,1
3316294,1
3316296,1
3316297,1
3316298,1
3316325,1
3316326,1
3316332,1
3316335,1
3316336,1
3316337,1
3316338,1
3316339,1
3316344,1
3316345,1
3316437,1
3316438,1
3316680,1
3316728,1
3316729,1
3316730,1
3319586,1
3319587,1
3319588,1
3319589,1
3319590,1
3319601,1
3319602,1
3319603,1
3319636,1
3319637,1
3319638,1
3319639,1
3319640,1
3319641,1
3319642,1
3319643,1
3319644,1
3319645,1
3319646,1
3319647,1
3319648,1
3319649,1
3319650,1
3319651,1
3319652,1
3319653,1
3319654,1
3319655,1
3319656,1
3319657,1
3319658,1
3319659,1
3319660,1
3319661,1
3319662,1
3319663,1
3319664,1
3319665,1
3319666,1
3319667,1
3319668,1
3319669,1
3319670,1
3319671,1
3319672,1
3319673,1
3319674,1
3319675,1
3319676,1
3319677,1
3319678,1
3319679,1
3319680,1
3319681,1
3319682,1
3319683,1
3319684,1
3319685,1
3319686,1
3319687,1
3319688,1
3319689,1
3319690,1
3319691,1
3319692,1
3319693,1
3319776,1
3319777,1
3319778,1
3319779,1
3319780,1
3319795,1
3319796,1
3319799,1
3319803,1
3319804,1
3319805,1
3319815,1
3319816,1
3319818,1
3319820,1
3319821,1
3319822,1
3319836,1
3319872,1
3319873,1
3319874,1
3319875,1
3319876,1
3319877,1
3319880,1
3319881,1
3319882,1
3319883,1
3319885,1
3319886,1
3319896,1
3319897,1
3319898,1
3319899,1
3319900,1
3319901,1
3319902,1
3319904,1
3319905,1
3319910,1
3319911,1
3319912,1
3319913,1
3319943,1
3319954,1
3319955,1
3319956,1
3319957,1
3319962,1
3320057,1
3320297,1
3320298,1
3320346,1
3320347,1
3323203,1
3323204,1
3323205,1
3323207,1
3323208,1
3323219,1
3323220,1
3323254,1
3323255,1
3323256,1
3323257,1
3323258,1
3323259,1
3323260,1
3323261,1
3323262,1
3323263,1
3323264,1
3323265,1
3323266,1
3323267,1
3323268,1
3323269,1
3323270,1
3323271,1
3323272,1
3323273,1
3323274,1
3323275,1
3323276,1
3323277,1
3323278,1
3323279,1
3323280,1
3323281,1
3323282,1
3323283,1
3323284,1
3323285,1
3323286,1
3323287,1
3323288,1
3323289,1
3323290,1
3323291,1
3323292,1
3323293,1
3323294,1
3323295,1
3323296,1
3323297,1
3323298,1
3323299,1
3323300,1
3323301,1
3323302,1
3323303,1
3323304,1
3323305,1
3323306,1
3323307,1
3323308,1
3323309,1
3323310,1
3323311,1
3323312,1
3323313,1
3323390,1
3323391,1
3323392,1
3323393,1
3323394,1
3323395,1
3323396,1
3323412,1
3323421,1
3323422,1
3323423,1
3323431,1
3323432,1
3323435,1
3323436,1
3323437,1
3323438,1
3323447,1
3323448,1
3323449,1
3323452,1
3323495,1
3323496,1
3323497,1
3323500,1
3323501,1
3323502,1
3323503,1
3323514,1
3323515,1
3323521,1
3323523,1
3323524,1
3323525,1
3323529,1
3323530,1
3323559,1
3323560,1
3323565,1
3323566,1
3323567,1
3323568,1
3323572,1
3323573,1
3323574,1
3323575,1
3323580,1
3323673,1
3323674,1
3323914,1
3323915,1
3326819,1
3326820,1
3326824,1
3326825,1
3326836,1
3326837,1
3326838,1
3326875,1
3326876,1
3326877,1
3326878,1
3326879,1
3326880,1
3326881,1
3326882,1
3326883,1
3326884,1
3326885,1
3326886,1
3326887,1
3326888,1
3326889,1
3326890,1
3326891,1
3326892,1
3326893,1
3326894,1
3326895,1
3326896,1
3326897,1
3326898,1
3326899,1
3326900,1
3326901,1
3326902,1
3326903,1
3326904,1
3326905,1
3326906,1
3326907,1
3326908,1
3326909,1
3326910,1
3326911,1
3326912,1
3326913,1
3326914,1
3326915,1
3326916,1
3326917,1
3326918,1
3326919,1
3326920,1
3326921,1
3326922,1
3326923,1
3326924,1
3326925,1
3326926,1
3326927,1
3326928,1
3326931,1
3327006,1
3327007,1
3327008,1
3327009,1
3327010,1
3327011,1
3327012,1
3327013,1
3327028,1
3327029,1
3327040,1
3327041,1
3327042,1
3327047,1
3327048,1
3327063,1
3327066,1
3327067,1
3327069,1
3327116,1
3327117,1
3327118,1
3327120,1
3327140,1
3327141,1
3327147,1
3327176,1
3327182,1
3327183,1
3327185,1
3327192,1
3327193,1
3327197,1
3327198,1
3327199,1
3327279,1
3327280,1
3327281,1
3330436,1
3330437,1
3330441,1
3330442,1
3330453,1
3330454,1
3330496,1
3330497,1
3330498,1
3330499,1
3330500,1
3330501,1
3330502,1
3330503,1
3330504,1
3330505,1
3330506,1
3330507,1
3330508,1
3330509,1
3330510,1
3330511,1
3330512,1
3330513,1
3330514,1
3330515,1
3330516,1
3330517,1
3330518,1
3330519,1
3330520,1
3330521,1
3330522,1
3330523,1
3330524,1
3330525,1
3330526,1
3330527,1
3330528,1
3330529,1
3330530,1
3330531,1
3330532,1
3330533,1
3330534,1
3330535,1
3330536,1
3330537,1
3330538,1
3330539,1
3330540,1
3330541,1
3330542,1
3330543,1
3330544,1
3330545,1
3330623,1
3330624,1
3330625,1
3330626,1
3330627,1
3330628,1
3330629,1
3330630,1
3330645,1
3330646,1
3330658,1
3330659,1
3330664,1
3330679,1
3330680,1
3330682,1
3330683,1
3330684,1
3330685,1
3330686,1
3330727,1
3330733,1
3330734,1
3330735,1
3330736,1
3330737,1
3330749,1
3330750,1
3330751,1
3330752,1
3330757,1
3330758,1
3330759,1
3330763,1
3330764,1
3330794,1
3330799,1
3330800,1
3330802,1
3330809,1
3330810,1
3330816,1
3330896,1
3330897,1
3330898,1
3331199,1
3331200,1
3331201,1
3334053,1
3334054,1
3334059,1
3334071,1
3334072,1
3334113,1
3334114,1
3334115,1
3334116,1
3334117,1
3334118,1
3334119,1
3334120,1
3334121,1
3334122,1
3334123,1
3334124,1
3334125,1
3334126,1
3334127,1
3334128,1
3334129,1
3334130,1
3334131,1
3334132,1
3334133,1
3334134,1
3334135,1
3334136,1
3334137,1
3334138,1
3334139,1
3334140,1
3334141,1
3334142,1
3334143,1
3334144,1
3334145,1
3334146,1
3334147,1
3334148,1
3334149,1
3334150,1
3334151,1
3334152,1
3334153,1
3334154,1
3334155,1
3334156,1
3334157,1
3334158,1
3334159,1
3334160,1
3334161,1
3334162,1
3334166,1
3334167,1
3334239,1
3334240,1
3334241,1
3334242,1
3334243,1
3334244,1
3334245,1
3334246,1
3334261,1
3334262,1
3334275,1
3334280,1
3334281,1
3334296,1
3334297,1
3334298,1
3334299,1
3334300,1
3334301,1
3334302,1
3334303,1
3334304,1
3334344,1
3334345,1
3334346,1
3334351,1
3334352,1
3334353,1
3334354,1
3334358,1
3334359,1
3334360,1
3334361,1
3334363,1
3334364,1
3334365,1
3334369,1
3334374,1
3334375,1
3334376,1
3334380,1
3334411,1
3334412,1
3334416,1
3334417,1
3334418,1
3334419,1
3334426,1
3334427,1
3334429,1
3334432,1
3334433,1
3334434,1
3334513,1
3334514,1
3334515,1
3334816,1
3334818,1
3337670,1
3337671,1
3337676,1
3337677,1
3337688,1
3337689,1
3337730,1
3337731,1
3337732,1
3337733,1
3337734,1
3337735,1
3337736,1
3337737,1
3337738,1
3337739,1
3337740,1
3337741,1
3337742,1
3337743,1
3337744,1
3337745,1
3337746,1
3337747,1
3337748,1
3337749,1
3337750,1
3337751,1
3337752,1
3337753,1
3337754,1
3337755,1
3337756,1
3337757,1
3337758,1
3337759,1
3337760,1
3337761,1
3337762,1
3337763,1
3337764,1
3337765,1
3337766,1
3337767,1
3337768,1
3337769,1
3337770,1
3337771,1
3337772,1
3337773,1
3337774,1
3337775,1
3337776,1
3337777,1
3337778,1
3337779,1
3337782,1
3337783,1
3337784,1
3337855,1
3337856,1
3337857,1
3337858,1
3337859,1
3337860,1
3337861,1
3337862,1
3337863,1
3337878,1
3337892,1
3337897,1
3337912,1
3337913,1
3337914,1
3337918,1
3337919,1
3337920,1
3337921,1
3337922,1
3337960,1
3337961,1
3337963,1
3337979,1
3337980,1
3337982,1
3337983,1
3337985,1
3337986,1
3337989,1
3337990,1
3337991,1
3337992,1
3337993,1
3338029,1
3338045,1
3338046,1
3338047,1
3338048,1
3338050,1
3338051,1
3338053,1
3338128,1
3338129,1
3338130,1
3338131,1
3338433,1
3338434,1
3338435,1
3338446,1
3338447,1
3338450,1
3338451,1
3341288,1
3341293,1
3341294,1
3341306,1
3341307,1
3341347,1
3341348,1
3341349,1
3341350,1
3341351,1
3341352,1
3341353,1
3341354,1
3341355,1
3341356,1
3341357,1
3341358,1
3341359,1
3341360,1
3341361,1
3341362,1
3341363,1
3341364,1
3341365,1
3341366,1
3341367,1
3341368,1
3341369,1
3341370,1
3341371,1
3341372,1
3341373,1
3341374,1
3341375,1
3341376,1
3341377,1
3341378,1
3341379,1
3341380,1
3341381,1
3341382,1
3341383,1
3341384,1
3341385,1
3341386,1
3341387,1
3341388,1
3341389,1
3341390,1
3341391,1
3341392,1
3341393,1
3341394,1
3341395,1
3341396,1
3341397,1
3341398,1
3341399,1
3341400,1
3341401,1
3341402,1
3341403,1
3341471,1
3341472,1
3341473,1
3341474,1
3341475,1
3341476,1
3341477,1
3341478,1
3341479,1
3341495,1
3341510,1
3341511,1
3341512,1
3341513,1
3341514,1
3341528,1
3341529,1
3341530,1
3341534,1
3341535,1
3341539,1
3341575,1
3341576,1
3341577,1
3341578,1
3341579,1
3341580,1
3341581,1
3341592,1
3341604,1
3341605,1
3341606,1
3341607,1
3341608,1
3341609,1
3341610,1
3341611,1
3341612,1
3341646,1
3341647,1
3341648,1
3341649,1
3341650,1
3341651,1
3341652,1
3341653,1
3341664,1
3341665,1
3341666,1
3341667,1
3341668,1
3341669,1
3341670,1
3341672,1
3341673,1
3341674,1
3341675,1
3341676,1
3341677,1
3341678,1
3341679,1
3341680,1
3341681,1
3341744,1
3341745,1
3341746,1
3341747,1
3341748,1
3341749,1
3341798,1
3341800,1
3342051,1
3342052,1
3342053,1
3342063,1
3342064,1
3342067,1
3342068,1
3342069,1
3344905,1
3344906,1
3344911,1
3344912,1
3344923,1
3344924,1
3344964,1
3344965,1
3344966,1
3344967,1
3344968,1
3344969,1
3344970,1
3344971,1
3344972,1
3344973,1
3344974,1
3344975,1
3344976,1
3344977,1
3344978,1
3344979,1
3344980,1
3344981,1
3344982,1
3344983,1
3344984,1
3344985,1
3344986,1
3344987,1
3344988,1
3344989,1
3344990,1
3344991,1
3344992,1
3344993,1
3344994,1
3344995,1
3344996,1
3344997,1
3344998,1
3344999,1
3345000,1
3345001,1
3345002,1
3345003,1
3345004,1
3345005,1
3345006,1
3345007,1
3345008,1
3345009,1
3345010,1
3345011,1
3345012,1
3345013,1
3345014,1
3345015,1
3345016,1
3345017,1
3345018,1
3345019,1
3345020,1
3345086,1
3345087,1
3345088,1
3345089,1
3345090,1
3345091,1
3345092,1
3345093,1
3345094,1
3345095,1
3345112,1
3345130,1
3345145,1
3345147,1
3345151,1
3345155,1
3345156,1
3345157,1
3345158,1
3345161,1
3345162,1
3345192,1
3345198,1
3345199,1
3345200,1
3345206,1
3345207,1
3345209,1
3345220,1
3345221,1
3345222,1
3345223,1
3345224,1
3345225,1
3345226,1
3345227,1
3345228,1
3345229,1
3345263,1
3345265,1
3345266,1
3345267,1
3345268,1
3345269,1
3345270,1
3345271,1
3345272,1
3345273,1
3345274,1
3345275,1
3345276,1
3345288,1
3345289,1
3345290,1
3345291,1
3345292,1
3345293,1
3345294,1
3345295,1
3345296,1
3345297,1
3345298,1
3345299,1
3345300,1
3345301,1
3345302,1
3345303,1
3345350,1
3345360,1
3345361,1
3345362,1
3345364,1
3345365,1
3345369,1
3345370,1
3345371,1
3345372,1
3345415,1
3345418,1
3345669,1
3345670,1
3345671,1
3345672,1
3345680,1
3345681,1
3345684,1
3345685,1
3345686,1
3348523,1
3348528,1
3348529,1
3348540,1
3348541,1
3348542,1
3348581,1
3348582,1
3348583,1
3348584,1
3348585,1
3348586,1
3348587,1
3348588,1
3348589,1
3348590,1
3348591,1
3348592,1
3348593,1
3348594,1
3348595,1
3348596,1
3348597,1
3348598,1
3348599,1
3348600,1
3348601,1
3348602,1
3348603,1
3348604,1
3348605,1
3348606,1
3348607,1
3348608,1
3348609,1
3348610,1
3348611,1
3348612,1
3348613,1
3348614,1
3348615,1
3348616,1
3348617,1
3348618,1
3348619,1
3348620,1
3348621,1
3348622,1
3348623,1
3348624,1
3348625,1
3348626,1
3348627,1
3348628,1
3348629,1
3348630,1
3348631,1
3348632,1
3348633,1
3348634,1
3348635,1
3348636,1
3348702,1
3348703,1
3348704,1
3348705,1
3348706,1
3348707,1
3348708,1
3348709,1
3348710,1
3348711,1
3348729,1
3348761,1
3348764,1
3348767,1
3348768,1
3348770,1
3348773,1
3348774,1
3348775,1
3348776,1
3348777,1
3348778,1
3348779,1
3348780,1
3348781,1
3348782,1
3348809,1
3348810,1
3348817,1
3348818,1
3348820,1
3348823,1
3348824,1
3348836,1
3348837,1
3348838,1
3348839,1
3348840,1
3348841,1
3348842,1
3348843,1
3348844,1
3348845,1
3348846,1
3348847,1
3348848,1
3348850,1
3348851,1
3348852,1
3348880,1
3348885,1
3348886,1
3348887,1
3348891,1
3348892,1
3348893,1
3348894,1
3348895,1
3348896,1
3348897,1
3348904,1
3348905,1
3348906,1
3348907,1
3348908,1
3348909,1
3348910,1
3348911,1
3348912,1
3348913,1
3348914,1
3348917,1
3348918,1
3348919,1
3348920,1
3348921,1
3348922,1
3348923,1
3348924,1
3348977,1
3348986,1
3348987,1
3348988,1
3349032,1
3349035,1
3349036,1
3349287,1
3349288,1
3349289,1
3349302,1
3349303,1
3352140,1
3352141,1
3352146,1
3352157,1
3352158,1
3352159,1
3352198,1
3352199,1
3352200,1
3352201,1
3352202,1
3352203,1
3352204,1
3352205,1
3352206,1
3352207,1
3352210,1
3352214,1
3352215,1
3352216,1
3352217,1
3352218,1
3352219,1
3352220,1
3352221,1
3352222,1
3352223,1
3352224,1
3352225,1
3352226,1
3352227,1
3352228,1
3352229,1
3352230,1
3352231,1
3352232,1
3352233,1
3352234,1
3352235,1
3352236,1
3352237,1
3352238,1
3352239,1
3352240,1
3352241,1
3352243,1
3352244,1
3352245,1
3352246,1
3352247,1
3352248,1
3352249,1
3352250,1
3352251,1
3352252,1
3352253,1
3352319,1
3352320,1
3352321,1
3352322,1
3352323,1
3352324,1
3352325,1
3352326,1
3352327,1
3352328,1
3352346,1
3352377,1
3352378,1
3352381,1
3352382,1
3352383,1
3352384,1
3352387,1
3352388,1
3352390,1
3352391,1
3352392,1
3352393,1
3352394,1
3352395,1
3352396,1
3352397,1
3352398,1
3352399,1
3352400,1
3352401,1
3352427,1
3352435,1
3352436,1
3352437,1
3352440,1
3352441,1
3352453,1
3352454,1
3352455,1
3352456,1
3352457,1
3352458,1
3352459,1
3352460,1
3352461,1
3352462,1
3352463,1
3352464,1
3352465,1
3352466,1
3352467,1
3352468,1
3352469,1
3352470,1
3352473,1
3352496,1
3352497,1
3352502,1
3352503,1
3352504,1
3352505,1
3352506,1
3352507,1
3352508,1
3352509,1
3352510,1
3352511,1
3352512,1
3352513,1
3352514,1
3352515,1
3352516,1
3352521,1
3352522,1
3352523,1
3352524,1
3352525,1
3352526,1
3352527,1
3352528,1
3352529,1
3352535,1
3352536,1
3352537,1
3352538,1
3352539,1
3352540,1
3352541,1
3352594,1
3352603,1
3352604,1
3352605,1
3352650,1
3352651,1
3352652,1
3352653,1
3352654,1
3352904,1
3352905,1
3352906,1
3355757,1
3355758,1
3355763,1
3355764,1
3355775,1
3355776,1
3355816,1
3355817,1
3355818,1
3355819,1
3355820,1
3355821,1
3355822,1
3355823,1
3355831,1
3355832,1
3355833,1
3355834,1
3355835,1
3355836,1
3355837,1
3355838,1
3355839,1
3355840,1
3355841,1
3355842,1
3355843,1
3355844,1
3355845,1
3355846,1
3355847,1
3355848,1
3355849,1
3355850,1
3355851,1
3355852,1
3355853,1
3355854,1
3355855,1
3355856,1
3355857,1
3355858,1
3355860,1
3355861,1
3355862,1
3355863,1
3355864,1
3355865,1
3355866,1
3355867,1
3355868,1
3355869,1
3355870,1
3355935,1
3355936,1
3355937,1
3355938,1
3355939,1
3355940,1
3355941,1
3355942,1
3355943,1
3355944,1
3355963,1
3355991,1
3355992,1
3355993,1
3355994,1
3355999,1
3356000,1
3356001,1
3356002,1
3356003,1
3356004,1
3356005,1
3356007,1
3356008,1
3356009,1
3356010,1
3356011,1
3356012,1
3356013,1
3356014,1
3356015,1
3356018,1
3356019,1
3356020,1
3356021,1
3356022,1
3356023,1
3356024,1
3356044,1
3356053,1
3356055,1
3356068,1
3356069,1
3356070,1
3356071,1
3356072,1
3356073,1
3356074,1
3356075,1
3356076,1
3356077,1
3356078,1
3356079,1
3356080,1
3356081,1
3356082,1
3356083,1
3356084,1
3356085,1
3356086,1
3356087,1
3356088,1
3356089,1
3356112,1
3356113,1
3356124,1
3356125,1
3356133,1
3356134,1
3356135,1
3356136,1
3356137,1
3356138,1
3356139,1
3356140,1
3356141,1
3356142,1
3356143,1
3356144,1
3356145,1
3356154,1
3356155,1
3356156,1
3356157,1
3356158,1
3356159,1
3356199,1
3356200,1
3356211,1
3356220,1
3356221,1
3356266,1
3356267,1
3356268,1
3356269,1
3356270,1
3356271,1
3356272,1
3356278,1
3359374,1
3359375,1
3359376,1
3359380,1
3359381,1
3359391,1
3359392,1
3359393,1
3359394,1
3359433,1
3359434,1
3359435,1
3359436,1
3359437,1
3359438,1
3359439,1
3359440,1
3359441,1
3359444,1
3359448,1
3359449,1
3359450,1
3359451,1
3359452,1
3359453,1
3359454,1
3359455,1
3359456,1
3359457,1
3359458,1
3359459,1
3359460,1
3359461,1
3359462,1
3359463,1
3359464,1
3359465,1
3359466,1
3359467,1
3359468,1
3359469,1
3359470,1
3359471,1
3359472,1
3359473,1
3359474,1
3359475,1
3359476,1
3359477,1
3359478,1
3359479,1
3359480,1
3359481,1
3359482,1
3359483,1
3359484,1
3359485,1
3359486,1
3359487,1
3359551,1
3359552,1
3359553,1
3359554,1
3359555,1
3359556,1
3359557,1
3359558,1
3359559,1
3359560,1
3359561,1
3359580,1
3359606,1
3359607,1
3359608,1
3359609,1
3359618,1
3359619,1
3359620,1
3359622,1
3359623,1
3359624,1
3359625,1
3359626,1
3359627,1
3359628,1
3359630,1
3359631,1
3359638,1
3359641,1
3359642,1
3359643,1
3359644,1
3359645,1
3359646,1
3359647,1
3359648,1
3359649,1
3359650,1
3359651,1
3359661,1
3359662,1
3359664,1
3359665,1
3359666,1
3359667,1
3359668,1
3359669,1
3359684,1
3359685,1
3359686,1
3359687,1
3359688,1
3359692,1
3359693,1
3359694,1
3359695,1
3359696,1
3359697,1
3359698,1
3359699,1
3359700,1
3359701,1
3359702,1
3359703,1
3359704,1
3359705,1
3359706,1
3359707,1
3359729,1
3359730,1
3359731,1
3359732,1
3359742,1
3359743,1
3359744,1
3359745,1
3359746,1
3359756,1
3359757,1
3359758,1
3359759,1
3359760,1
3359773,1
3359774,1
3359775,1
3359776,1
3359816,1
3359817,1
3359883,1
3359884,1
3359887,1
3359888,1
3359889,1
3360143,1
3360144,1
3362992,1
3362993,1
3362994,1
3362995,1
3362996,1
3362997,1
3362998,1
3362999,1
3363009,1
3363010,1
3363011,1
3363050,1
3363051,1
3363052,1
3363053,1
3363054,1
3363055,1
3363056,1
3363057,1
3363066,1
3363067,1
3363068,1
3363069,1
3363070,1
3363071,1
3363072,1
3363073,1
3363074,1
3363075,1
3363076,1
3363077,1
3363078,1
3363079,1
3363080,1
3363081,1
3363082,1
3363083,1
3363084,1
3363085,1
3363086,1
3363087,1
3363088,1
3363089,1
3363090,1
3363091,1
3363092,1
3363093,1
3363094,1
3363095,1
3363096,1
3363097,1
3363098,1
3363099,1
3363100,1
3363101,1
3363102,1
3363103,1
3363169,1
3363170,1
3363171,1
3363172,1
3363173,1
3363174,1
3363175,1
3363176,1
3363177,1
3363178,1
3363197,1
3363218,1
3363219,1
3363223,1
3363224,1
3363225,1
3363235,1
3363236,1
3363237,1
3363238,1
3363239,1
3363240,1
3363241,1
3363242,1
3363243,1
3363244,1
3363245,1
3363246,1
3363247,1
3363261,1
3363268,1
3363270,1
3363280,1
3363281,1
3363302,1
3363303,1
3363309,1
3363310,1
3363311,1
3363312,1
3363313,1
3363314,1
3363315,1
3363316,1
3363317,1
3363318,1
3363319,1
3363320,1
3363321,1
3363322,1
3363323,1
3363346,1
3363347,1
3363348,1
3363349,1
3363352,1
3363353,1
3363361,1
3363362,1
3363363,1
3363364,1
3363372,1
3363373,1
3363374,1
3363375,1
3363392,1
3363393,1
3363395,1
3363470,1
3363471,1
3363473,1
3363474,1
3363760,1
3363761,1
3363762,1
3366611,1
3366613,1
3366614,1
3366615,1
3366616,1
3366617,1
3366626,1
3366627,1
3366628,1
3366629,1
3366666,1
3366668,1
3366669,1
3366670,1
3366671,1
3366672,1
3366673,1
3366683,1
3366684,1
3366685,1
3366686,1
3366687,1
3366688,1
3366689,1
3366690,1
3366691,1
3366692,1
3366693,1
3366694,1
3366695,1
3366696,1
3366697,1
3366698,1
3366699,1
3366700,1
3366701,1
3366702,1
3366703,1
3366704,1
3366705,1
3366706,1
3366707,1
3366708,1
3366709,1
3366710,1
3366711,1
3366712,1
3366713,1
3366714,1
3366715,1
3366716,1
3366717,1
3366718,1
3366719,1
3366720,1
3366721,1
3366786,1
3366787,1
3366788,1
3366789,1
3366790,1
3366791,1
3366792,1
3366793,1
3366794,1
3366795,1
3366813,1
3366814,1
3366835,1
3366836,1
3366839,1
3366840,1
3366841,1
3366852,1
3366853,1
3366854,1
3366855,1
3366856,1
3366857,1
3366859,1
3366860,1
3366861,1
3366862,1
3366863,1
3366864,1
3366870,1
3366872,1
3366873,1
3366874,1
3366875,1
3366880,1
3366882,1
3366883,1
3366884,1
3366885,1
3366918,1
3366926,1
3366927,1
3366928,1
3366929,1
3366930,1
3366931,1
3366932,1
3366933,1
3366934,1
3366935,1
3366936,1
3366937,1
3366938,1
3366939,1
3366940,1
3366964,1
3366965,1
3366966,1
3366968,1
3366969,1
3366970,1
3366980,1
3366981,1
3366982,1
3366983,1
3366985,1
3366986,1
3366987,1
3366988,1
3366989,1
3366990,1
3366991,1
3366992,1
3366993,1
3367010,1
3367011,1
3367012,1
3367013,1
3367014,1
3367086,1
3367087,1
3367088,1
3367089,1
3367090,1
3367091,1
3367092,1
3367093,1
3367094,1
3367095,1
3367096,1
3367101,1
3367102,1
3367378,1
3367379,1
3370228,1
3370230,1
3370231,1
3370232,1
3370233,1
3370234,1
3370235,1
3370243,1
3370244,1
3370245,1
3370246,1
3370285,1
3370286,1
3370287,1
3370288,1
3370289,1
3370300,1
3370301,1
3370302,1
3370303,1
3370304,1
3370305,1
3370306,1
3370307,1
3370308,1
3370309,1
3370310,1
3370311,1
3370312,1
3370313,1
3370314,1
3370315,1
3370316,1
3370317,1
3370318,1
3370319,1
3370320,1
3370321,1
3370322,1
3370323,1
3370324,1
3370325,1
3370326,1
3370327,1
3370328,1
3370329,1
3370330,1
3370331,1
3370332,1
3370333,1
3370334,1
3370335,1
3370336,1
3370337,1
3370338,1
3370339,1
3370403,1
3370404,1
3370405,1
3370406,1
3370407,1
3370408,1
3370409,1
3370410,1
3370411,1
3370412,1
3370430,1
3370452,1
3370453,1
3370454,1
3370455,1
3370456,1
3370457,1
3370458,1
3370469,1
3370470,1
3370471,1
3370472,1
3370473,1
3370474,1
3370475,1
3370476,1
3370477,1
3370478,1
3370479,1
3370480,1
3370481,1
3370485,1
3370486,1
3370487,1
3370488,1
3370489,1
3370490,1
3370491,1
3370492,1
3370493,1
3370494,1
3370495,1
3370496,1
3370497,1
3370498,1
3370499,1
3370500,1
3370501,1
3370535,1
3370536,1
3370537,1
3370543,1
3370544,1
3370545,1
3370546,1
3370547,1
3370548,1
3370549,1
3370550,1
3370551,1
3370552,1
3370553,1
3370554,1
3370555,1
3370556,1
3370557,1
3370558,1
3370581,1
3370582,1
3370583,1
3370585,1
3370586,1
3370587,1
3370597,1
3370598,1
3370599,1
3370600,1
3370601,1
3370602,1
3370603,1
3370604,1
3370605,1
3370606,1
3370607,1
3370608,1
3370609,1
3370610,1
3370629,1
3370630,1
3370631,1
3370703,1
3370704,1
3370705,1
3370706,1
3370711,1
3370712,1
3370713,1
3370714,1
3370718,1
3370719,1
3370995,1
3370996,1
3373848,1
3373849,1
3373850,1
3373852,1
3373861,1
3373862,1
3373863,1
3373904,1
3373905,1
3373906,1
3373917,1
3373918,1
3373919,1
3373920,1
3373921,1
3373922,1
3373923,1
3373924,1
3373925,1
3373926,1
3373927,1
3373928,1
3373929,1
3373930,1
3373931,1
3373932,1
3373933,1
3373934,1
3373935,1
3373936,1
3373937,1
3373938,1
3373939,1
3373940,1
3373941,1
3373942,1
3373943,1
3373944,1
3373945,1
3373946,1
3373947,1
3373948,1
3373949,1
3373950,1
3373951,1
3373952,1
3373953,1
3373954,1
3373955,1
3373956,1
3374020,1
3374021,1
3374022,1
3374023,1
3374024,1
3374025,1
3374026,1
3374027,1
3374028,1
3374029,1
3374047,1
3374071,1
3374072,1
3374073,1
3374074,1
3374084,1
3374086,1
3374087,1
3374088,1
3374089,1
3374090,1
3374091,1
3374092,1
3374093,1
3374095,1
3374096,1
3374098,1
3374099,1
3374100,1
3374101,1
3374102,1
3374116,1
3374151,1
3374152,1
3374153,1
3374154,1
3374155,1
3374156,1
3374157,1
3374158,1
3374159,1
3374161,1
3374162,1
3374163,1
3374164,1
3374165,1
3374166,1
3374167,1
3374168,1
3374169,1
3374170,1
3374171,1
3374172,1
3374173,1
3374174,1
3374175,1
3374197,1
3374198,1
3374199,1
3374200,1
3374202,1
3374203,1
3374204,1
3374205,1
3374218,1
3374219,1
3374220,1
3374221,1
3374222,1
3374223,1
3374224,1
3374225,1
3374226,1
3374227,1
3374228,1
3374248,1
3374249,1
3374250,1
3374319,1
3374320,1
3374321,1
3374329,1
3374331,1
3374332,1
3374333,1
3374334,1
3374335,1
3374336,1
3377466,1
3377467,1
3377469,1
3377470,1
3377478,1
3377479,1
3377480,1
3377521,1
3377522,1
3377523,1
3377524,1
3377526,1
3377527,1
3377528,1
3377529,1
3377534,1
3377535,1
3377536,1
3377537,1
3377538,1
3377539,1
3377540,1
3377541,1
3377542,1
3377543,1
3377544,1
3377545,1
3377546,1
3377547,1
3377548,1
3377549,1
3377550,1
3377551,1
3377552,1
3377553,1
3377554,1
3377555,1
3377556,1
3377557,1
3377558,1
3377559,1
3377560,1
3377561,1
3377562,1
3377563,1
3377564,1
3377565,1
3377566,1
3377567,1
3377568,1
3377569,1
3377570,1
3377571,1
3377572,1
3377573,1
3377638,1
3377639,1
3377640,1
3377641,1
3377642,1
3377643,1
3377644,1
3377645,1
3377646,1
3377647,1
3377663,1
3377664,1
3377688,1
3377689,1
3377690,1
3377691,1
3377701,1
3377702,1
3377704,1
3377705,1
3377706,1
3377707,1
3377708,1
3377709,1
3377710,1
3377711,1
3377712,1
3377731,1
3377732,1
3377733,1
3377768,1
3377769,1
3377770,1
3377771,1
3377772,1
3377773,1
3377774,1
3377775,1
3377776,1
3377778,1
3377779,1
3377780,1
3377781,1
3377782,1
3377783,1
3377784,1
3377785,1
3377786,1
3377787,1
3377788,1
3377789,1
3377790,1
3377791,1
3377792,1
3377793,1
3377811,1
3377814,1
3377815,1
3377816,1
3377817,1
3377820,1
3377821,1
3377822,1
3377824,1
3377825,1
3377826,1
3377835,1
3377836,1
3377837,1
3377838,1
3377839,1
3377840,1
3377841,1
3377842,1
3377867,1
3377868,1
3377932,1
3377935,1
3377936,1
3377937,1
3377940,1
3377946,1
3377947,1
3377948,1
3377949,1
3377950,1
3377951,1
3381083,1
3381084,1
3381087,1
3381096,1
3381097,1
3381138,1
3381139,1
3381140,1
3381141,1
3381142,1
3381143,1
3381144,1
3381145,1
3381146,1
3381151,1
3381152,1
3381153,1
3381154,1
3381155,1
3381156,1
3381157,1
3381158,1
3381159,1
3381160,1
3381161,1
3381162,1
3381163,1
3381164,1
3381165,1
3381166,1
3381167,1
3381168,1
3381169,1
3381170,1
3381171,1
3381172,1
3381173,1
3381174,1
3381175,1
3381176,1
3381177,1
3381178,1
3381179,1
3381180,1
3381181,1
3381182,1
3381183,1
3381184,1
3381185,1
3381186,1
3381187,1
3381188,1
3381189,1
3381190,1
3381256,1
3381257,1
3381258,1
3381259,1
3381260,1
3381261,1
3381262,1
3381263,1
3381264,1
3381265,1
3381266,1
3381280,1
3381307,1
3381308,1
3381321,1
3381323,1
3381324,1
3381348,1
3381350,1
3381390,1
3381391,1
3381392,1
3381393,1
3381394,1
3381395,1
3381396,1
3381397,1
3381398,1
3381399,1
3381400,1
3381401,1
3381402,1
3381403,1
3381404,1
3381405,1
3381406,1
3381407,1
3381408,1
3381409,1
3381410,1
3381411,1
3381415,1
3381421,1
3381422,1
3381423,1
3381429,1
3381431,1
3381432,1
3381433,1
3381434,1
3381435,1
3381437,1
3381438,1
3381452,1
3381453,1
3381455,1
3381456,1
3381457,1
3381485,1
3381486,1
3381487,1
3381552,1
3381553,1
3381554,1
3381556,1
3381557,1
3381558,1
3381559,1
3381560,1
3381561,1
3381562,1
3381563,1
3381565,1
3381566,1
3381567,1
3381568,1
3381569,1
3381571,1
3381572,1
3384701,1
3384702,1
3384704,1
3384705,1
3384714,1
3384754,1
3384756,1
3384757,1
3384758,1
3384759,1
3384760,1
3384761,1
3384762,1
3384763,1
3384764,1
3384769,1
3384770,1
3384771,1
3384772,1
3384773,1
3384774,1
3384775,1
3384776,1
3384777,1
3384778,1
3384779,1
3384780,1
3384781,1
3384782,1
3384783,1
3384784,1
3384785,1
3384786,1
3384787,1
3384788,1
3384789,1
3384790,1
3384791,1
3384792,1
3384793,1
3384794,1
3384795,1
3384796,1
3384797,1
3384798,1
3384799,1
3384800,1
3384801,1
3384802,1
3384803,1
3384804,1
3384805,1
3384806,1
3384807,1
3384872,1
3384873,1
3384874,1
3384875,1
3384876,1
3384877,1
3384878,1
3384879,1
3384880,1
3384881,1
3384882,1
3384883,1
3384884,1
3384897,1
3384925,1
3384926,1
3384965,1
3384967,1
3385011,1
3385012,1
3385013,1
3385014,1
3385015,1
3385016,1
3385017,1
3385018,1
3385019,1
3385020,1
3385021,1
3385022,1
3385023,1
3385024,1
3385025,1
3385026,1
3385027,1
3385028,1
3385029,1
3385030,1
3385031,1
3385032,1
3385033,1
3385034,1
3385035,1
3385036,1
3385037,1
3385038,1
3385039,1
3385040,1
3385041,1
3385042,1
3385043,1
3385044,1
3385045,1
3385049,1
3385051,1
3385052,1
3385053,1
3385055,1
3385056,1
3385069,1
3385104,1
3385105,1
3385106,1
3385107,1
3385108,1
3385109,1
3385170,1
3385171,1
3385172,1
3385173,1
3385175,1
3385176,1
3385180,1
3385181,1
3385182,1
3385183,1
3385184,1
3385186,1
3385207,1
3385208,1
3385209,1
3385210,1
3385211,1
3388318,1
3388319,1
3388321,1
3388322,1
3388331,1
3388332,1
3388377,1
3388378,1
3388379,1
3388380,1
3388381,1
3388386,1
3388387,1
3388388,1
3388389,1
3388390,1
3388391,1
3388392,1
3388393,1
3388394,1
3388395,1
3388396,1
3388397,1
3388398,1
3388399,1
3388400,1
3388401,1
3388402,1
3388403,1
3388404,1
3388405,1
3388406,1
3388407,1
3388408,1
3388409,1
3388410,1
3388411,1
3388412,1
3388413,1
3388414,1
3388415,1
3388416,1
3388417,1
3388418,1
3388419,1
3388420,1
3388421,1
3388422,1
3388423,1
3388424,1
3388489,1
3388490,1
3388491,1
3388492,1
3388493,1
3388494,1
3388495,1
3388496,1
3388497,1
3388498,1
3388499,1
3388500,1
3388501,1
3388502,1
3388514,1
3388542,1
3388543,1
3388582,1
3388584,1
3388585,1
3388628,1
3388629,1
3388630,1
3388631,1
3388632,1
3388633,1
3388634,1
3388635,1
3388636,1
3388637,1
3388638,1
3388639,1
3388640,1
3388641,1
3388642,1
3388643,1
3388644,1
3388645,1
3388646,1
3388647,1
3388648,1
3388649,1
3388650,1
3388651,1
3388652,1
3388653,1
3388654,1
3388655,1
3388656,1
3388657,1
3388658,1
3388659,1
3388660,1
3388661,1
3388662,1
3388663,1
3388666,1
3388668,1
3388670,1
3388672,1
3388673,1
3388686,1
3388726,1
3388727,1
3388728,1
3388729,1
3388730,1
3388787,1
3388788,1
3388789,1
3388790,1
3388792,1
3388793,1
3388798,1
3388799,1
3388800,1
3388801,1
3388802,1
3388803,1
3388823,1
3388824,1
3388825,1
3388826,1
3388827,1
3388828,1
3391936,1
3391937,1
3391938,1
3391939,1
3391940,1
3391941,1
3391948,1
3391949,1
3391997,1
3391998,1
3391999,1
3392004,1
3392005,1
3392006,1
3392007,1
3392008,1
3392009,1
3392010,1
3392011,1
3392012,1
3392013,1
3392014,1
3392015,1
3392016,1
3392017,1
3392018,1
3392019,1
3392020,1
3392021,1
3392022,1
3392023,1
3392024,1
3392025,1
3392026,1
3392027,1
3392028,1
3392029,1
3392030,1
3392031,1
3392032,1
3392033,1
3392034,1
3392035,1
3392036,1
3392037,1
3392038,1
3392039,1
3392040,1
3392041,1
3392106,1
3392107,1
3392108,1
3392109,1
3392110,1
3392111,1
3392112,1
3392113,1
3392114,1
3392115,1
3392116,1
3392117,1
3392118,1
3392119,1
3392130,1
3392131,1
3392160,1
3392200,1
3392201,1
3392202,1
3392251,1
3392252,1
3392253,1
3392254,1
3392255,1
3392256,1
3392257,1
3392258,1
3392259,1
3392260,1
3392261,1
3392262,1
3392263,1
3392264,1
3392265,1
3392266,1
3392267,1
3392268,1
3392269,1
3392270,1
3392271,1
3392275,1
3392277,1
3392279,1
3392284,1
3392285,1
3392287,1
3392290,1
3392303,1
3392348,1
3392408,1
3392409,1
3392411,1
3392412,1
3392413,1
3392414,1
3392415,1
3392417,1
3392440,1
3392445,1
3392446,1
3392700,1
3392701,1
3395555,1
3395556,1
3395558,1
3395559,1
3395566,1
3395567,1
3395604,1
3395613,1
3395614,1
3395615,1
3395616,1
3395624,1
3395625,1
3395626,1
3395627,1
3395628,1
3395629,1
3395630,1
3395631,1
3395632,1
3395633,1
3395634,1
3395636,1
3395637,1
3395638,1
3395639,1
3395640,1
3395641,1
3395642,1
3395643,1
3395644,1
3395645,1
3395646,1
3395647,1
3395648,1
3395649,1
3395650,1
3395651,1
3395652,1
3395653,1
3395654,1
3395655,1
3395656,1
3395657,1
3395658,1
3395721,1
3395723,1
3395724,1
3395725,1
3395726,1
3395727,1
3395728,1
3395729,1
3395730,1
3395731,1
3395732,1
3395733,1
3395734,1
3395735,1
3395736,1
3395737,1
3395745,1
3395746,1
3395747,1
3395777,1
3395778,1
3395817,1
3395818,1
3395868,1
3395869,1
3395870,1
3395871,1
3395872,1
3395873,1
3395874,1
3395875,1
3395876,1
3395877,1
3395878,1
3395879,1
3395880,1
3395881,1
3395882,1
3395883,1
3395884,1
3395885,1
3395886,1
3395887,1
3395892,1
3395893,1
3395894,1
3395895,1
3395901,1
3395902,1
3395904,1
3395906,1
3395907,1
3395919,1
3395920,1
3395965,1
3395966,1
3395967,1
3395968,1
3395969,1
3395970,1
3396030,1
3396031,1
3396055,1
3396057,1
3396058,1
3396063,1
3396064,1
3396065,1
3396066,1
3396067,1
3396077,1
3396078,1
3396317,1
3396318,1
3396325,1
3396326,1
3399172,1
3399173,1
3399175,1
3399176,1
3399183,1
3399184,1
3399185,1
3399231,1
3399232,1
3399242,1
3399243,1
3399244,1
3399245,1
3399246,1
3399247,1
3399248,1
3399249,1
3399250,1
3399254,1
3399255,1
3399256,1
3399257,1
3399258,1
3399259,1
3399260,1
3399261,1
3399262,1
3399263,1
3399264,1
3399265,1
3399266,1
3399267,1
3399268,1
3399269,1
3399270,1
3399271,1
3399272,1
3399273,1
3399274,1
3399275,1
3399338,1
3399339,1
3399340,1
3399341,1
3399342,1
3399343,1
3399344,1
3399345,1
3399346,1
3399347,1
3399348,1
3399349,1
3399350,1
3399351,1
3399352,1
3399353,1
3399354,1
3399361,1
3399362,1
3399363,1
3399382,1
3399395,1
3399486,1
3399487,1
3399488,1
3399489,1
3399490,1
3399491,1
3399492,1
3399493,1
3399494,1
3399495,1
3399496,1
3399497,1
3399498,1
3399499,1
3399500,1
3399501,1
3399502,1
3399503,1
3399509,1
3399511,1
3399518,1
3399519,1
3399521,1
3399523,1
3399534,1
3399535,1
3399536,1
3399582,1
3399586,1
3399587,1
3399588,1
3399671,1
3399672,1
3399675,1
3399679,1
3399680,1
3399681,1
3399682,1
3399684,1
3399685,1
3399693,1
3399694,1
3399695,1
3399942,1
3399944,1
3400069,1
3400070,1
3402790,1
3402793,1
3402794,1
3402801,1
3402802,1
3402803,1
3402849,1
3402858,1
3402859,1
3402860,1
3402861,1
3402862,1
3402863,1
3402864,1
3402865,1
3402866,1
3402873,1
3402874,1
3402875,1
3402876,1
3402877,1
3402878,1
3402879,1
3402880,1
3402881,1
3402882,1
3402883,1
3402884,1
3402885,1
3402886,1
3402887,1
3402888,1
3402889,1
3402890,1
3402891,1
3402892,1
3402955,1
3402956,1
3402957,1
3402958,1
3402959,1
3402960,1
3402961,1
3402962,1
3402963,1
3402964,1
3402965,1
3402966,1
3402967,1
3402968,1
3402969,1
3402970,1
3402971,1
3402972,1
3402973,1
3402978,1
3402997,1
3402998,1
3402999,1
3403000,1
3403001,1
3403012,1
3403013,1
3403081,1
3403082,1
3403085,1
3403086,1
3403087,1
3403106,1
3403107,1
3403108,1
3403109,1
3403110,1
3403111,1
3403112,1
3403115,1
3403117,1
3403118,1
3403119,1
3403136,1
3403138,1
3403139,1
3403140,1
3403141,1
3403150,1
3403151,1
3403205,1
3403206,1
3403207,1
3403208,1
3403265,1
3403292,1
3403293,1
3403294,1
3403295,1
3403296,1
3403297,1
3403298,1
3403299,1
3403302,1
3403303,1
3403304,1
3403310,1
3403311,1
3403312,1
3403318,1
3403560,1
3403561,1
3403686,1
3403687,1
3403688,1
3406407,1
3406410,1
3406411,1
3406418,1
3406419,1
3406420,1
3406421,1
3406466,1
3406467,1
3406475,1
3406476,1
3406477,1
3406478,1
3406479,1
3406480,1
3406481,1
3406482,1
3406483,1
3406491,1
3406492,1
3406493,1
3406494,1
3406495,1
3406496,1
3406497,1
3406498,1
3406499,1
3406500,1
3406501,1
3406502,1
3406503,1
3406504,1
3406505,1
3406506,1
3406507,1
3406508,1
3406509,1
3406510,1
3406572,1
3406573,1
3406574,1
3406575,1
3406576,1
3406577,1
3406578,1
3406579,1
3406580,1
3406581,1
3406582,1
3406583,1
3406584,1
3406585,1
3406586,1
3406587,1
3406588,1
3406589,1
3406590,1
3406595,1
3406613,1
3406614,1
3406615,1
3406616,1
3406617,1
3406618,1
3406630,1
3406689,1
3406690,1
3406691,1
3406692,1
3406693,1
3406694,1
3406695,1
3406696,1
3406697,1
3406698,1
3406699,1
3406701,1
3406703,1
3406704,1
3406705,1
3406706,1
3406723,1
3406724,1
3406725,1
3406726,1
3406727,1
3406735,1
3406753,1
3406755,1
3406756,1
3406757,1
3406758,1
3406767,1
3406824,1
3406825,1
3406826,1
3406882,1
3406909,1
3406910,1
3406911,1
3406912,1
3406913,1
3406914,1
3406915,1
3406916,1
3406917,1
3406918,1
3406921,1
3406927,1
3406929,1
3407303,1
3407304,1
3407305,1
3410024,1
3410025,1
3410026,1
3410028,1
3410029,1
3410036,1
3410037,1
3410038,1
3410083,1
3410084,1
3410085,1
3410086,1
3410091,1
3410092,1
3410093,1
3410094,1
3410095,1
3410096,1
3410097,1
3410098,1
3410100,1
3410108,1
3410109,1
3410110,1
3410111,1
3410112,1
3410113,1
3410114,1
3410115,1
3410116,1
3410117,1
3410118,1
3410119,1
3410120,1
3410121,1
3410122,1
3410123,1
3410124,1
3410125,1
3410126,1
3410130,1
3410142,1
3410186,1
3410189,1
3410190,1
3410191,1
3410192,1
3410193,1
3410194,1
3410195,1
3410196,1
3410197,1
3410198,1
3410199,1
3410200,1
3410201,1
3410202,1
3410203,1
3410204,1
3410205,1
3410206,1
3410207,1
3410208,1
3410212,1
3410213,1
3410229,1
3410230,1
3410231,1
3410232,1
3410233,1
3410234,1
3410235,1
3410247,1
3410248,1
3410304,1
3410305,1
3410306,1
3410316,1
3410317,1
3410318,1
3410323,1
3410324,1
3410329,1
3410340,1
3410341,1
3410342,1
3410343,1
3410344,1
3410345,1
3410372,1
3410373,1
3410374,1
3410375,1
3410383,1
3410384,1
3410443,1
3410444,1
3410488,1
3410489,1
3410490,1
3410496,1
3410533,1
3410534,1
3410535,1
3410536,1
3410538,1
3410539,1
3410540,1
3410544,1
3410546,1
3410547,1
3410552,1
3413642,1
3413643,1
3413646,1
3413647,1
3413654,1
3413655,1
3413701,1
3413702,1
3413703,1
3413704,1
3413708,1
3413711,1
3413712,1
3413713,1
3413714,1
3413715,1
3413716,1
3413717,1
3413724,1
3413725,1
3413726,1
3413727,1
3413728,1
3413729,1
3413730,1
3413731,1
3413732,1
3413733,1
3413734,1
3413735,1
3413736,1
3413737,1
3413738,1
3413739,1
3413740,1
3413741,1
3413742,1
3413743,1
3413746,1
3413747,1
3413755,1
3413756,1
3413759,1
3413772,1
3413803,1
3413805,1
3413806,1
3413807,1
3413808,1
3413809,1
3413810,1
3413811,1
3413812,1
3413813,1
3413814,1
3413815,1
3413816,1
3413817,1
3413818,1
3413819,1
3413820,1
3413821,1
3413822,1
3413823,1
3413824,1
3413825,1
3413830,1
3413845,1
3413846,1
3413847,1
3413848,1
3413849,1
3413850,1
3413851,1
3413852,1
3413865,1
3413920,1
3413922,1
3413941,1
3413942,1
3413943,1
3413944,1
3413945,1
3413946,1
3413958,1
3413959,1
3413960,1
3413961,1
3413962,1
3413964,1
3413965,1
3413991,1
3413998,1
3413999,1
3414000,1
3414001,1
3414061,1
3414062,1
3414063,1
3414106,1
3414107,1
3414113,1
3414149,1
3414150,1
3414152,1
3414153,1
3414154,1
3414157,1
3414158,1
3414159,1
3414162,1
3414164,1
3414169,1
3414544,1
3417260,1
3417264,1
3417271,1
3417272,1
3417273,1
3417320,1
3417321,1
3417322,1
3417323,1
3417326,1
3417327,1
3417328,1
3417329,1
3417330,1
3417331,1
3417332,1
3417333,1
3417341,1
3417342,1
3417343,1
3417344,1
3417345,1
3417346,1
3417347,1
3417348,1
3417349,1
3417350,1
3417351,1
3417352,1
3417353,1
3417354,1
3417355,1
3417356,1
3417357,1
3417358,1
3417359,1
3417360,1
3417361,1
3417362,1
3417363,1
3417364,1
3417365,1
3417370,1
3417371,1
3417372,1
3417373,1
3417374,1
3417375,1
3417376,1
3417389,1
3417421,1
3417422,1
3417423,1
3417424,1
3417425,1
3417426,1
3417427,1
3417428,1
3417429,1
3417430,1
3417431,1
3417432,1
3417433,1
3417434,1
3417435,1
3417436,1
3417437,1
3417438,1
3417439,1
3417440,1
3417441,1
3417442,1
3417443,1
3417446,1
3417447,1
3417461,1
3417462,1
3417463,1
3417464,1
3417465,1
3417466,1
3417467,1
3417468,1
3417469,1
3417482,1
3417483,1
3417484,1
3417485,1
3417520,1
3417521,1
3417522,1
3417523,1
3417524,1
3417525,1
3417526,1
3417527,1
3417528,1
3417537,1
3417539,1
3417564,1
3417576,1
3417577,1
3417578,1
3417579,1
3417580,1
3417581,1
3417582,1
3417583,1
3417597,1
3417608,1
3417609,1
3417610,1
3417614,1
3417615,1
3417616,1
3417617,1
3417681,1
3417682,1
3417683,1
3417766,1
3417767,1
3417768,1
3417769,1
3417770,1
3417772,1
3417776,1
3417777,1
3417779,1
3417780,1
3417784,1
3417785,1
3417787,1
3418160,1
3418162,1
3420877,1
3420878,1
3420881,1
3420889,1
3420890,1
3420937,1
3420938,1
3420939,1
3420940,1
3420941,1
3420942,1
3420943,1
3420944,1
3420945,1
3420946,1
3420947,1
3420948,1
3420949,1
3420950,1
3420951,1
3420958,1
3420959,1
3420960,1
3420961,1
3420962,1
3420963,1
3420964,1
3420965,1
3420966,1
3420967,1
3420968,1
3420969,1
3420970,1
3420971,1
3420972,1
3420973,1
3420974,1
3420975,1
3420976,1
3420977,1
3420978,1
3420979,1
3420980,1
3420981,1
3420982,1
3420983,1
3420984,1
3420985,1
3420986,1
3420987,1
3420988,1
3420989,1
3420990,1
3420991,1
3420992,1
3420993,1
3421005,1
3421006,1
3421007,1
3421039,1
3421040,1
3421041,1
3421042,1
3421043,1
3421044,1
3421045,1
3421046,1
3421047,1
3421048,1
3421049,1
3421050,1
3421051,1
3421052,1
3421053,1
3421054,1
3421055,1
3421056,1
3421057,1
3421058,1
3421059,1
3421060,1
3421063,1
3421079,1
3421080,1
3421081,1
3421082,1
3421083,1
3421084,1
3421085,1
3421086,1
3421100,1
3421101,1
3421102,1
3421135,1
3421136,1
3421137,1
3421138,1
3421145,1
3421146,1
3421147,1
3421152,1
3421153,1
3421154,1
3421155,1
3421157,1
3421182,1
3421195,1
3421196,1
3421198,1
3421199,1
3421200,1
3421201,1
3421213,1
3421225,1
3421226,1
3421227,1
3421231,1
3421232,1
3421233,1
3421299,1
3421300,1
3421301,1
3421308,1
3421316,1
3421317,1
3421390,1
3421394,1
3421395,1
3421396,1
3421401,1
3421403,1
3421421,1
3421422,1
3421423,1
3421778,1
3421779,1
3424495,1
3424497,1
3424498,1
3424499,1
3424506,1
3424507,1
3424508,1
3424554,1
3424555,1
3424556,1
3424557,1
3424558,1
3424559,1
3424560,1
3424561,1
3424562,1
3424563,1
3424564,1
3424565,1
3424566,1
3424567,1
3424568,1
3424570,1
3424571,1
3424572,1
3424574,1
3424575,1
3424576,1
3424577,1
3424578,1
3424579,1
3424580,1
3424581,1
3424582,1
3424583,1
3424584,1
3424585,1
3424586,1
3424587,1
3424588,1
3424589,1
3424590,1
3424591,1
3424592,1
3424593,1
3424594,1
3424595,1
3424596,1
3424597,1
3424598,1
3424599,1
3424600,1
3424601,1
3424602,1
3424603,1
3424604,1
3424605,1
3424606,1
3424607,1
3424608,1
3424609,1
3424610,1
3424623,1
3424624,1
3424625,1
3424627,1
3424628,1
3424655,1
3424656,1
3424657,1
3424658,1
3424659,1
3424660,1
3424661,1
3424662,1
3424663,1
3424664,1
3424665,1
3424666,1
3424667,1
3424668,1
3424669,1
3424670,1
3424671,1
3424672,1
3424673,1
3424674,1
3424675,1
3424676,1
3424680,1
3424697,1
3424698,1
3424702,1
3424703,1
3424717,1
3424718,1
3424719,1
3424752,1
3424764,1
3424767,1
3424768,1
3424769,1
3424771,1
3424774,1
3424799,1
3424800,1
3424801,1
3424816,1
3424817,1
3424818,1
3424819,1
3424842,1
3424843,1
3424848,1
3424918,1
3424919,1
3424920,1
3424921,1
3424925,1
3424926,1
3424933,1
3424934,1
3424935,1
3425008,1
3425009,1
3425012,1
3425013,1
3425014,1
3425018,1
3425020,1
3425037,1
3425038,1
3425039,1
3425040,1
3425041,1
3428112,1
3428113,1
3428114,1
3428116,1
3428123,1
3428124,1
3428125,1
3428170,1
3428171,1
3428172,1
3428173,1
3428174,1
3428175,1
3428176,1
3428177,1
3428178,1
3428179,1
3428180,1
3428181,1
3428182,1
3428183,1
3428184,1
3428185,1
3428186,1
3428187,1
3428188,1
3428189,1
3428190,1
3428191,1
3428192,1
3428193,1
3428194,1
3428195,1
3428196,1
3428197,1
3428198,1
3428199,1
3428200,1
3428201,1
3428202,1
3428203,1
3428204,1
3428205,1
3428206,1
3428207,1
3428208,1
3428209,1
3428210,1
3428211,1
3428212,1
3428213,1
3428214,1
3428215,1
3428216,1
3428217,1
3428218,1
3428219,1
3428220,1
3428221,1
3428222,1
3428223,1
3428224,1
3428225,1
3428226,1
3428227,1
3428238,1
3428239,1
3428240,1
3428241,1
3428242,1
3428243,1
3428244,1
3428245,1
3428271,1
3428273,1
3428274,1
3428275,1
3428276,1
3428277,1
3428278,1
3428279,1
3428280,1
3428281,1
3428282,1
3428283,1
3428284,1
3428285,1
3428286,1
3428287,1
3428288,1
3428289,1
3428290,1
3428291,1
3428292,1
3428293,1
3428297,1
3428298,1
3428314,1
3428315,1
3428319,1
3428333,1
3428334,1
3428335,1
3428336,1
3428369,1
3428381,1
3428382,1
3428384,1
3428386,1
3428387,1
3428388,1
3428391,1
3428392,1
3428398,1
3428399,1
3428417,1
3428418,1
3428433,1
3428434,1
3428435,1
3428436,1
3428460,1
3428461,1
3428464,1
3428465,1
3428537,1
3428538,1
3428539,1
3428540,1
3428541,1
3428542,1
3428543,1
3428544,1
3428545,1
3428546,1
3428550,1
3428551,1
3428552,1
3428625,1
3428626,1
3428627,1
3428631,1
3428635,1
3428636,1
3428637,1
3428654,1
3428655,1
3428656,1
3428657,1
3431730,1
3431731,1
3431732,1
3431733,1
3431734,1
3431741,1
3431742,1
3431743,1
3431744,1
3431786,1
3431787,1
3431788,1
3431789,1
3431790,1
3431791,1
3431792,1
3431793,1
3431794,1
3431795,1
3431796,1
3431797,1
3431798,1
3431799,1
3431800,1
3431801,1
3431802,1
3431803,1
3431804,1
3431805,1
3431806,1
3431807,1
3431808,1
3431809,1
3431810,1
3431811,1
3431812,1
3431813,1
3431814,1
3431815,1
3431816,1
3431817,1
3431818,1
3431819,1
3431820,1
3431821,1
3431822,1
3431823,1
3431824,1
3431825,1
3431826,1
3431827,1
3431828,1
3431829,1
3431830,1
3431831,1
3431832,1
3431833,1
3431834,1
3431835,1
3431836,1
3431837,1
3431838,1
3431839,1
3431840,1
3431841,1
3431842,1
3431843,1
3431844,1
3431848,1
3431849,1
3431850,1
3431854,1
3431855,1
3431856,1
3431857,1
3431858,1
3431859,1
3431860,1
3431861,1
3431862,1
3431867,1
3431869,1
3431887,1
3431889,1
3431890,1
3431891,1
3431892,1
3431893,1
3431894,1
3431895,1
3431896,1
3431897,1
3431898,1
3431899,1
3431900,1
3431901,1
3431902,1
3431903,1
3431904,1
3431905,1
3431906,1
3431907,1
3431908,1
3431909,1
3431910,1
3431914,1
3431931,1
3431935,1
3431950,1
3431951,1
3431952,1
3431953,1
3431954,1
3431955,1
3431956,1
3431986,1
3431999,1
3432000,1
3432001,1
3432002,1
3432004,1
3432005,1
3432007,1
3432008,1
3432010,1
3432014,1
3432015,1
3432016,1
3432017,1
3432022,1
3432023,1
3432024,1
3432025,1
3432026,1
3432034,1
3432035,1
3432052,1
3432053,1
3432054,1
3432078,1
3432079,1
3432080,1
3432081,1
3432157,1
3432159,1
3432160,1
3432161,1
3432163,1
3432168,1
3432169,1
3432170,1
3432171,1
3432243,1
3432244,1
3432245,1
3432249,1
3432259,1
3432260,1
3432261,1
3432272,1
3432273,1
3432274,1
3432275,1
3435347,1
3435348,1
3435349,1
3435350,1
3435351,1
3435352,1
3435358,1
3435359,1
3435360,1
3435361,1
3435362,1
3435403,1
3435404,1
3435405,1
3435406,1
3435407,1
3435408,1
3435409,1
3435410,1
3435411,1
3435412,1
3435413,1
3435414,1
3435415,1
3435416,1
3435417,1
3435418,1
3435419,1
3435420,1
3435421,1
3435422,1
3435423,1
3435424,1
3435425,1
3435426,1
3435427,1
3435428,1
3435429,1
3435430,1
3435431,1
3435432,1
3435433,1
3435434,1
3435435,1
3435436,1
3435437,1
3435438,1
3435439,1
3435440,1
3435441,1
3435442,1
3435443,1
3435444,1
3435445,1
3435446,1
3435447,1
3435448,1
3435449,1
3435450,1
3435451,1
3435452,1
3435453,1
3435454,1
3435455,1
3435456,1
3435457,1
3435458,1
3435459,1
3435460,1
3435461,1
3435464,1
3435465,1
3435466,1
3435467,1
3435468,1
3435469,1
3435470,1
3435471,1
3435472,1
3435473,1
3435474,1
3435475,1
3435476,1
3435477,1
3435478,1
3435479,1
3435483,1
3435484,1
3435485,1
3435486,1
3435504,1
3435508,1
3435509,1
3435510,1
3435511,1
3435512,1
3435513,1
3435514,1
3435515,1
3435516,1
3435517,1
3435518,1
3435519,1
3435520,1
3435521,1
3435522,1
3435523,1
3435524,1
3435525,1
3435531,1
3435532,1
3435548,1
3435552,1
3435567,1
3435568,1
3435569,1
3435570,1
3435571,1
3435572,1
3435573,1
3435574,1
3435575,1
3435603,1
3435604,1
3435617,1
3435620,1
3435622,1
3435624,1
3435626,1
3435627,1
3435630,1
3435631,1
3435635,1
3435636,1
3435637,1
3435638,1
3435640,1
3435643,1
3435652,1
3435653,1
3435669,1
3435670,1
3435679,1
3435680,1
3435779,1
3435780,1
3435788,1
3435789,1
3435790,1
3435861,1
3435862,1
3435863,1
3435866,1
3435867,1
3435875,1
3435877,1
3435878,1
3435890,1
3435891,1
3435892,1
3436242,1
3438966,1
3438967,1
3438968,1
3438969,1
3438976,1
3438977,1
3438978,1
3438979,1
3438980,1
3439019,1
3439020,1
3439021,1
3439022,1
3439023,1
3439024,1
3439025,1
3439026,1
3439027,1
3439028,1
3439029,1
3439030,1
3439031,1
3439032,1
3439033,1
3439034,1
3439035,1
3439036,1
3439037,1
3439038,1
3439039,1
3439040,1
3439041,1
3439042,1
3439043,1
3439044,1
3439045,1
3439046,1
3439047,1
3439048,1
3439049,1
3439050,1
3439051,1
3439052,1
3439053,1
3439054,1
3439055,1
3439056,1
3439057,1
3439058,1
3439059,1
3439060,1
3439061,1
3439062,1
3439063,1
3439064,1
3439065,1
3439066,1
3439067,1
3439068,1
3439069,1
3439070,1
3439071,1
3439072,1
3439073,1
3439074,1
3439075,1
3439076,1
3439077,1
3439078,1
3439081,1
3439082,1
3439083,1
3439084,1
3439085,1
3439086,1
3439087,1
3439088,1
3439089,1
3439090,1
3439091,1
3439092,1
3439093,1
3439094,1
3439095,1
3439096,1
3439097,1
3439098,1
3439099,1
3439100,1
3439101,1
3439102,1
3439103,1
3439104,1
3439105,1
3439125,1
3439126,1
3439127,1
3439128,1
3439129,1
3439130,1
3439131,1
3439132,1
3439133,1
3439134,1
3439135,1
3439136,1
3439137,1
3439138,1
3439149,1
3439151,1
3439152,1
3439153,1
3439154,1
3439155,1
3439165,1
3439169,1
3439184,1
3439185,1
3439186,1
3439190,1
3439191,1
3439192,1
3439193,1
3439221,1
3439239,1
3439240,1
3439241,1
3439242,1
3439244,1
3439246,1
3439247,1
3439248,1
3439255,1
3439256,1
3439260,1
3439261,1
3439269,1
3439270,1
3439286,1
3439287,1
3439288,1
3439289,1
3439297,1
3439397,1
3439398,1
3439399,1
3439406,1
3439407,1
3439480,1
3439481,1
3439482,1
3439484,1
3439485,1
3439492,1
3439493,1
3439494,1
3439508,1
3439509,1
3442583,1
3442584,1
3442585,1
3442586,1
3442587,1
3442594,1
3442595,1
3442596,1
3442597,1
3442598,1
3442636,1
3442637,1
3442638,1
3442639,1
3442640,1
3442641,1
3442642,1
3442643,1
3442644,1
3442645,1
3442646,1
3442647,1
3442648,1
3442649,1
3442650,1
3442651,1
3442652,1
3442653,1
3442654,1
3442655,1
3442656,1
3442657,1
3442658,1
3442659,1
3442660,1
3442661,1
3442662,1
3442663,1
3442664,1
3442665,1
3442666,1
3442667,1
3442668,1
3442669,1
3442670,1
3442671,1
3442672,1
3442673,1
3442674,1
3442675,1
3442676,1
3442677,1
3442678,1
3442679,1
3442680,1
3442681,1
3442682,1
3442683,1
3442684,1
3442685,1
3442686,1
3442687,1
3442688,1
3442689,1
3442690,1
3442691,1
3442692,1
3442693,1
3442694,1
3442695,1
3442696,1
3442697,1
3442698,1
3442699,1
3442700,1
3442701,1
3442702,1
3442703,1
3442704,1
3442705,1
3442706,1
3442707,1
3442708,1
3442709,1
3442710,1
3442711,1
3442712,1
3442713,1
3442714,1
3442715,1
3442716,1
3442717,1
3442718,1
3442719,1
3442720,1
3442721,1
3442722,1
3442723,1
3442742,1
3442743,1
3442744,1
3442745,1
3442746,1
3442747,1
3442748,1
3442749,1
3442750,1
3442751,1
3442752,1
3442753,1
3442754,1
3442766,1
3442767,1
3442768,1
3442772,1
3442782,1
3442786,1
3442800,1
3442801,1
3442802,1
3442807,1
3442810,1
3442839,1
3442850,1
3442856,1
3442857,1
3442861,1
3442863,1
3442865,1
3442866,1
3442878,1
3442879,1
3442880,1
3442887,1
3442888,1
3442904,1
3442905,1
3442906,1
3442913,1
3442914,1
3443015,1
3443016,1
3443017,1
3443018,1
3443019,1
3443020,1
3443023,1
3443024,1
3443026,1
3443100,1
3443102,1
3443103,1
3446200,1
3446201,1
3446202,1
3446203,1
3446204,1
3446211,1
3446212,1
3446213,1
3446214,1
3446215,1
3446216,1
3446253,1
3446254,1
3446255,1
3446256,1
3446257,1
3446258,1
3446259,1
3446260,1
3446261,1
3446262,1
3446263,1
3446264,1
3446265,1
3446266,1
3446267,1
3446268,1
3446269,1
3446270,1
3446271,1
3446272,1
3446273,1
3446274,1
3446275,1
3446276,1
3446277,1
3446278,1
3446279,1
3446280,1
3446281,1
3446282,1
3446283,1
3446284,1
3446285,1
3446286,1
3446287,1
3446288,1
3446289,1
3446290,1
3446291,1
3446292,1
3446293,1
3446294,1
3446295,1
3446296,1
3446297,1
3446298,1
3446299,1
3446300,1
3446301,1
3446302,1
3446303,1
3446304,1
3446305,1
3446306,1
3446307,1
3446308,1
3446309,1
3446310,1
3446311,1
3446312,1
3446313,1
3446314,1
3446315,1
3446316,1
3446317,1
3446318,1
3446319,1
3446320,1
3446321,1
3446322,1
3446323,1
3446324,1
3446325,1
3446326,1
3446327,1
3446328,1
3446329,1
3446330,1
3446331,1
3446332,1
3446333,1
3446334,1
3446335,1
3446336,1
3446337,1
3446338,1
3446339,1
3446340,1
3446353,1
3446354,1
3446358,1
3446359,1
3446360,1
3446361,1
3446362,1
3446363,1
3446364,1
3446365,1
3446366,1
3446367,1
3446368,1
3446369,1
3446370,1
3446388,1
3446399,1
3446403,1
3446404,1
3446418,1
3446419,1
3446425,1
3446426,1
3446456,1
3446457,1
3446466,1
3446467,1
3446473,1
3446476,1
3446478,1
3446479,1
3446480,1
3446481,1
3446483,1
3446497,1
3446498,1
3446503,1
3446504,1
3446505,1
3446521,1
3446529,1
3446530,1
3446531,1
3446532,1
3446533,1
3446633,1
3446634,1
3446635,1
3446636,1
3446637,1
3446640,1
3446641,1
3446643,1
3446717,1
3446720,1
3447101,1
3447102,1
3449817,1
3449818,1
3449819,1
3449820,1
3449828,1
3449829,1
3449830,1
3449831,1
3449832,1
3449833,1
3449870,1
3449871,1
3449872,1
3449873,1
3449874,1
3449875,1
3449876,1
3449877,1
3449878,1
3449879,1
3449880,1
3449881,1
3449882,1
3449883,1
3449884,1
3449885,1
3449886,1
3449887,1
3449888,1
3449889,1
3449890,1
3449891,1
3449892,1
3449893,1
3449894,1
3449895,1
3449896,1
3449897,1
3449898,1
3449899,1
3449900,1
3449901,1
3449902,1
3449903,1
3449904,1
3449905,1
3449906,1
3449907,1
3449908,1
3449909,1
3449910,1
3449911,1
3449912,1
3449913,1
3449914,1
3449915,1
3449916,1
3449917,1
3449918,1
3449919,1
3449920,1
3449921,1
3449922,1
3449923,1
3449924,1
3449925,1
3449926,1
3449927,1
3449928,1
3449929,1
3449930,1
3449931,1
3449932,1
3449933,1
3449934,1
3449935,1
3449936,1
3449937,1
3449938,1
3449939,1
3449940,1
3449941,1
3449942,1
3449943,1
3449944,1
3449945,1
3449946,1
3449947,1
3449948,1
3449949,1
3449950,1
3449951,1
3449952,1
3449953,1
3449954,1
3449955,1
3449956,1
3449957,1
3449968,1
3449969,1
3449970,1
3449971,1
3449975,1
3449976,1
3449977,1
3449978,1
3449979,1
3449980,1
3449981,1
3449982,1
3449983,1
3449984,1
3449985,1
3449986,1
3449987,1
3450005,1
3450006,1
3450016,1
3450021,1
3450022,1
3450036,1
3450037,1
3450074,1
3450075,1
3450076,1
3450081,1
3450082,1
3450083,1
3450084,1
3450090,1
3450092,1
3450093,1
3450094,1
3450099,1
3450100,1
3450116,1
3450117,1
3450120,1
3450138,1
3450146,1
3450147,1
3450148,1
3450149,1
3450150,1
3450153,1
3450251,1
3450252,1
3450253,1
3450254,1
3450255,1
3450256,1
3450257,1
3450335,1
3450337,1
3450338,1
3453435,1
3453436,1
3453437,1
3453438,1
3453446,1
3453447,1
3453448,1
3453449,1
3453450,1
3453488,1
3453489,1
3453490,1
3453491,1
3453492,1
3453493,1
3453494,1
3453495,1
3453496,1
3453497,1
3453498,1
3453499,1
3453500,1
3453501,1
3453502,1
3453503,1
3453504,1
3453505,1
3453506,1
3453507,1
3453508,1
3453509,1
3453510,1
3453511,1
3453512,1
3453513,1
3453514,1
3453515,1
3453516,1
3453517,1
3453518,1
3453519,1
3453520,1
3453521,1
3453522,1
3453523,1
3453524,1
3453525,1
3453526,1
3453527,1
3453528,1
3453529,1
3453530,1
3453531,1
3453532,1
3453533,1
3453534,1
3453535,1
3453536,1
3453537,1
3453538,1
3453539,1
3453540,1
3453541,1
3453542,1
3453543,1
3453544,1
3453545,1
3453546,1
3453547,1
3453548,1
3453549,1
3453550,1
3453551,1
3453552,1
3453553,1
3453554,1
3453555,1
3453556,1
3453557,1
3453558,1
3453559,1
3453560,1
3453561,1
3453562,1
3453563,1
3453564,1
3453565,1
3453566,1
3453567,1
3453568,1
3453569,1
3453570,1
3453571,1
3453572,1
3453573,1
3453574,1
3453583,1
3453584,1
3453585,1
3453586,1
3453587,1
3453588,1
3453591,1
3453592,1
3453593,1
3453594,1
3453595,1
3453596,1
3453597,1
3453598,1
3453599,1
3453600,1
3453601,1
3453602,1
3453603,1
3453623,1
3453632,1
3453633,1
3453638,1
3453639,1
3453640,1
3453654,1
3453655,1
3453656,1
3453657,1
3453693,1
3453694,1
3453695,1
3453696,1
3453697,1
3453698,1
3453699,1
3453701,1
3453707,1
3453708,1
3453709,1
3453710,1
3453734,1
3453735,1
3453737,1
3453738,1
3453739,1
3453755,1
3453756,1
3453763,1
3453764,1
3453765,1
3453766,1
3453767,1
3453769,1
3453770,1
3453870,1
3453874,1
3453875,1
3453952,1
3453953,1
3453955,1
3453956,1
3453957,1
3457053,1
3457054,1
3457055,1
3457056,1
3457065,1
3457066,1
3457067,1
3457105,1
3457106,1
3457107,1
3457108,1
3457109,1
3457110,1
3457111,1
3457112,1
3457113,1
3457114,1
3457115,1
3457116,1
3457117,1
3457118,1
3457119,1
3457120,1
3457121,1
3457122,1
3457123,1
3457124,1
3457125,1
3457126,1
3457127,1
3457128,1
3457129,1
3457130,1
3457131,1
3457132,1
3457133,1
3457134,1
3457135,1
3457136,1
3457137,1
3457138,1
3457139,1
3457140,1
3457141,1
3457142,1
3457143,1
3457144,1
3457145,1
3457146,1
3457147,1
3457148,1
3457149,1
3457150,1
3457151,1
3457152,1
3457153,1
3457154,1
3457155,1
3457156,1
3457157,1
3457158,1
3457159,1
3457160,1
3457161,1
3457162,1
3457163,1
3457164,1
3457165,1
3457166,1
3457167,1
3457168,1
3457169,1
3457170,1
3457171,1
3457172,1
3457173,1
3457174,1
3457175,1
3457176,1
3457177,1
3457178,1
3457179,1
3457180,1
3457181,1
3457182,1
3457183,1
3457184,1
3457185,1
3457186,1
3457187,1
3457188,1
3457189,1
3457190,1
3457191,1
3457198,1
3457199,1
3457200,1
3457201,1
3457202,1
3457203,1
3457204,1
3457205,1
3457208,1
3457209,1
3457210,1
3457211,1
3457212,1
3457213,1
3457214,1
3457215,1
3457216,1
3457217,1
3457218,1
3457219,1
3457220,1
3457240,1
3457249,1
3457255,1
3457256,1
3457257,1
3457258,1
3457272,1
3457273,1
3457274,1
3457275,1
3457276,1
3457277,1
3457278,1
3457312,1
3457313,1
3457316,1
3457317,1
3457318,1
3457353,1
3457354,1
3457355,1
3457356,1
3457357,1
3457358,1
3457359,1
3457360,1
3457372,1
3457373,1
3457380,1
3457381,1
3457382,1
3457383,1
3457384,1
3457385,1
3457386,1
3457387,1
3457389,1
3457392,1
3457393,1
3457491,1
3457492,1
3457493,1
3457495,1
3457570,1
3457574,1
3457575,1
3457582,1
3457583,1
3460670,1
3460671,1
3460672,1
3460673,1
3460674,1
3460682,1
3460683,1
3460684,1
3460685,1
3460721,1
3460722,1
3460723,1
3460724,1
3460725,1
3460726,1
3460727,1
3460728,1
3460729,1
3460730,1
3460731,1
3460732,1
3460733,1
3460734,1
3460735,1
3460736,1
3460737,1
3460738,1
3460739,1
3460740,1
3460741,1
3460742,1
3460743,1
3460744,1
3460745,1
3460746,1
3460747,1
3460748,1
3460749,1
3460750,1
3460751,1
3460752,1
3460753,1
3460754,1
3460755,1
3460756,1
3460757,1
3460758,1
3460759,1
3460760,1
3460761,1
3460762,1
3460763,1
3460764,1
3460765,1
3460766,1
3460767,1
3460768,1
3460769,1
3460770,1
3460771,1
3460772,1
3460773,1
3460774,1
3460775,1
3460776,1
3460777,1
3460778,1
3460779,1
3460780,1
3460781,1
3460782,1
3460783,1
3460784,1
3460785,1
3460786,1
3460787,1
3460788,1
3460789,1
3460790,1
3460791,1
3460792,1
3460793,1
3460794,1
3460795,1
3460796,1
3460797,1
3460798,1
3460799,1
3460800,1
3460801,1
3460802,1
3460803,1
3460804,1
3460805,1
3460806,1
3460807,1
3460808,1
3460813,1
3460814,1
3460815,1
3460816,1
3460817,1
3460818,1
3460819,1
3460820,1
3460821,1
3460822,1
3460824,1
3460825,1
3460826,1
3460827,1
3460828,1
3460829,1
3460830,1
3460831,1
3460832,1
3460833,1
3460834,1
3460835,1
3460857,1
3460858,1
3460866,1
3460873,1
3460874,1
3460875,1
3460876,1
3460889,1
3460890,1
3460891,1
3460893,1
3460894,1
3460895,1
3460974,1
3460975,1
3460977,1
3460989,1
3460990,1
3460996,1
3460997,1
3460998,1
3460999,1
3461000,1
3461003,1
3461004,1
3461005,1
3461007,1
3461008,1
3461108,1
3461109,1
3461110,1
3461111,1
3461112,1
3461113,1
3461114,1
3461178,1
3461183,1
3461188,1
3461192,1
3461193,1
3461198,1
3461199,1
3461200,1
3464287,1
3464288,1
3464289,1
3464290,1
3464291,1
3464299,1
3464300,1
3464301,1
3464302,1
3464303,1
3464338,1
3464339,1
3464340,1
3464341,1
3464342,1
3464343,1
3464344,1
3464345,1
3464346,1
3464347,1
3464348,1
3464349,1
3464350,1
3464351,1
3464352,1
3464353,1
3464354,1
3464355,1
3464356,1
3464357,1
3464358,1
3464359,1
3464360,1
3464361,1
3464362,1
3464363,1
3464364,1
3464365,1
3464366,1
3464367,1
3464368,1
3464369,1
3464370,1
3464371,1
3464372,1
3464373,1
3464374,1
3464375,1
3464376,1
3464377,1
3464378,1
3464379,1
3464380,1
3464381,1
3464382,1
3464383,1
3464384,1
3464385,1
3464386,1
3464387,1
3464388,1
3464389,1
3464390,1
3464391,1
3464392,1
3464393,1
3464394,1
3464395,1
3464396,1
3464397,1
3464398,1
3464399,1
3464400,1
3464401,1
3464402,1
3464403,1
3464404,1
3464405,1
3464406,1
3464407,1
3464408,1
3464409,1
3464410,1
3464411,1
3464412,1
3464413,1
3464414,1
3464415,1
3464416,1
3464417,1
3464418,1
3464419,1
3464420,1
3464421,1
3464422,1
3464423,1
3464424,1
3464428,1
3464429,1
3464430,1
3464431,1
3464432,1
3464433,1
3464434,1
3464435,1
3464436,1
3464437,1
3464438,1
3464439,1
3464440,1
3464441,1
3464442,1
3464443,1
3464444,1
3464445,1
3464446,1
3464447,1
3464448,1
3464449,1
3464450,1
3464452,1
3464474,1
3464483,1
3464490,1
3464491,1
3464492,1
3464493,1
3464494,1
3464506,1
3464508,1
3464512,1
3464591,1
3464593,1
3464594,1
3464606,1
3464607,1
3464610,1
3464611,1
3464612,1
3464613,1
3464614,1
3464615,1
3464616,1
3464619,1
3464620,1
3464621,1
3464622,1
3464623,1
3464624,1
3464625,1
3464728,1
3464730,1
3464731,1
3464795,1
3464800,1
3464801,1
3464803,1
3464804,1
3464805,1
3464809,1
3464810,1
3464816,1
3464817,1
3467904,1
3467905,1
3467906,1
3467907,1
3467908,1
3467916,1
3467917,1
3467918,1
3467919,1
3467920,1
3467921,1
3467954,1
3467955,1
3467956,1
3467957,1
3467958,1
3467959,1
3467960,1
3467961,1
3467962,1
3467963,1
3467964,1
3467965,1
3467966,1
3467967,1
3467968,1
3467969,1
3467970,1
3467971,1
3467972,1
3467973,1
3467974,1
3467975,1
3467976,1
3467977,1
3467978,1
3467979,1
3467980,1
3467981,1
3467982,1
3467983,1
3467984,1
3467985,1
3467986,1
3467987,1
3467988,1
3467989,1
3467990,1
3467991,1
3467992,1
3467993,1
3467994,1
3467995,1
3467996,1
3467997,1
3467998,1
3467999,1
3468000,1
3468001,1
3468002,1
3468003,1
3468004,1
3468005,1
3468006,1
3468007,1
3468008,1
3468009,1
3468010,1
3468011,1
3468012,1
3468013,1
3468014,1
3468015,1
3468016,1
3468017,1
3468018,1
3468019,1
3468020,1
3468021,1
3468022,1
3468023,1
3468024,1
3468025,1
3468026,1
3468027,1
3468028,1
3468029,1
3468030,1
3468031,1
3468032,1
3468033,1
3468034,1
3468035,1
3468036,1
3468037,1
3468038,1
3468039,1
3468040,1
3468041,1
3468043,1
3468044,1
3468045,1
3468046,1
3468047,1
3468048,1
3468049,1
3468050,1
3468051,1
3468052,1
3468053,1
3468054,1
3468055,1
3468056,1
3468057,1
3468058,1
3468059,1
3468060,1
3468061,1
3468062,1
3468063,1
3468064,1
3468065,1
3468066,1
3468067,1
3468068,1
3468069,1
3468091,1
3468092,1
3468100,1
3468108,1
3468109,1
3468110,1
3468111,1
3468125,1
3468128,1
3468129,1
3468208,1
3468209,1
3468210,1
3468224,1
3468225,1
3468226,1
3468227,1
3468228,1
3468229,1
3468231,1
3468232,1
3468241,1
3468242,1
3468243,1
3468345,1
3468346,1
3468347,1
3468348,1
3468410,1
3468411,1
3468412,1
3468413,1
3468414,1
3468415,1
3468416,1
3468417,1
3468418,1
3468419,1
3468420,1
3468421,1
3468422,1
3468427,1
3468431,1
3468432,1
3468433,1
3471522,1
3471523,1
3471524,1
3471525,1
3471534,1
3471535,1
3471536,1
3471537,1
3471538,1
3471539,1
3471571,1
3471572,1
3471573,1
3471574,1
3471575,1
3471576,1
3471577,1
3471578,1
3471579,1
3471580,1
3471581,1
3471582,1
3471583,1
3471584,1
3471585,1
3471586,1
3471587,1
3471588,1
3471589,1
3471590,1
3471591,1
3471592,1
3471593,1
3471594,1
3471595,1
3471596,1
3471597,1
3471598,1
3471599,1
3471600,1
3471601,1
3471602,1
3471603,1
3471604,1
3471605,1
3471606,1
3471607,1
3471608,1
3471609,1
3471610,1
3471611,1
3471612,1
3471613,1
3471614,1
3471615,1
3471616,1
3471617,1
3471618,1
3471619,1
3471620,1
3471621,1
3471622,1
3471623,1
3471624,1
3471625,1
3471626,1
3471627,1
3471628,1
3471629,1
3471630,1
3471631,1
3471632,1
3471633,1
3471634,1
3471635,1
3471636,1
3471637,1
3471638,1
3471639,1
3471640,1
3471641,1
3471642,1
3471643,1
3471644,1
3471645,1
3471646,1
3471647,1
3471648,1
3471649,1
3471650,1
3471651,1
3471652,1
3471653,1
3471654,1
3471655,1
3471656,1
3471657,1
3471658,1
3471659,1
3471660,1
3471661,1
3471662,1
3471663,1
3471664,1
3471665,1
3471666,1
3471667,1
3471668,1
3471669,1
3471670,1
3471671,1
3471672,1
3471673,1
3471674,1
3471675,1
3471676,1
3471677,1
3471678,1
3471679,1
3471680,1
3471681,1
3471682,1
3471683,1
3471684,1
3471685,1
3471686,1
3471708,1
3471717,1
3471726,1
3471727,1
3471742,1
3471743,1
3471745,1
3471826,1
3471827,1
3471846,1
3471847,1
3471848,1
3471849,1
3471850,1
3471858,1
3471859,1
3471860,1
3471861,1
3471963,1
3471964,1
3472027,1
3472032,1
3472033,1
3472036,1
3472037,1
3472038,1
3472039,1
3472044,1
3472045,1
3475142,1
3475143,1
3475152,1
3475153,1
3475154,1
3475155,1
3475156,1
3475157,1
3475188,1
3475189,1
3475190,1
3475191,1
3475192,1
3475193,1
3475194,1
3475195,1
3475196,1
3475197,1
3475198,1
3475199,1
3475200,1
3475201,1
3475202,1
3475203,1
3475204,1
3475205,1
3475206,1
3475207,1
3475208,1
3475209,1
3475210,1
3475211,1
3475212,1
3475213,1
3475214,1
3475215,1
3475216,1
3475217,1
3475218,1
3475219,1
3475220,1
3475221,1
3475222,1
3475223,1
3475224,1
3475225,1
3475226,1
3475227,1
3475228,1
3475229,1
3475230,1
3475231,1
3475232,1
3475233,1
3475234,1
3475235,1
3475236,1
3475237,1
3475238,1
3475239,1
3475240,1
3475241,1
3475242,1
3475243,1
3475244,1
3475245,1
3475246,1
3475247,1
3475248,1
3475249,1
3475250,1
3475251,1
3475252,1
3475253,1
3475254,1
3475255,1
3475256,1
3475257,1
3475258,1
3475259,1
3475260,1
3475261,1
3475262,1
3475263,1
3475264,1
3475265,1
3475266,1
3475267,1
3475268,1
3475269,1
3475270,1
3475271,1
3475272,1
3475273,1
3475274,1
3475275,1
3475276,1
3475277,1
3475278,1
3475279,1
3475280,1
3475281,1
3475282,1
3475283,1
3475284,1
3475285,1
3475286,1
3475287,1
3475288,1
3475289,1
3475290,1
3475291,1
3475292,1
3475293,1
3475294,1
3475295,1
3475296,1
3475297,1
3475298,1
3475299,1
3475300,1
3475301,1
3475302,1
3475303,1
3475322,1
3475323,1
3475324,1
3475325,1
3475334,1
3475335,1
3475344,1
3475359,1
3475360,1
3475361,1
3475427,1
3475445,1
3475464,1
3475465,1
3475466,1
3475467,1
3475477,1
3475478,1
3475479,1
3475580,1
3475581,1
3475582,1
3475583,1
3475584,1
3475644,1
3475645,1
3475649,1
3475653,1
3475654,1
3475656,1
3475661,1
3475662,1
3475671,1
3475672,1
3476024,1
3476032,1
3476033,1
3476034,1
3478759,1
3478760,1
3478761,1
3478770,1
3478771,1
3478772,1
3478773,1
3478774,1
3478805,1
3478806,1
3478807,1
3478808,1
3478809,1
3478810,1
3478811,1
3478812,1
3478813,1
3478814,1
3478815,1
3478816,1
3478817,1
3478818,1
3478819,1
3478820,1
3478821,1
3478822,1
3478823,1
3478824,1
3478825,1
3478826,1
3478827,1
3478828,1
3478829,1
3478830,1
3478831,1
3478832,1
3478833,1
3478834,1
3478835,1
3478836,1
3478837,1
3478838,1
3478839,1
3478840,1
3478841,1
3478842,1
3478843,1
3478844,1
3478845,1
3478846,1
3478847,1
3478848,1
3478849,1
3478850,1
3478851,1
3478852,1
3478853,1
3478854,1
3478855,1
3478856,1
3478857,1
3478858,1
3478859,1
3478860,1
3478861,1
3478862,1
3478863,1
3478864,1
3478865,1
3478866,1
3478867,1
3478868,1
3478869,1
3478870,1
3478871,1
3478872,1
3478873,1
3478874,1
3478875,1
3478876,1
3478877,1
3478878,1
3478879,1
3478880,1
3478881,1
3478882,1
3478883,1
3478884,1
3478885,1
3478886,1
3478887,1
3478888,1
3478889,1
3478890,1
3478891,1
3478892,1
3478893,1
3478894,1
3478895,1
3478896,1
3478897,1
3478898,1
3478899,1
3478900,1
3478901,1
3478902,1
3478903,1
3478904,1
3478905,1
3478906,1
3478907,1
3478908,1
3478909,1
3478910,1
3478911,1
3478912,1
3478913,1
3478914,1
3478915,1
3478916,1
3478917,1
3478918,1
3478919,1
3478939,1
3478940,1
3478941,1
3478942,1
3478951,1
3478952,1
3478961,1
3478974,1
3478976,1
3478978,1
3479062,1
3479063,1
3479064,1
3479094,1
3479095,1
3479096,1
3479097,1
3479098,1
3479201,1
3479262,1
3479271,1
3479273,1
3479278,1
3479279,1
3479289,1
3479340,1
3479341,1
3479640,1
3479641,1
3479649,1
3479650,1
3479651,1
3482377,1
3482378,1
3482387,1
3482388,1
3482389,1
3482390,1
3482391,1
3482392,1
3482423,1
3482424,1
3482425,1
3482426,1
3482427,1
3482428,1
3482429,1
3482430,1
3482431,1
3482432,1
3482433,1
3482434,1
3482435,1
3482436,1
3482437,1
3482438,1
3482439,1
3482440,1
3482441,1
3482442,1
3482443,1
3482444,1
3482445,1
3482446,1
3482447,1
3482448,1
3482449,1
3482450,1
3482451,1
3482452,1
3482453,1
3482454,1
3482455,1
3482456,1
3482457,1
3482458,1
3482459,1
3482460,1
3482461,1
3482462,1
3482463,1
3482464,1
3482465,1
3482466,1
3482467,1
3482468,1
3482469,1
3482470,1
3482471,1
3482472,1
3482473,1
3482474,1
3482475,1
3482476,1
3482477,1
3482478,1
3482479,1
3482480,1
3482481,1
3482482,1
3482483,1
3482484,1
3482485,1
3482486,1
3482487,1
3482488,1
3482489,1
3482490,1
3482491,1
3482492,1
3482493,1
3482494,1
3482495,1
3482496,1
3482497,1
3482498,1
3482499,1
3482500,1
3482501,1
3482502,1
3482503,1
3482504,1
3482505,1
3482506,1
3482507,1
3482508,1
3482509,1
3482510,1
3482511,1
3482512,1
3482513,1
3482514,1
3482515,1
3482516,1
3482517,1
3482518,1
3482519,1
3482520,1
3482521,1
3482522,1
3482523,1
3482524,1
3482525,1
3482526,1
3482527,1
3482528,1
3482529,1
3482530,1
3482531,1
3482532,1
3482533,1
3482534,1
3482535,1
3482536,1
3482556,1
3482557,1
3482558,1
3482559,1
3482568,1
3482569,1
3482578,1
3482586,1
3482587,1
3482588,1
3482589,1
3482590,1
3482592,1
3482595,1
3482596,1
3482661,1
3482662,1
3482663,1
3482664,1
3482679,1
3482681,1
3482711,1
3482712,1
3482713,1
3482714,1
3482715,1
3482716,1
3482717,1
3482718,1
3482719,1
3482720,1
3482721,1
3482722,1
3482818,1
3482819,1
3482823,1
3482824,1
3482879,1
3482887,1
3482888,1
3482890,1
3482894,1
3482895,1
3482905,1
3482906,1
3482907,1
3482957,1
3482958,1
3483257,1
3483258,1
3486005,1
3486006,1
3486007,1
3486008,1
3486009,1
3486010,1
3486011,1
3486040,1
3486041,1
3486042,1
3486043,1
3486044,1
3486045,1
3486046,1
3486047,1
3486048,1
3486049,1
3486050,1
3486051,1
3486052,1
3486053,1
3486054,1
3486055,1
3486056,1
3486057,1
3486058,1
3486059,1
3486060,1
3486061,1
3486062,1
3486063,1
3486064,1
3486065,1
3486066,1
3486067,1
3486068,1
3486069,1
3486070,1
3486071,1
3486072,1
3486073,1
3486074,1
3486075,1
3486076,1
3486077,1
3486078,1
3486079,1
3486080,1
3486081,1
3486082,1
3486083,1
3486084,1
3486085,1
3486086,1
3486087,1
3486088,1
3486089,1
3486090,1
3486091,1
3486092,1
3486093,1
3486094,1
3486095,1
3486096,1
3486097,1
3486098,1
3486099,1
3486100,1
3486101,1
3486102,1
3486103,1
3486104,1
3486105,1
3486106,1
3486107,1
3486108,1
3486109,1
3486110,1
3486111,1
3486112,1
3486113,1
3486114,1
3486115,1
3486116,1
3486117,1
3486118,1
3486119,1
3486120,1
3486121,1
3486122,1
3486123,1
3486124,1
3486125,1
3486126,1
3486127,1
3486128,1
3486129,1
3486130,1
3486131,1
3486132,1
3486133,1
3486134,1
3486135,1
3486136,1
3486137,1
3486138,1
3486139,1
3486140,1
3486141,1
3486142,1
3486143,1
3486144,1
3486145,1
3486146,1
3486147,1
3486148,1
3486149,1
3486150,1
3486151,1
3486152,1
3486153,1
3486172,1
3486173,1
3486174,1
3486175,1
3486176,1
3486185,1
3486186,1
3486187,1
3486195,1
3486202,1
3486203,1
3486204,1
3486205,1
3486206,1
3486207,1
3486208,1
3486213,1
3486277,1
3486278,1
3486279,1
3486280,1
3486281,1
3486297,1
3486298,1
3486299,1
3486326,1
3486327,1
3486328,1
3486329,1
3486330,1
3486331,1
3486332,1
3486333,1
3486334,1
3486335,1
3486336,1
3486337,1
3486338,1
3486339,1
3486340,1
3486341,1
3486436,1
3486437,1
3486439,1
3486442,1
3486471,1
3486472,1
3486475,1
3486476,1
3486496,1
3486505,1
3486507,1
3486512,1
3486522,1
3486523,1
3486524,1
3486574,1
3486575,1
3486851,1
3486852,1
3489624,1
3489625,1
3489626,1
3489627,1
3489628,1
3489629,1
3489657,1
3489658,1
3489659,1
3489660,1
3489661,1
3489662,1
3489663,1
3489664,1
3489665,1
3489666,1
3489667,1
3489668,1
3489669,1
3489670,1
3489671,1
3489672,1
3489673,1
3489674,1
3489675,1
3489676,1
3489677,1
3489678,1
3489679,1
3489680,1
3489681,1
3489682,1
3489683,1
3489684,1
3489685,1
3489686,1
3489687,1
3489688,1
3489689,1
3489690,1
3489691,1
3489692,1
3489693,1
3489694,1
3489695,1
3489696,1
3489697,1
3489698,1
3489699,1
3489700,1
3489701,1
3489702,1
3489703,1
3489704,1
3489705,1
3489706,1
3489707,1
3489708,1
3489709,1
3489710,1
3489711,1
3489712,1
3489713,1
3489714,1
3489715,1
3489716,1
3489717,1
3489718,1
3489719,1
3489720,1
3489721,1
3489722,1
3489723,1
3489724,1
3489725,1
3489726,1
3489727,1
3489728,1
3489729,1
3489730,1
3489731,1
3489732,1
3489733,1
3489734,1
3489735,1
3489736,1
3489737,1
3489738,1
3489739,1
3489740,1
3489741,1
3489742,1
3489743,1
3489744,1
3489745,1
3489746,1
3489747,1
3489748,1
3489749,1
3489750,1
3489751,1
3489752,1
3489753,1
3489754,1
3489755,1
3489756,1
3489757,1
3489758,1
3489759,1
3489760,1
3489761,1
3489762,1
3489763,1
3489764,1
3489765,1
3489766,1
3489767,1
3489768,1
3489769,1
3489770,1
3489788,1
3489789,1
3489790,1
3489791,1
3489792,1
3489802,1
3489803,1
3489804,1
3489805,1
3489812,1
3489818,1
3489819,1
3489820,1
3489821,1
3489822,1
3489823,1
3489825,1
3489830,1
3489898,1
3489914,1
3489915,1
3489943,1
3489944,1
3489945,1
3489946,1
3489947,1
3489948,1
3489949,1
3489950,1
3489951,1
3489952,1
3489953,1
3489954,1
3489955,1
3489956,1
3489957,1
3489958,1
3489959,1
3490054,1
3490056,1
3490059,1
3490090,1
3490091,1
3490092,1
3490093,1
3490094,1
3490113,1
3490114,1
3490122,1
3490124,1
3490128,1
3490129,1
3490139,1
3490140,1
3490151,1
3490167,1
3490191,1
3490192,1
3490468,1
3490469,1
3493245,1
3493246,1
3493247,1
3493273,1
3493274,1
3493275,1
3493276,1
3493277,1
3493278,1
3493279,1
3493280,1
3493281,1
3493282,1
3493283,1
3493284,1
3493285,1
3493286,1
3493287,1
3493288,1
3493289,1
3493290,1
3493291,1
3493292,1
3493293,1
3493294,1
3493295,1
3493296,1
3493297,1
3493298,1
3493299,1
3493300,1
3493301,1
3493302,1
3493303,1
3493304,1
3493305,1
3493306,1
3493307,1
3493308,1
3493309,1
3493310,1
3493311,1
3493312,1
3493313,1
3493314,1
3493315,1
3493316,1
3493317,1
3493318,1
3493319,1
3493320,1
3493321,1
3493322,1
3493323,1
3493324,1
3493325,1
3493326,1
3493327,1
3493328,1
3493329,1
3493330,1
3493331,1
3493332,1
3493333,1
3493334,1
3493335,1
3493336,1
3493337,1
3493338,1
3493339,1
3493340,1
3493341,1
3493342,1
3493343,1
3493344,1
3493345,1
3493346,1
3493347,1
3493348,1
3493349,1
3493350,1
3493351,1
3493352,1
3493353,1
3493354,1
3493355,1
3493356,1
3493357,1
3493358,1
3493359,1
3493360,1
3493361,1
3493362,1
3493363,1
3493364,1
3493365,1
3493366,1
3493367,1
3493368,1
3493369,1
3493370,1
3493371,1
3493372,1
3493373,1
3493374,1
3493375,1
3493376,1
3493377,1
3493378,1
3493379,1
3493380,1
3493381,1
3493382,1
3493383,1
3493384,1
3493385,1
3493386,1
3493387,1
3493404,1
3493405,1
3493406,1
3493407,1
3493408,1
3493409,1
3493419,1
3493420,1
3493421,1
3493422,1
3493429,1
3493435,1
3493436,1
3493437,1
3493438,1
3493442,1
3493447,1
3493531,1
3493532,1
3493533,1
3493559,1
3493560,1
3493561,1
3493562,1
3493563,1
3493564,1
3493565,1
3493566,1
3493567,1
3493568,1
3493569,1
3493570,1
3493571,1
3493572,1
3493573,1
3493574,1
3493575,1
3493576,1
3493577,1
3493578,1
3493579,1
3493671,1
3493672,1
3493673,1
3493675,1
3493676,1
3493677,1
3493708,1
3493709,1
3493710,1
3493711,1
3493730,1
3493738,1
3493739,1
3493742,1
3493744,1
3493745,1
3493768,1
3493769,1
3493784,1
3493785,1
3496864,1
3496865,1
3496890,1
3496891,1
3496892,1
3496893,1
3496894,1
3496895,1
3496896,1
3496897,1
3496898,1
3496899,1
3496900,1
3496901,1
3496902,1
3496903,1
3496904,1
3496905,1
3496906,1
3496907,1
3496908,1
3496909,1
3496910,1
3496911,1
3496912,1
3496913,1
3496914,1
3496915,1
3496916,1
3496917,1
3496918,1
3496919,1
3496920,1
3496921,1
3496922,1
3496923,1
3496924,1
3496925,1
3496926,1
3496927,1
3496928,1
3496929,1
3496930,1
3496931,1
3496932,1
3496933,1
3496934,1
3496935,1
3496936,1
3496937,1
3496938,1
3496939,1
3496940,1
3496941,1
3496942,1
3496943,1
3496944,1
3496945,1
3496946,1
3496947,1
3496948,1
3496949,1
3496950,1
3496951,1
3496952,1
3496953,1
3496954,1
3496955,1
3496956,1
3496957,1
3496958,1
3496959,1
3496960,1
3496961,1
3496962,1
3496963,1
3496964,1
3496965,1
3496966,1
3496967,1
3496968,1
3496969,1
3496970,1
3496971,1
3496972,1
3496973,1
3496974,1
3496975,1
3496976,1
3496977,1
3496978,1
3496979,1
3496980,1
3496981,1
3496982,1
3496983,1
3496984,1
3496985,1
3496986,1
3496987,1
3496988,1
3496990,1
3496991,1
3496992,1
3496993,1
3496994,1
3496995,1
3496996,1
3496997,1
3496998,1
3496999,1
3497000,1
3497001,1
3497002,1
3497003,1
3497004,1
3497022,1
3497023,1
3497024,1
3497025,1
3497026,1
3497035,1
3497036,1
3497037,1
3497038,1
3497039,1
3497046,1
3497047,1
3497053,1
3497054,1
3497059,1
3497064,1
3497148,1
3497149,1
3497176,1
3497177,1
3497178,1
3497179,1
3497180,1
3497181,1
3497182,1
3497183,1
3497184,1
3497185,1
3497186,1
3497187,1
3497188,1
3497189,1
3497190,1
3497191,1
3497192,1
3497193,1
3497194,1
3497195,1
3497196,1
3497197,1
3497289,1
3497290,1
3497291,1
3497292,1
3497293,1
3497294,1
3497322,1
3497323,1
3497324,1
3497342,1
3497343,1
3497344,1
3497345,1
3497347,1
3497348,1
3497355,1
3497356,1
3497359,1
3497361,1
3497362,1
3497386,1
3500482,1
3500483,1
3500507,1
3500508,1
3500509,1
3500510,1
3500511,1
3500512,1
3500513,1
3500514,1
3500515,1
3500516,1
3500517,1
3500518,1
3500519,1
3500520,1
3500521,1
3500522,1
3500523,1
3500524,1
3500525,1
3500526,1
3500527,1
3500528,1
3500529,1
3500530,1
3500531,1
3500532,1
3500533,1
3500534,1
3500535,1
3500536,1
3500537,1
3500538,1
3500539,1
3500540,1
3500541,1
3500542,1
3500543,1
3500544,1
3500545,1
3500546,1
3500547,1
3500548,1
3500549,1
3500550,1
3500551,1
3500552,1
3500553,1
3500554,1
3500555,1
3500556,1
3500557,1
3500558,1
3500559,1
3500560,1
3500561,1
3500562,1
3500563,1
3500564,1
3500565,1
3500566,1
3500567,1
3500568,1
3500569,1
3500570,1
3500571,1
3500572,1
3500573,1
3500574,1
3500575,1
3500576,1
3500577,1
3500578,1
3500579,1
3500580,1
3500581,1
3500582,1
3500583,1
3500584,1
3500585,1
3500586,1
3500587,1
3500588,1
3500589,1
3500590,1
3500591,1
3500592,1
3500593,1
3500594,1
3500595,1
3500596,1
3500597,1
3500598,1
3500599,1
3500600,1
3500601,1
3500602,1
3500603,1
3500604,1
3500605,1
3500606,1
3500607,1
3500608,1
3500609,1
3500610,1
3500611,1
3500612,1
3500613,1
3500614,1
3500615,1
3500616,1
3500617,1
3500618,1
3500619,1
3500620,1
3500621,1
3500627,1
3500628,1
3500634,1
3500639,1
3500640,1
3500641,1
3500642,1
3500643,1
3500652,1
3500653,1
3500654,1
3500655,1
3500656,1
3500657,1
3500664,1
3500665,1
3500666,1
3500667,1
3500668,1
3500669,1
3500670,1
3500671,1
3500676,1
3500679,1
3500680,1
3500681,1
3500794,1
3500795,1
3500796,1
3500797,1
3500798,1
3500799,1
3500800,1
3500801,1
3500802,1
3500803,1
3500804,1
3500805,1
3500806,1
3500807,1
3500808,1
3500809,1
3500810,1
3500811,1
3500812,1
3500813,1
3500814,1
3500815,1
3500817,1
3500906,1
3500907,1
3500910,1
3500911,1
3500939,1
3500940,1
3500941,1
3500949,1
3500950,1
3500959,1
3500960,1
3500961,1
3500962,1
3500963,1
3500964,1
3500971,1
3500972,1
3500977,1
3500978,1
3501040,1
3501041,1
3501042,1
3504099,1
3504100,1
3504101,1
3504102,1
3504124,1
3504125,1
3504126,1
3504127,1
3504128,1
3504129,1
3504130,1
3504131,1
3504132,1
3504133,1
3504134,1
3504135,1
3504136,1
3504137,1
3504138,1
3504139,1
3504140,1
3504141,1
3504142,1
3504143,1
3504144,1
3504145,1
3504146,1
3504147,1
3504148,1
3504149,1
3504150,1
3504151,1
3504152,1
3504153,1
3504154,1
3504155,1
3504156,1
3504157,1
3504158,1
3504159,1
3504160,1
3504161,1
3504162,1
3504163,1
3504164,1
3504165,1
3504166,1
3504167,1
3504168,1
3504169,1
3504170,1
3504171,1
3504172,1
3504173,1
3504174,1
3504175,1
3504176,1
3504177,1
3504178,1
3504179,1
3504180,1
3504181,1
3504182,1
3504183,1
3504184,1
3504185,1
3504186,1
3504187,1
3504188,1
3504189,1
3504190,1
3504191,1
3504192,1
3504193,1
3504194,1
3504195,1
3504196,1
3504197,1
3504198,1
3504199,1
3504200,1
3504201,1
3504202,1
3504203,1
3504204,1
3504205,1
3504206,1
3504207,1
3504208,1
3504209,1
3504210,1
3504211,1
3504212,1
3504213,1
3504214,1
3504215,1
3504216,1
3504217,1
3504218,1
3504219,1
3504220,1
3504221,1
3504222,1
3504223,1
3504224,1
3504225,1
3504226,1
3504227,1
3504228,1
3504229,1
3504230,1
3504231,1
3504232,1
3504233,1
3504234,1
3504235,1
3504236,1
3504237,1
3504243,1
3504244,1
3504250,1
3504255,1
3504256,1
3504257,1
3504258,1
3504259,1
3504268,1
3504269,1
3504270,1
3504271,1
3504272,1
3504273,1
3504280,1
3504282,1
3504283,1
3504284,1
3504285,1
3504286,1
3504287,1
3504288,1
3504293,1
3504295,1
3504296,1
3504410,1
3504411,1
3504412,1
3504413,1
3504414,1
3504415,1
3504416,1
3504417,1
3504418,1
3504419,1
3504420,1
3504421,1
3504422,1
3504423,1
3504424,1
3504425,1
3504426,1
3504427,1
3504428,1
3504429,1
3504430,1
3504431,1
3504432,1
3504433,1
3504434,1
3504435,1
3504436,1
3504438,1
3504523,1
3504555,1
3504556,1
3504557,1
3504565,1
3504566,1
3504567,1
3504575,1
3504576,1
3504577,1
3504587,1
3504588,1
3504610,1
3504611,1
3504612,1
3504657,1
3504658,1
3504659,1
3507718,1
3507719,1
3507720,1
3507741,1
3507742,1
3507743,1
3507744,1
3507745,1
3507746,1
3507747,1
3507748,1
3507749,1
3507750,1
3507751,1
3507752,1
3507753,1
3507754,1
3507755,1
3507756,1
3507757,1
3507758,1
3507759,1
3507760,1
3507761,1
3507762,1
3507763,1
3507764,1
3507765,1
3507766,1
3507767,1
3507768,1
3507769,1
3507770,1
3507771,1
3507772,1
3507773,1
3507774,1
3507775,1
3507776,1
3507777,1
3507778,1
3507779,1
3507780,1
3507781,1
3507782,1
3507783,1
3507784,1
3507785,1
3507786,1
3507787,1
3507788,1
3507789,1
3507790,1
3507791,1
3507792,1
3507793,1
3507794,1
3507795,1
3507796,1
3507797,1
3507798,1
3507799,1
3507800,1
3507801,1
3507802,1
3507803,1
3507804,1
3507805,1
3507806,1
3507807,1
3507808,1
3507809,1
3507810,1
3507811,1
3507812,1
3507813,1
3507814,1
3507815,1
3507816,1
3507817,1
3507818,1
3507819,1
3507820,1
3507821,1
3507822,1
3507823,1
3507824,1
3507825,1
3507826,1
3507827,1
3507828,1
3507829,1
3507830,1
3507831,1
3507832,1
3507833,1
3507834,1
3507835,1
3507836,1
3507837,1
3507838,1
3507839,1
3507840,1
3507841,1
3507842,1
3507843,1
3507844,1
3507845,1
3507846,1
3507847,1
3507848,1
3507849,1
3507850,1
3507851,1
3507852,1
3507853,1
3507854,1
3507859,1
3507860,1
3507861,1
3507862,1
3507863,1
3507872,1
3507873,1
3507874,1
3507875,1
3507876,1
3507885,1
3507886,1
3507887,1
3507888,1
3507889,1
3507900,1
3507901,1
3507902,1
3507903,1
3507904,1
3507905,1
3507909,1
3507912,1
3508000,1
3508002,1
3508026,1
3508027,1
3508028,1
3508029,1
3508030,1
3508031,1
3508032,1
3508033,1
3508034,1
3508035,1
3508036,1
3508037,1
3508038,1
3508039,1
3508040,1
3508041,1
3508042,1
3508043,1
3508044,1
3508045,1
3508046,1
3508047,1
3508048,1
3508049,1
3508050,1
3508051,1
3508052,1
3508053,1
3508054,1
3508055,1
3508140,1
3508151,1
3508181,1
3508182,1
3508184,1
3508193,1
3508202,1
3508203,1
3508204,1
3508205,1
3508227,1
3508229,1
3508273,1
3508274,1
3508275,1
3508276,1
3511337,1
3511358,1
3511359,1
3511360,1
3511361,1
3511362,1
3511363,1
3511364,1
3511365,1
3511366,1
3511367,1
3511368,1
3511369,1
3511370,1
3511371,1
3511372,1
3511373,1
3511374,1
3511375,1
3511376,1
3511377,1
3511378,1
3511379,1
3511380,1
3511381,1
3511382,1
3511383,1
3511384,1
3511385,1
3511386,1
3511387,1
3511388,1
3511389,1
3511390,1
3511391,1
3511392,1
3511393,1
3511394,1
3511395,1
3511396,1
3511397,1
3511398,1
3511399,1
3511400,1
3511401,1
3511402,1
3511403,1
3511404,1
3511405,1
3511406,1
3511407,1
3511408,1
3511409,1
3511410,1
3511411,1
3511412,1
3511413,1
3511414,1
3511415,1
3511416,1
3511417,1
3511418,1
3511419,1
3511420,1
3511421,1
3511422,1
3511423,1
3511424,1
3511425,1
3511426,1
3511427,1
3511428,1
3511429,1
3511430,1
3511431,1
3511432,1
3511433,1
3511434,1
3511435,1
3511436,1
3511437,1
3511438,1
3511439,1
3511440,1
3511441,1
3511442,1
3511443,1
3511444,1
3511445,1
3511446,1
3511447,1
3511448,1
3511449,1
3511450,1
3511451,1
3511452,1
3511453,1
3511454,1
3511455,1
3511456,1
3511457,1
3511458,1
3511459,1
3511460,1
3511461,1
3511462,1
3511463,1
3511464,1
3511465,1
3511466,1
3511467,1
3511468,1
3511469,1
3511470,1
3511475,1
3511476,1
3511477,1
3511478,1
3511479,1
3511480,1
3511489,1
3511490,1
3511491,1
3511492,1
3511502,1
3511503,1
3511504,1
3511505,1
3511506,1
3511516,1
3511517,1
3511519,1
3511520,1
3511521,1
3511522,1
3511525,1
3511526,1
3511530,1
3511618,1
3511619,1
3511629,1
3511630,1
3511643,1
3511644,1
3511645,1
3511646,1
3511647,1
3511648,1
3511649,1
3511650,1
3511651,1
3511652,1
3511653,1
3511654,1
3511655,1
3511656,1
3511657,1
3511658,1
3511659,1
3511660,1
3511661,1
3511662,1
3511663,1
3511664,1
3511665,1
3511666,1
3511667,1
3511668,1
3511669,1
3511670,1
3511671,1
3511672,1
3511673,1
3511674,1
3511675,1
3511757,1
3511768,1
3511769,1
3511770,1
3511798,1
3511800,1
3511801,1
3511809,1
3511819,1
3511820,1
3511843,1
3511844,1
3511846,1
3511890,1
3511891,1
3511892,1
3511893,1
3514936,1
3514937,1
3514938,1
3514954,1
3514975,1
3514976,1
3514977,1
3514978,1
3514979,1
3514980,1
3514981,1
3514982,1
3514983,1
3514984,1
3514985,1
3514986,1
3514987,1
3514988,1
3514989,1
3514990,1
3514991,1
3514992,1
3514993,1
3514994,1
3514995,1
3514996,1
3514997,1
3514998,1
3514999,1
3515000,1
3515001,1
3515002,1
3515003,1
3515004,1
3515005,1
3515006,1
3515007,1
3515008,1
3515009,1
3515010,1
3515011,1
3515012,1
3515013,1
3515014,1
3515015,1
3515016,1
3515017,1
3515018,1
3515019,1
3515020,1
3515021,1
3515022,1
3515023,1
3515024,1
3515025,1
3515026,1
3515027,1
3515028,1
3515029,1
3515030,1
3515031,1
3515032,1
3515033,1
3515034,1
3515035,1
3515036,1
3515037,1
3515038,1
3515039,1
3515040,1
3515041,1
3515042,1
3515043,1
3515044,1
3515045,1
3515046,1
3515047,1
3515048,1
3515049,1
3515050,1
3515051,1
3515052,1
3515053,1
3515054,1
3515055,1
3515056,1
3515057,1
3515058,1
3515059,1
3515060,1
3515061,1
3515062,1
3515063,1
3515064,1
3515065,1
3515066,1
3515067,1
3515068,1
3515069,1
3515070,1
3515071,1
3515072,1
3515073,1
3515074,1
3515075,1
3515076,1
3515077,1
3515078,1
3515079,1
3515080,1
3515081,1
3515082,1
3515083,1
3515084,1
3515085,1
3515086,1
3515091,1
3515092,1
3515093,1
3515094,1
3515095,1
3515096,1
3515097,1
3515106,1
3515107,1
3515108,1
3515109,1
3515119,1
3515120,1
3515133,1
3515137,1
3515138,1
3515142,1
3515143,1
3515148,1
3515150,1
3515151,1
3515152,1
3515158,1
3515236,1
3515242,1
3515243,1
3515246,1
3515247,1
3515259,1
3515260,1
3515261,1
3515262,1
3515263,1
3515264,1
3515265,1
3515266,1
3515267,1
3515268,1
3515269,1
3515270,1
3515271,1
3515272,1
3515273,1
3515274,1
3515275,1
3515276,1
3515277,1
3515278,1
3515279,1
3515280,1
3515281,1
3515282,1
3515283,1
3515284,1
3515285,1
3515286,1
3515287,1
3515288,1
3515289,1
3515290,1
3515291,1
3515292,1
3515374,1
3515385,1
3515386,1
3515387,1
3515388,1
3515391,1
3515392,1
3515414,1
3515415,1
3515417,1
3515419,1
3515420,1
3515425,1
3515426,1
3515436,1
3515437,1
3515461,1
3515463,1
3515508,1
3515509,1
3515510,1
3515511,1
3518553,1
3518554,1
3518555,1
3518556,1
3518557,1
3518572,1
3518591,1
3518592,1
3518593,1
3518594,1
3518595,1
3518596,1
3518597,1
3518598,1
3518599,1
3518600,1
3518601,1
3518602,1
3518603,1
3518604,1
3518605,1
3518606,1
3518607,1
3518608,1
3518609,1
3518610,1
3518611,1
3518612,1
3518613,1
3518614,1
3518615,1
3518616,1
3518617,1
3518618,1
3518619,1
3518620,1
3518621,1
3518622,1
3518623,1
3518624,1
3518625,1
3518626,1
3518627,1
3518628,1
3518629,1
3518630,1
3518631,1
3518632,1
3518633,1
3518634,1
3518635,1
3518636,1
3518637,1
3518638,1
3518639,1
3518640,1
3518641,1
3518642,1
3518643,1
3518644,1
3518645,1
3518646,1
3518647,1
3518648,1
3518649,1
3518650,1
3518651,1
3518652,1
3518653,1
3518654,1
3518655,1
3518656,1
3518657,1
3518658,1
3518659,1
3518660,1
3518661,1
3518662,1
3518663,1
3518664,1
3518665,1
3518666,1
3518667,1
3518668,1
3518669,1
3518670,1
3518671,1
3518672,1
3518673,1
3518674,1
3518675,1
3518676,1
3518677,1
3518678,1
3518679,1
3518680,1
3518681,1
3518682,1
3518683,1
3518684,1
3518685,1
3518686,1
3518687,1
3518688,1
3518689,1
3518690,1
3518691,1
3518692,1
3518693,1
3518694,1
3518695,1
3518696,1
3518697,1
3518698,1
3518699,1
3518700,1
3518701,1
3518702,1
3518703,1
3518707,1
3518708,1
3518709,1
3518710,1
3518711,1
3518712,1
3518713,1
3518714,1
3518722,1
3518723,1
3518724,1
3518725,1
3518726,1
3518737,1
3518750,1
3518754,1
3518755,1
3518765,1
3518767,1
3518769,1
3518775,1
3518776,1
3518810,1
3518811,1
3518852,1
3518853,1
3518857,1
3518859,1
3518860,1
3518861,1
3518863,1
3518865,1
3518875,1
3518876,1
3518877,1
3518878,1
3518879,1
3518880,1
3518881,1
3518882,1
3518883,1
3518884,1
3518885,1
3518886,1
3518887,1
3518888,1
3518889,1
3518890,1
3518891,1
3518892,1
3518893,1
3518894,1
3518895,1
3518896,1
3518897,1
3518898,1
3518899,1
3518900,1
3518901,1
3518902,1
3518903,1
3518904,1
3518905,1
3518906,1
3518907,1
3518908,1
3518909,1
3518910,1
3518991,1
3519002,1
3519005,1
3519008,1
3519009,1
3519013,1
3519014,1
3519029,1
3519030,1
3519031,1
3519033,1
3519034,1
3519036,1
3519037,1
3519038,1
3519040,1
3519041,1
3519042,1
3519054,1
3519078,1
3519080,1
3519125,1
3519126,1
3519127,1
3519128,1
3519129,1
3519130,1
3522170,1
3522171,1
3522174,1
3522189,1
3522190,1
3522208,1
3522209,1
3522210,1
3522211,1
3522212,1
3522213,1
3522214,1
3522215,1
3522216,1
3522217,1
3522218,1
3522219,1
3522220,1
3522221,1
3522222,1
3522223,1
3522224,1
3522225,1
3522226,1
3522227,1
3522228,1
3522229,1
3522230,1
3522231,1
3522232,1
3522233,1
3522234,1
3522235,1
3522236,1
3522237,1
3522238,1
3522239,1
3522240,1
3522241,1
3522242,1
3522243,1
3522244,1
3522245,1
3522246,1
3522247,1
3522248,1
3522249,1
3522250,1
3522251,1
3522252,1
3522253,1
3522254,1
3522255,1
3522256,1
3522257,1
3522258,1
3522259,1
3522260,1
3522261,1
3522262,1
3522263,1
3522264,1
3522265,1
3522266,1
3522267,1
3522268,1
3522269,1
3522270,1
3522271,1
3522272,1
3522273,1
3522274,1
3522275,1
3522276,1
3522277,1
3522278,1
3522279,1
3522280,1
3522281,1
3522282,1
3522283,1
3522284,1
3522285,1
3522286,1
3522287,1
3522288,1
3522289,1
3522290,1
3522291,1
3522292,1
3522293,1
3522294,1
3522295,1
3522296,1
3522297,1
3522298,1
3522299,1
3522300,1
3522301,1
3522302,1
3522303,1
3522304,1
3522305,1
3522306,1
3522307,1
3522308,1
3522309,1
3522310,1
3522311,1
3522312,1
3522313,1
3522314,1
3522315,1
3522316,1
3522317,1
3522318,1
3522319,1
3522320,1
3522324,1
3522325,1
3522326,1
3522327,1
3522328,1
3522330,1
3522331,1
3522339,1
3522340,1
3522341,1
3522342,1
3522343,1
3522354,1
3522367,1
3522368,1
3522370,1
3522371,1
3522372,1
3522381,1
3522382,1
3522384,1
3522385,1
3522386,1
3522392,1
3522393,1
3522427,1
3522428,1
3522469,1
3522470,1
3522474,1
3522476,1
3522477,1
3522478,1
3522480,1
3522482,1
3522492,1
3522493,1
3522494,1
3522495,1
3522497,1
3522498,1
3522499,1
3522500,1
3522501,1
3522502,1
3522503,1
3522504,1
3522505,1
3522506,1
3522507,1
3522508,1
3522509,1
3522510,1
3522511,1
3522512,1
3522513,1
3522514,1
3522515,1
3522516,1
3522517,1
3522518,1
3522519,1
3522520,1
3522521,1
3522522,1
3522523,1
3522524,1
3522525,1
3522526,1
3522527,1
3522528,1
3522607,1
3522608,1
3522619,1
3522622,1
3522625,1
3522626,1
3522631,1
3522633,1
3522634,1
3522646,1
3522647,1
3522648,1
3522651,1
3522653,1
3522654,1
3522655,1
3522657,1
3522658,1
3522659,1
3522671,1
3522695,1
3522697,1
3522742,1
3522743,1
3522744,1
3522745,1
3522746,1
3522747,1
3525787,1
3525788,1
3525789,1
3525791,1
3525792,1
3525807,1
3525825,1
3525826,1
3525827,1
3525828,1
3525829,1
3525830,1
3525831,1
3525832,1
3525833,1
3525834,1
3525835,1
3525836,1
3525837,1
3525838,1
3525839,1
3525840,1
3525841,1
3525842,1
3525843,1
3525844,1
3525845,1
3525846,1
3525847,1
3525848,1
3525849,1
3525850,1
3525851,1
3525852,1
3525853,1
3525854,1
3525855,1
3525856,1
3525857,1
3525858,1
3525859,1
3525860,1
3525861,1
3525862,1
3525863,1
3525864,1
3525865,1
3525866,1
3525867,1
3525868,1
3525869,1
3525870,1
3525871,1
3525872,1
3525873,1
3525874,1
3525875,1
3525876,1
3525877,1
3525878,1
3525879,1
3525880,1
3525881,1
3525882,1
3525883,1
3525884,1
3525885,1
3525886,1
3525887,1
3525888,1
3525889,1
3525890,1
3525891,1
3525892,1
3525893,1
3525894,1
3525895,1
3525896,1
3525897,1
3525898,1
3525899,1
3525900,1
3525901,1
3525902,1
3525903,1
3525904,1
3525905,1
3525906,1
3525907,1
3525908,1
3525909,1
3525910,1
3525911,1
3525912,1
3525913,1
3525914,1
3525915,1
3525916,1
3525917,1
3525918,1
3525919,1
3525920,1
3525921,1
3525922,1
3525923,1
3525924,1
3525925,1
3525926,1
3525927,1
3525928,1
3525929,1
3525930,1
3525931,1
3525932,1
3525933,1
3525934,1
3525935,1
3525936,1
3525941,1
3525942,1
3525943,1
3525944,1
3525945,1
3525946,1
3525947,1
3525950,1
3525951,1
3525952,1
3525953,1
3525956,1
3525957,1
3525958,1
3525959,1
3525960,1
3525971,1
3525984,1
3525985,1
3525987,1
3525988,1
3525989,1
3525990,1
3525991,1
3525992,1
3525996,1
3525997,1
3525998,1
3526000,1
3526001,1
3526002,1
3526003,1
3526005,1
3526041,1
3526042,1
3526044,1
3526045,1
3526086,1
3526087,1
3526089,1
3526090,1
3526091,1
3526093,1
3526094,1
3526095,1
3526096,1
3526098,1
3526108,1
3526109,1
3526110,1
3526111,1
3526113,1
3526114,1
3526115,1
3526116,1
3526117,1
3526118,1
3526119,1
3526120,1
3526121,1
3526122,1
3526123,1
3526124,1
3526125,1
3526126,1
3526127,1
3526128,1
3526129,1
3526130,1
3526131,1
3526132,1
3526133,1
3526134,1
3526135,1
3526136,1
3526137,1
3526138,1
3526139,1
3526140,1
3526141,1
3526142,1
3526143,1
3526144,1
3526145,1
3526146,1
3526224,1
3526225,1
3526226,1
3526227,1
3526228,1
3526237,1
3526238,1
3526239,1
3526243,1
3526245,1
3526246,1
3526247,1
3526248,1
3526249,1
3526251,1
3526252,1
3526253,1
3526254,1
3526255,1
3526257,1
3526258,1
3526261,1
3526262,1
3526264,1
3526265,1
3526268,1
3526269,1
3526270,1
3526272,1
3526273,1
3526275,1
3526287,1
3526288,1
3526312,1
3526313,1
3526314,1
3526315,1
3526316,1
3526359,1
3526361,1
3526362,1
3526363,1
3526364,1
3529405,1
3529406,1
3529407,1
3529408,1
3529409,1
3529425,1
3529429,1
3529430,1
3529436,1
3529437,1
3529442,1
3529443,1
3529444,1
3529445,1
3529446,1
3529447,1
3529448,1
3529449,1
3529450,1
3529451,1
3529452,1
3529453,1
3529454,1
3529455,1
3529456,1
3529457,1
3529458,1
3529459,1
3529460,1
3529461,1
3529462,1
3529463,1
3529464,1
3529465,1
3529466,1
3529467,1
3529468,1
3529469,1
3529470,1
3529471,1
3529472,1
3529473,1
3529474,1
3529475,1
3529476,1
3529477,1
3529478,1
3529479,1
3529480,1
3529481,1
3529482,1
3529483,1
3529484,1
3529485,1
3529486,1
3529487,1
3529488,1
3529489,1
3529490,1
3529491,1
3529492,1
3529493,1
3529494,1
3529495,1
3529496,1
3529497,1
3529498,1
3529499,1
3529500,1
3529501,1
3529502,1
3529503,1
3529504,1
3529505,1
3529506,1
3529507,1
3529508,1
3529509,1
3529510,1
3529511,1
3529512,1
3529513,1
3529514,1
3529515,1
3529516,1
3529517,1
3529518,1
3529519,1
3529520,1
3529521,1
3529522,1
3529523,1
3529524,1
3529525,1
3529526,1
3529527,1
3529528,1
3529529,1
3529530,1
3529531,1
3529532,1
3529533,1
3529534,1
3529535,1
3529536,1
3529537,1
3529538,1
3529539,1
3529540,1
3529541,1
3529542,1
3529543,1
3529544,1
3529545,1
3529546,1
3529547,1
3529548,1
3529549,1
3529550,1
3529551,1
3529552,1
3529553,1
3529556,1
3529557,1
3529558,1
3529559,1
3529560,1
3529561,1
3529562,1
3529563,1
3529564,1
3529567,1
3529568,1
3529569,1
3529570,1
3529574,1
3529575,1
3529576,1
3529577,1
3529586,1
3529588,1
3529603,1
3529604,1
3529608,1
3529609,1
3529613,1
3529617,1
3529618,1
3529619,1
3529620,1
3529622,1
3529623,1
3529658,1
3529659,1
3529703,1
3529704,1
3529705,1
3529706,1
3529707,1
3529708,1
3529709,1
3529710,1
3529712,1
3529713,1
3529715,1
3529725,1
3529726,1
3529727,1
3529728,1
3529731,1
3529732,1
3529733,1
3529734,1
3529735,1
3529736,1
3529737,1
3529738,1
3529739,1
3529740,1
3529741,1
3529742,1
3529743,1
3529744,1
3529745,1
3529746,1
3529747,1
3529748,1
3529749,1
3529750,1
3529751,1
3529752,1
3529753,1
3529754,1
3529755,1
3529756,1
3529757,1
3529758,1
3529759,1
3529760,1
3529761,1
3529762,1
3529763,1
3529764,1
3529845,1
3529846,1
3529847,1
3529848,1
3529860,1
3529864,1
3529865,1
3529866,1
3529876,1
3529877,1
3529878,1
3529886,1
3529898,1
3529899,1
3529900,1
3529902,1
3529903,1
3529904,1
3529929,1
3529930,1
3529934,1
3529935,1
3529976,1
3529977,1
3529978,1
3529979,1
3529980,1
3533023,1
3533024,1
3533025,1
3533042,1
3533043,1
3533047,1
3533048,1
3533053,1
3533054,1
3533059,1
3533060,1
3533061,1
3533062,1
3533063,1
3533064,1
3533065,1
3533066,1
3533067,1
3533068,1
3533069,1
3533070,1
3533071,1
3533072,1
3533073,1
3533074,1
3533075,1
3533076,1
3533077,1
3533078,1
3533079,1
3533080,1
3533081,1
3533082,1
3533083,1
3533084,1
3533085,1
3533086,1
3533087,1
3533088,1
3533089,1
3533090,1
3533091,1
3533092,1
3533093,1
3533094,1
3533095,1
3533096,1
3533097,1
3533098,1
3533099,1
3533100,1
3533101,1
3533102,1
3533103,1
3533104,1
3533105,1
3533106,1
3533107,1
3533108,1
3533109,1
3533110,1
3533111,1
3533112,1
3533113,1
3533114,1
3533115,1
3533116,1
3533117,1
3533118,1
3533119,1
3533120,1
3533121,1
3533122,1
3533123,1
3533124,1
3533125,1
3533126,1
3533127,1
3533128,1
3533129,1
3533130,1
3533131,1
3533132,1
3533133,1
3533134,1
3533135,1
3533136,1
3533137,1
3533138,1
3533139,1
3533140,1
3533141,1
3533142,1
3533143,1
3533144,1
3533145,1
3533146,1
3533147,1
3533148,1
3533149,1
3533150,1
3533151,1
3533152,1
3533153,1
3533154,1
3533155,1
3533156,1
3533157,1
3533158,1
3533159,1
3533160,1
3533161,1
3533162,1
3533163,1
3533164,1
3533165,1
3533166,1
3533167,1
3533168,1
3533169,1
3533172,1
3533173,1
3533174,1
3533175,1
3533176,1
3533177,1
3533178,1
3533179,1
3533180,1
3533183,1
3533184,1
3533185,1
3533193,1
3533194,1
3533195,1
3533199,1
3533200,1
3533201,1
3533202,1
3533203,1
3533204,1
3533205,1
3533225,1
3533226,1
3533229,1
3533230,1
3533236,1
3533237,1
3533238,1
3533239,1
3533241,1
3533320,1
3533321,1
3533322,1
3533324,1
3533325,1
3533326,1
3533329,1
3533330,1
3533332,1
3533342,1
3533343,1
3533344,1
3533348,1
3533349,1
3533350,1
3533351,1
3533352,1
3533353,1
3533354,1
3533355,1
3533356,1
3533357,1
3533358,1
3533359,1
3533360,1
3533361,1
3533362,1
3533363,1
3533364,1
3533365,1
3533366,1
3533367,1
3533368,1
3533369,1
3533370,1
3533371,1
3533372,1
3533373,1
3533374,1
3533375,1
3533376,1
3533377,1
3533378,1
3533379,1
3533380,1
3533465,1
3533466,1
3533477,1
3533481,1
3533482,1
3533483,1
3533515,1
3533516,1
3533517,1
3533518,1
3533519,1
3533545,1
3533546,1
3533547,1
3533551,1
3533552,1
3533595,1
3533596,1
3533597,1
3533760,1
3533761,1
3536660,1
3536661,1
3536664,1
3536665,1
3536666,1
3536670,1
3536671,1
3536672,1
3536676,1
3536677,1
3536678,1
3536679,1
3536680,1
3536681,1
3536682,1
3536683,1
3536684,1
3536685,1
3536686,1
3536687,1
3536688,1
3536689,1
3536690,1
3536691,1
3536692,1
3536693,1
3536694,1
3536695,1
3536696,1
3536697,1
3536698,1
3536699,1
3536700,1
3536701,1
3536702,1
3536703,1
3536704,1
3536705,1
3536706,1
3536707,1
3536708,1
3536709,1
3536710,1
3536711,1
3536712,1
3536713,1
3536714,1
3536715,1
3536716,1
3536717,1
3536718,1
3536719,1
3536720,1
3536721,1
3536722,1
3536723,1
3536724,1
3536725,1
3536726,1
3536727,1
3536728,1
3536729,1
3536730,1
3536731,1
3536732,1
3536733,1
3536734,1
3536735,1
3536736,1
3536737,1
3536738,1
3536739,1
3536740,1
3536741,1
3536742,1
3536743,1
3536744,1
3536745,1
3536746,1
3536747,1
3536748,1
3536749,1
3536750,1
3536751,1
3536752,1
3536753,1
3536754,1
3536755,1
3536756,1
3536757,1
3536758,1
3536759,1
3536760,1
3536761,1
3536762,1
3536763,1
3536764,1
3536765,1
3536766,1
3536767,1
3536768,1
3536769,1
3536770,1
3536771,1
3536772,1
3536773,1
3536774,1
3536775,1
3536776,1
3536777,1
3536778,1
3536779,1
3536780,1
3536781,1
3536782,1
3536783,1
3536784,1
3536785,1
3536788,1
3536789,1
3536790,1
3536791,1
3536792,1
3536793,1
3536794,1
3536795,1
3536796,1
3536799,1
3536800,1
3536801,1
3536802,1
3536803,1
3536804,1
3536812,1
3536813,1
3536814,1
3536815,1
3536816,1
3536817,1
3536818,1
3536819,1
3536820,1
3536821,1
3536822,1
3536823,1
3536842,1
3536843,1
3536844,1
3536845,1
3536846,1
3536854,1
3536855,1
3536856,1
3536857,1
3536858,1
3536859,1
3536860,1
3536862,1
3536863,1
3536938,1
3536939,1
3536940,1
3536941,1
3536942,1
3536943,1
3536945,1
3536946,1
3536947,1
3536948,1
3536958,1
3536959,1
3536965,1
3536966,1
3536967,1
3536968,1
3536969,1
3536970,1
3536971,1
3536972,1
3536973,1
3536974,1
3536975,1
3536976,1
3536977,1
3536978,1
3536979,1
3536980,1
3536981,1
3536982,1
3536983,1
3536984,1
3536985,1
3536986,1
3536987,1
3536988,1
3536989,1
3536990,1
3536991,1
3536992,1
3536993,1
3536994,1
3536995,1
3536996,1
3536997,1
3537001,1
3537083,1
3537084,1
3537085,1
3537094,1
3537095,1
3537098,1
3537099,1
3537100,1
3537132,1
3537133,1
3537162,1
3537163,1
3537169,1
3537377,1
3537378,1
3537379,1
3540277,1
3540278,1
3540281,1
3540282,1
3540283,1
3540284,1
3540285,1
3540287,1
3540288,1
3540289,1
3540293,1
3540294,1
3540295,1
3540296,1
3540297,1
3540298,1
3540299,1
3540300,1
3540301,1
3540302,1
3540303,1
3540304,1
3540305,1
3540306,1
3540307,1
3540308,1
3540309,1
3540310,1
3540311,1
3540312,1
3540313,1
3540314,1
3540315,1
3540316,1
3540317,1
3540318,1
3540319,1
3540320,1
3540321,1
3540322,1
3540323,1
3540324,1
3540325,1
3540326,1
3540327,1
3540328,1
3540329,1
3540330,1
3540331,1
3540332,1
3540333,1
3540334,1
3540335,1
3540336,1
3540337,1
3540338,1
3540339,1
3540340,1
3540341,1
3540342,1
3540343,1
3540344,1
3540345,1
3540346,1
3540347,1
3540348,1
3540349,1
3540350,1
3540351,1
3540352,1
3540353,1
3540354,1
3540355,1
3540356,1
3540357,1
3540358,1
3540359,1
3540362,1
3540363,1
3540364,1
3540365,1
3540366,1
3540367,1
3540368,1
3540369,1
3540370,1
3540371,1
3540372,1
3540373,1
3540374,1
3540375,1
3540376,1
3540377,1
3540378,1
3540379,1
3540380,1
3540381,1
3540382,1
3540383,1
3540384,1
3540385,1
3540386,1
3540387,1
3540388,1
3540389,1
3540390,1
3540391,1
3540392,1
3540393,1
3540394,1
3540395,1
3540396,1
3540397,1
3540398,1
3540399,1
3540400,1
3540401,1
3540404,1
3540405,1
3540406,1
3540407,1
3540408,1
3540409,1
3540410,1
3540411,1
3540412,1
3540415,1
3540416,1
3540417,1
3540418,1
3540419,1
3540420,1
3540428,1
3540429,1
3540430,1
3540431,1
3540432,1
3540433,1
3540434,1
3540435,1
3540436,1
3540437,1
3540438,1
3540440,1
3540458,1
3540459,1
3540460,1
3540461,1
3540462,1
3540470,1
3540471,1
3540472,1
3540473,1
3540474,1
3540475,1
3540476,1
3540478,1
3540479,1
3540555,1
3540556,1
3540557,1
3540558,1
3540559,1
3540560,1
3540562,1
3540563,1
3540564,1
3540575,1
3540577,1
3540582,1
3540583,1
3540584,1
3540585,1
3540586,1
3540587,1
3540588,1
3540589,1
3540590,1
3540591,1
3540592,1
3540593,1
3540594,1
3540595,1
3540596,1
3540597,1
3540598,1
3540599,1
3540600,1
3540601,1
3540602,1
3540603,1
3540604,1
3540605,1
3540606,1
3540607,1
3540608,1
3540609,1
3540610,1
3540611,1
3540612,1
3540613,1
3540614,1
3540615,1
3540701,1
3540702,1
3540703,1
3540711,1
3540712,1
3540713,1
3540715,1
3540716,1
3540717,1
3540718,1
3540748,1
3540749,1
3540779,1
3540780,1
3540786,1
3540995,1
3543894,1
3543895,1
3543896,1
3543898,1
3543899,1
3543900,1
3543901,1
3543902,1
3543903,1
3543904,1
3543905,1
3543906,1
3543907,1
3543908,1
3543909,1
3543910,1
3543911,1
3543912,1
3543913,1
3543914,1
3543915,1
3543916,1
3543917,1
3543918,1
3543919,1
3543920,1
3543921,1
3543922,1
3543923,1
3543924,1
3543925,1
3543926,1
3543927,1
3543928,1
3543929,1
3543930,1
3543931,1
3543932,1
3543933,1
3543934,1
3543935,1
3543936,1
3543937,1
3543938,1
3543939,1
3543940,1
3543941,1
3543942,1
3543943,1
3543944,1
3543945,1
3543946,1
3543947,1
3543948,1
3543949,1
3543950,1
3543951,1
3543952,1
3543953,1
3543954,1
3543955,1
3543956,1
3543957,1
3543958,1
3543959,1
3543960,1
3543961,1
3543962,1
3543963,1
3543964,1
3543965,1
3543966,1
3543967,1
3543968,1
3543969,1
3543970,1
3543971,1
3543972,1
3543973,1
3543974,1
3543975,1
3543976,1
3543977,1
3543978,1
3543979,1
3543980,1
3543981,1
3543982,1
3543983,1
3543984,1
3543985,1
3543986,1
3543987,1
3543988,1
3543989,1
3543990,1
3543991,1
3543992,1
3543993,1
3543994,1
3543995,1
3543996,1
3543997,1
3543998,1
3543999,1
3544000,1
3544001,1
3544002,1
3544003,1
3544004,1
3544005,1
3544006,1
3544007,1
3544008,1
3544009,1
3544010,1
3544011,1
3544012,1
3544013,1
3544014,1
3544015,1
3544016,1
3544017,1
3544018,1
3544021,1
3544022,1
3544023,1
3544024,1
3544025,1
3544032,1
3544033,1
3544034,1
3544035,1
3544036,1
3544037,1
3544047,1
3544048,1
3544049,1
3544050,1
3544055,1
3544057,1
3544087,1
3544088,1
3544089,1
3544090,1
3544091,1
3544092,1
3544094,1
3544175,1
3544176,1
3544177,1
3544179,1
3544181,1
3544191,1
3544192,1
3544193,1
3544194,1
3544199,1
3544200,1
3544201,1
3544202,1
3544203,1
3544204,1
3544205,1
3544206,1
3544207,1
3544208,1
3544209,1
3544210,1
3544211,1
3544212,1
3544213,1
3544214,1
3544215,1
3544216,1
3544217,1
3544218,1
3544219,1
3544220,1
3544221,1
3544222,1
3544223,1
3544224,1
3544225,1
3544226,1
3544227,1
3544228,1
3544229,1
3544230,1
3544231,1
3544232,1
3544233,1
3544320,1
3544321,1
3544322,1
3544323,1
3544324,1
3544329,1
3544330,1
3544331,1
3544332,1
3544333,1
3544334,1
3544335,1
3544336,1
3544337,1
3544364,1
3544365,1
3544396,1
3544397,1
3544398,1
3544403,1
3544404,1
3547512,1
3547513,1
3547514,1
3547515,1
3547516,1
3547520,1
3547521,1
3547522,1
3547524,1
3547525,1
3547526,1
3547527,1
3547529,1
3547530,1
3547531,1
3547532,1
3547533,1
3547534,1
3547535,1
3547536,1
3547537,1
3547538,1
3547540,1
3547541,1
3547542,1
3547543,1
3547544,1
3547545,1
3547546,1
3547547,1
3547548,1
3547549,1
3547550,1
3547551,1
3547552,1
3547553,1
3547554,1
3547555,1
3547556,1
3547557,1
3547558,1
3547559,1
3547560,1
3547561,1
3547562,1
3547563,1
3547564,1
3547565,1
3547566,1
3547567,1
3547568,1
3547569,1
3547570,1
3547571,1
3547572,1
3547573,1
3547574,1
3547575,1
3547576,1
3547577,1
3547578,1
3547579,1
3547580,1
3547581,1
3547582,1
3547583,1
3547584,1
3547585,1
3547586,1
3547587,1
3547588,1
3547589,1
3547590,1
3547591,1
3547592,1
3547593,1
3547594,1
3547595,1
3547596,1
3547597,1
3547598,1
3547599,1
3547600,1
3547601,1
3547602,1
3547603,1
3547604,1
3547605,1
3547606,1
3547607,1
3547608,1
3547609,1
3547610,1
3547611,1
3547612,1
3547613,1
3547614,1
3547615,1
3547616,1
3547617,1
3547618,1
3547619,1
3547620,1
3547621,1
3547622,1
3547623,1
3547624,1
3547625,1
3547626,1
3547627,1
3547628,1
3547629,1
3547630,1
3547631,1
3547632,1
3547633,1
3547639,1
3547640,1
3547641,1
3547642,1
3547649,1
3547650,1
3547651,1
3547652,1
3547653,1
3547654,1
3547666,1
3547667,1
3547672,1
3547674,1
3547704,1
3547705,1
3547706,1
3547707,1
3547709,1
3547791,1
3547792,1
3547793,1
3547794,1
3547796,1
3547797,1
3547798,1
3547808,1
3547809,1
3547810,1
3547815,1
3547816,1
3547817,1
3547818,1
3547819,1
3547820,1
3547821,1
3547822,1
3547823,1
3547824,1
3547825,1
3547826,1
3547827,1
3547828,1
3547829,1
3547830,1
3547831,1
3547832,1
3547833,1
3547834,1
3547835,1
3547836,1
3547837,1
3547838,1
3547839,1
3547840,1
3547841,1
3547842,1
3547843,1
3547844,1
3547845,1
3547846,1
3547847,1
3547848,1
3547849,1
3547850,1
3547939,1
3547942,1
3547943,1
3547947,1
3547948,1
3547949,1
3547950,1
3547951,1
3547952,1
3547953,1
3547954,1
3547955,1
3547980,1
3547981,1
3548013,1
3548014,1
3548021,1
3548022,1
3551129,1
3551130,1
3551131,1
3551132,1
3551137,1
3551138,1
3551139,1
3551140,1
3551141,1
3551142,1
3551143,1
3551144,1
3551150,1
3551152,1
3551153,1
3551154,1
3551159,1
3551160,1
3551161,1
3551162,1
3551163,1
3551164,1
3551165,1
3551166,1
3551167,1
3551168,1
3551169,1
3551170,1
3551171,1
3551172,1
3551173,1
3551174,1
3551175,1
3551176,1
3551177,1
3551178,1
3551179,1
3551180,1
3551181,1
3551182,1
3551183,1
3551184,1
3551185,1
3551186,1
3551187,1
3551188,1
3551189,1
3551190,1
3551191,1
3551192,1
3551193,1
3551194,1
3551195,1
3551196,1
3551197,1
3551198,1
3551199,1
3551200,1
3551201,1
3551202,1
3551203,1
3551204,1
3551205,1
3551206,1
3551207,1
3551208,1
3551209,1
3551210,1
3551211,1
3551212,1
3551213,1
3551214,1
3551215,1
3551216,1
3551217,1
3551218,1
3551219,1
3551220,1
3551221,1
3551222,1
3551223,1
3551224,1
3551225,1
3551226,1
3551227,1
3551228,1
3551229,1
3551230,1
3551231,1
3551232,1
3551233,1
3551234,1
3551235,1
3551236,1
3551237,1
3551238,1
3551239,1
3551240,1
3551241,1
3551242,1
3551243,1
3551244,1
3551245,1
3551246,1
3551247,1
3551248,1
3551249,1
3551250,1
3551264,1
3551266,1
3551267,1
3551268,1
3551269,1
3551274,1
3551288,1
3551289,1
3551291,1
3551324,1
3551325,1
3551326,1
3551328,1
3551329,1
3551408,1
3551410,1
3551411,1
3551412,1
3551413,1
3551414,1
3551424,1
3551425,1
3551427,1
3551432,1
3551433,1
3551434,1
3551435,1
3551436,1
3551437,1
3551438,1
3551439,1
3551440,1
3551441,1
3551442,1
3551443,1
3551444,1
3551445,1
3551446,1
3551447,1
3551448,1
3551449,1
3551450,1
3551451,1
3551452,1
3551453,1
3551454,1
3551455,1
3551456,1
3551457,1
3551458,1
3551459,1
3551460,1
3551461,1
3551462,1
3551463,1
3551464,1
3551465,1
3551466,1
3551467,1
3551560,1
3551561,1
3551565,1
3551566,1
3551567,1
3551569,1
3551570,1
3551571,1
3551572,1
3551573,1
3551574,1
3551593,1
3551594,1
3551595,1
3551596,1
3551597,1
3551630,1
3551631,1
3551632,1
3551639,1
3551640,1
3551857,1
3554747,1
3554748,1
3554749,1
3554751,1
3554752,1
3554754,1
3554755,1
3554756,1
3554757,1
3554758,1
3554759,1
3554760,1
3554770,1
3554777,1
3554778,1
3554779,1
3554780,1
3554781,1
3554782,1
3554783,1
3554784,1
3554785,1
3554786,1
3554787,1
3554788,1
3554789,1
3554790,1
3554791,1
3554792,1
3554793,1
3554794,1
3554795,1
3554796,1
3554797,1
3554798,1
3554799,1
3554800,1
3554801,1
3554802,1
3554803,1
3554804,1
3554805,1
3554806,1
3554807,1
3554808,1
3554809,1
3554810,1
3554811,1
3554812,1
3554813,1
3554814,1
3554815,1
3554816,1
3554817,1
3554818,1
3554819,1
3554820,1
3554821,1
3554822,1
3554823,1
3554824,1
3554825,1
3554826,1
3554827,1
3554828,1
3554829,1
3554830,1
3554831,1
3554832,1
3554833,1
3554834,1
3554835,1
3554836,1
3554837,1
3554838,1
3554839,1
3554840,1
3554841,1
3554842,1
3554843,1
3554844,1
3554845,1
3554846,1
3554847,1
3554848,1
3554849,1
3554850,1
3554851,1
3554852,1
3554853,1
3554854,1
3554855,1
3554856,1
3554857,1
3554858,1
3554859,1
3554860,1
3554861,1
3554862,1
3554863,1
3554864,1
3554865,1
3554866,1
3554867,1
3554880,1
3554881,1
3554884,1
3554885,1
3554891,1
3554905,1
3554906,1
3554908,1
3554928,1
3554929,1
3554945,1
3554948,1
3555025,1
3555026,1
3555027,1
3555028,1
3555029,1
3555040,1
3555041,1
3555042,1
3555044,1
3555050,1
3555051,1
3555052,1
3555053,1
3555054,1
3555055,1
3555056,1
3555057,1
3555058,1
3555059,1
3555060,1
3555061,1
3555062,1
3555063,1
3555064,1
3555065,1
3555066,1
3555067,1
3555068,1
3555069,1
3555070,1
3555071,1
3555072,1
3555073,1
3555074,1
3555075,1
3555076,1
3555077,1
3555078,1
3555079,1
3555080,1
3555081,1
3555082,1
3555083,1
3555084,1
3555178,1
3555179,1
3555187,1
3555188,1
3555189,1
3555190,1
3555191,1
3555193,1
3555194,1
3555195,1
3555209,1
3555210,1
3555211,1
3555212,1
3555247,1
3555248,1
3555249,1
3555250,1
3555256,1
3555257,1
3555258,1
3555474,1
3555475,1
3558364,1
3558365,1
3558366,1
3558368,1
3558369,1
3558371,1
3558372,1
3558373,1
3558374,1
3558375,1
3558376,1
3558377,1
3558395,1
3558396,1
3558397,1
3558398,1
3558399,1
3558400,1
3558401,1
3558402,1
3558403,1
3558404,1
3558405,1
3558406,1
3558407,1
3558408,1
3558409,1
3558410,1
3558411,1
3558412,1
3558413,1
3558414,1
3558415,1
3558416,1
3558417,1
3558418,1
3558419,1
3558420,1
3558421,1
3558422,1
3558423,1
3558424,1
3558425,1
3558426,1
3558427,1
3558428,1
3558429,1
3558430,1
3558431,1
3558432,1
3558433,1
3558434,1
3558435,1
3558436,1
3558437,1
3558438,1
3558439,1
3558440,1
3558441,1
3558442,1
3558443,1
3558444,1
3558445,1
3558446,1
3558447,1
3558448,1
3558449,1
3558450,1
3558451,1
3558452,1
3558453,1
3558454,1
3558455,1
3558456,1
3558457,1
3558458,1
3558459,1
3558460,1
3558461,1
3558462,1
3558463,1
3558464,1
3558465,1
3558466,1
3558467,1
3558468,1
3558469,1
3558470,1
3558471,1
3558472,1
3558473,1
3558474,1
3558475,1
3558476,1
3558477,1
3558478,1
3558479,1
3558480,1
3558481,1
3558482,1
3558483,1
3558484,1
3558497,1
3558498,1
3558501,1
3558502,1
3558508,1
3558522,1
3558524,1
3558545,1
3558546,1
3558562,1
3558565,1
3558642,1
3558643,1
3558644,1
3558645,1
3558646,1
3558657,1
3558658,1
3558659,1
3558660,1
3558666,1
3558667,1
3558668,1
3558669,1
3558670,1
3558671,1
3558672,1
3558673,1
3558674,1
3558675,1
3558676,1
3558677,1
3558678,1
3558679,1
3558680,1
3558681,1
3558682,1
3558683,1
3558684,1
3558685,1
3558686,1
3558687,1
3558688,1
3558689,1
3558690,1
3558691,1
3558692,1
3558693,1
3558694,1
3558695,1
3558696,1
3558697,1
3558698,1
3558699,1
3558700,1
3558701,1
3558795,1
3558796,1
3558803,1
3558804,1
3558805,1
3558806,1
3558807,1
3558808,1
3558809,1
3558810,1
3558811,1
3558812,1
3558813,1
3558824,1
3558825,1
3558826,1
3558827,1
3558863,1
3558864,1
3558865,1
3558866,1
3558867,1
3558874,1
3558875,1
3559091,1
3559092,1
3561981,1
3561982,1
3561983,1
3561985,1
3561988,1
3561989,1
3561990,1
3561991,1
3561992,1
3561993,1
3562016,1
3562017,1
3562019,1
3562020,1
3562021,1
3562022,1
3562023,1
3562024,1
3562025,1
3562026,1
3562027,1
3562028,1
3562029,1
3562030,1
3562031,1
3562032,1
3562033,1
3562034,1
3562035,1
3562036,1
3562037,1
3562038,1
3562039,1
3562040,1
3562041,1
3562042,1
3562043,1
3562044,1
3562045,1
3562046,1
3562047,1
3562048,1
3562049,1
3562050,1
3562051,1
3562052,1
3562053,1
3562054,1
3562055,1
3562056,1
3562057,1
3562058,1
3562059,1
3562060,1
3562061,1
3562062,1
3562063,1
3562064,1
3562065,1
3562066,1
3562067,1
3562068,1
3562069,1
3562070,1
3562071,1
3562072,1
3562073,1
3562074,1
3562075,1
3562076,1
3562077,1
3562078,1
3562079,1
3562080,1
3562081,1
3562082,1
3562083,1
3562084,1
3562085,1
3562086,1
3562087,1
3562088,1
3562089,1
3562090,1
3562091,1
3562092,1
3562093,1
3562094,1
3562095,1
3562096,1
3562097,1
3562098,1
3562099,1
3562100,1
3562139,1
3562141,1
3562162,1
3562163,1
3562235,1
3562236,1
3562260,1
3562261,1
3562262,1
3562274,1
3562275,1
3562276,1
3562283,1
3562284,1
3562285,1
3562286,1
3562287,1
3562288,1
3562289,1
3562290,1
3562291,1
3562292,1
3562293,1
3562294,1
3562295,1
3562296,1
3562297,1
3562298,1
3562299,1
3562300,1
3562301,1
3562302,1
3562303,1
3562304,1
3562305,1
3562306,1
3562307,1
3562308,1
3562309,1
3562310,1
3562311,1
3562312,1
3562313,1
3562314,1
3562315,1
3562316,1
3562317,1
3562318,1
3562413,1
3562422,1
3562423,1
3562424,1
3562425,1
3562429,1
3562430,1
3562436,1
3562437,1
3562438,1
3562439,1
3562440,1
3562441,1
3562482,1
3562483,1
3562484,1
3562485,1
3562486,1
3562492,1
3562493,1
3562697,1
3562698,1
3565599,1
3565600,1
3565605,1
3565606,1
3565607,1
3565608,1
3565609,1
3565610,1
3565637,1
3565638,1
3565639,1
3565640,1
3565641,1
3565642,1
3565643,1
3565644,1
3565645,1
3565646,1
3565647,1
3565648,1
3565649,1
3565650,1
3565651,1
3565652,1
3565653,1
3565654,1
3565655,1
3565656,1
3565657,1
3565658,1
3565659,1
3565660,1
3565661,1
3565662,1
3565663,1
3565664,1
3565665,1
3565666,1
3565667,1
3565668,1
3565669,1
3565670,1
3565671,1
3565672,1
3565673,1
3565674,1
3565675,1
3565676,1
3565677,1
3565678,1
3565679,1
3565680,1
3565681,1
3565682,1
3565683,1
3565684,1
3565685,1
3565686,1
3565687,1
3565688,1
3565689,1
3565690,1
3565691,1
3565692,1
3565693,1
3565694,1
3565695,1
3565696,1
3565697,1
3565698,1
3565699,1
3565700,1
3565701,1
3565702,1
3565703,1
3565704,1
3565705,1
3565706,1
3565707,1
3565708,1
3565709,1
3565710,1
3565711,1
3565712,1
3565713,1
3565714,1
3565715,1
3565716,1
3565717,1
3565756,1
3565758,1
3565763,1
3565764,1
3565851,1
3565852,1
3565853,1
3565889,1
3565890,1
3565891,1
3565892,1
3565893,1
3565899,1
3565900,1
3565901,1
3565902,1
3565903,1
3565904,1
3565905,1
3565906,1
3565907,1
3565908,1
3565909,1
3565910,1
3565911,1
3565912,1
3565913,1
3565914,1
3565915,1
3565916,1
3565917,1
3565918,1
3565919,1
3565920,1
3565921,1
3565922,1
3565923,1
3565924,1
3565925,1
3565926,1
3565927,1
3565928,1
3565929,1
3565930,1
3565931,1
3565932,1
3565933,1
3565934,1
3565935,1
3565936,1
3566030,1
3566031,1
3566046,1
3566047,1
3566048,1
3566049,1
3566050,1
3566051,1
3566052,1
3566053,1
3566054,1
3566055,1
3566056,1
3566057,1
3566099,1
3566100,1
3566101,1
3566102,1
3566103,1
3566110,1
3566111,1
3566112,1
3566314,1
3566315,1
3569222,1
3569223,1
3569224,1
3569225,1
3569226,1
3569227,1
3569254,1
3569255,1
3569256,1
3569257,1
3569258,1
3569259,1
3569260,1
3569261,1
3569262,1
3569263,1
3569264,1
3569265,1
3569266,1
3569267,1
3569268,1
3569269,1
3569270,1
3569271,1
3569272,1
3569273,1
3569274,1
3569275,1
3569276,1
3569280,1
3569281,1
3569282,1
3569283,1
3569284,1
3569285,1
3569286,1
3569287,1
3569288,1
3569289,1
3569290,1
3569291,1
3569292,1
3569293,1
3569294,1
3569295,1
3569296,1
3569297,1
3569298,1
3569299,1
3569300,1
3569301,1
3569302,1
3569303,1
3569304,1
3569305,1
3569306,1
3569307,1
3569308,1
3569309,1
3569310,1
3569311,1
3569312,1
3569313,1
3569314,1
3569315,1
3569316,1
3569317,1
3569318,1
3569319,1
3569320,1
3569321,1
3569322,1
3569323,1
3569324,1
3569325,1
3569326,1
3569327,1
3569328,1
3569329,1
3569330,1
3569331,1
3569332,1
3569333,1
3569373,1
3569375,1
3569379,1
3569380,1
3569381,1
3569382,1
3569383,1
3569504,1
3569505,1
3569506,1
3569507,1
3569508,1
3569509,1
3569510,1
3569515,1
3569516,1
3569518,1
3569519,1
3569520,1
3569521,1
3569522,1
3569523,1
3569524,1
3569525,1
3569526,1
3569527,1
3569528,1
3569529,1
3569530,1
3569531,1
3569532,1
3569533,1
3569534,1
3569535,1
3569536,1
3569537,1
3569538,1
3569539,1
3569540,1
3569541,1
3569542,1
3569543,1
3569544,1
3569545,1
3569546,1
3569547,1
3569548,1
3569549,1
3569550,1
3569551,1
3569552,1
3569553,1
3569648,1
3569716,1
3569717,1
3569718,1
3569719,1
3569720,1
3569728,1
3569729,1
3572837,1
3572838,1
3572839,1
3572840,1
3572841,1
3572842,1
3572872,1
3572873,1
3572874,1
3572875,1
3572876,1
3572877,1
3572878,1
3572879,1
3572880,1
3572881,1
3572882,1
3572883,1
3572884,1
3572885,1
3572886,1
3572887,1
3572888,1
3572889,1
3572890,1
3572891,1
3572892,1
3572897,1
3572898,1
3572899,1
3572900,1
3572901,1
3572902,1
3572903,1
3572904,1
3572905,1
3572906,1
3572907,1
3572908,1
3572909,1
3572910,1
3572911,1
3572912,1
3572913,1
3572914,1
3572915,1
3572916,1
3572917,1
3572918,1
3572919,1
3572920,1
3572921,1
3572922,1
3572923,1
3572924,1
3572925,1
3572926,1
3572927,1
3572928,1
3572929,1
3572930,1
3572931,1
3572932,1
3572933,1
3572934,1
3572935,1
3572936,1
3572937,1
3572938,1
3572939,1
3572940,1
3572941,1
3572942,1
3572943,1
3572944,1
3572945,1
3572946,1
3572947,1
3572948,1
3572949,1
3572973,1
3572974,1
3572989,1
3572990,1
3572991,1
3572995,1
3572996,1
3572997,1
3572998,1
3572999,1
3573119,1
3573120,1
3573121,1
3573122,1
3573123,1
3573124,1
3573125,1
3573126,1
3573132,1
3573134,1
3573135,1
3573136,1
3573137,1
3573138,1
3573139,1
3573140,1
3573141,1
3573142,1
3573143,1
3573144,1
3573145,1
3573146,1
3573147,1
3573148,1
3573149,1
3573150,1
3573151,1
3573152,1
3573153,1
3573154,1
3573155,1
3573156,1
3573157,1
3573158,1
3573159,1
3573160,1
3573161,1
3573162,1
3573163,1
3573164,1
3573165,1
3573166,1
3573167,1
3573168,1
3573169,1
3573170,1
3573171,1
3573264,1
3573265,1
3573334,1
3573335,1
3573336,1
3573345,1
3573346,1
3573347,1
3573350,1
3573351,1
3576454,1
3576456,1
3576457,1
3576458,1
3576459,1
3576489,1
3576490,1
3576491,1
3576492,1
3576493,1
3576494,1
3576495,1
3576496,1
3576497,1
3576498,1
3576499,1
3576500,1
3576501,1
3576502,1
3576503,1
3576504,1
3576505,1
3576506,1
3576507,1
3576508,1
3576509,1
3576514,1
3576515,1
3576516,1
3576517,1
3576518,1
3576519,1
3576520,1
3576521,1
3576522,1
3576523,1
3576524,1
3576525,1
3576526,1
3576527,1
3576528,1
3576529,1
3576530,1
3576531,1
3576532,1
3576533,1
3576534,1
3576535,1
3576536,1
3576537,1
3576538,1
3576539,1
3576540,1
3576541,1
3576542,1
3576543,1
3576544,1
3576545,1
3576546,1
3576547,1
3576548,1
3576549,1
3576550,1
3576551,1
3576552,1
3576553,1
3576554,1
3576555,1
3576556,1
3576557,1
3576558,1
3576559,1
3576560,1
3576561,1
3576562,1
3576563,1
3576564,1
3576565,1
3576566,1
3576585,1
3576586,1
3576587,1
3576588,1
3576589,1
3576590,1
3576591,1
3576592,1
3576605,1
3576606,1
3576607,1
3576612,1
3576613,1
3576614,1
3576615,1
3576669,1
3576697,1
3576718,1
3576719,1
3576735,1
3576736,1
3576737,1
3576738,1
3576739,1
3576740,1
3576741,1
3576742,1
3576743,1
3576748,1
3576749,1
3576750,1
3576751,1
3576752,1
3576753,1
3576754,1
3576755,1
3576756,1
3576757,1
3576758,1
3576759,1
3576760,1
3576761,1
3576762,1
3576763,1
3576764,1
3576765,1
3576766,1
3576767,1
3576768,1
3576769,1
3576770,1
3576771,1
3576772,1
3576773,1
3576774,1
3576775,1
3576776,1
3576777,1
3576778,1
3576779,1
3576780,1
3576781,1
3576782,1
3576783,1
3576784,1
3576785,1
3576786,1
3576787,1
3576788,1
3576789,1
3576881,1
3576882,1
3576952,1
3576953,1
3576954,1
3576962,1
3576963,1
3576964,1
3576965,1
3576966,1
3576967,1
3576968,1
3576969,1
3576970,1
3580070,1
3580071,1
3580072,1
3580073,1
3580074,1
3580075,1
3580106,1
3580107,1
3580108,1
3580109,1
3580110,1
3580111,1
3580112,1
3580113,1
3580114,1
3580115,1
3580116,1
3580117,1
3580118,1
3580119,1
3580120,1
3580121,1
3580122,1
3580123,1
3580124,1
3580125,1
3580126,1
3580132,1
3580133,1
3580134,1
3580137,1
3580138,1
3580139,1
3580140,1
3580141,1
3580142,1
3580143,1
3580144,1
3580145,1
3580146,1
3580147,1
3580148,1
3580149,1
3580150,1
3580151,1
3580152,1
3580153,1
3580154,1
3580155,1
3580156,1
3580157,1
3580158,1
3580159,1
3580160,1
3580161,1
3580162,1
3580163,1
3580164,1
3580165,1
3580166,1
3580167,1
3580168,1
3580169,1
3580170,1
3580171,1
3580172,1
3580173,1
3580174,1
3580175,1
3580176,1
3580177,1
3580178,1
3580179,1
3580180,1
3580181,1
3580182,1
3580183,1
3580202,1
3580203,1
3580204,1
3580205,1
3580206,1
3580207,1
3580208,1
3580209,1
3580222,1
3580223,1
3580224,1
3580229,1
3580230,1
3580231,1
3580232,1
3580286,1
3580314,1
3580315,1
3580334,1
3580335,1
3580336,1
3580352,1
3580353,1
3580354,1
3580355,1
3580356,1
3580357,1
3580358,1
3580359,1
3580360,1
3580364,1
3580365,1
3580366,1
3580367,1
3580368,1
3580369,1
3580370,1
3580371,1
3580372,1
3580373,1
3580374,1
3580375,1
3580376,1
3580377,1
3580378,1
3580379,1
3580380,1
3580381,1
3580382,1
3580383,1
3580384,1
3580385,1
3580386,1
3580387,1
3580388,1
3580389,1
3580390,1
3580391,1
3580392,1
3580393,1
3580394,1
3580395,1
3580396,1
3580397,1
3580398,1
3580399,1
3580400,1
3580401,1
3580402,1
3580403,1
3580404,1
3580405,1
3580498,1
3580499,1
3580568,1
3580569,1
3580570,1
3580571,1
3580572,1
3580579,1
3580580,1
3580581,1
3580582,1
3580583,1
3580586,1
3580587,1
3583688,1
3583723,1
3583724,1
3583725,1
3583726,1
3583727,1
3583728,1
3583729,1
3583730,1
3583731,1
3583732,1
3583733,1
3583734,1
3583735,1
3583736,1
3583737,1
3583738,1
3583739,1
3583740,1
3583741,1
3583742,1
3583754,1
3583755,1
3583756,1
3583757,1
3583758,1
3583759,1
3583760,1
3583761,1
3583762,1
3583763,1
3583764,1
3583765,1
3583766,1
3583767,1
3583768,1
3583769,1
3583770,1
3583771,1
3583772,1
3583773,1
3583774,1
3583775,1
3583776,1
3583777,1
3583778,1
3583779,1
3583780,1
3583781,1
3583782,1
3583783,1
3583784,1
3583785,1
3583786,1
3583787,1
3583788,1
3583789,1
3583790,1
3583791,1
3583792,1
3583793,1
3583794,1
3583795,1
3583796,1
3583797,1
3583798,1
3583799,1
3583800,1
3583819,1
3583820,1
3583821,1
3583822,1
3583823,1
3583824,1
3583825,1
3583826,1
3583827,1
3583828,1
3583829,1
3583839,1
3583840,1
3583841,1
3583844,1
3583845,1
3583846,1
3583847,1
3583848,1
3583849,1
3583931,1
3583932,1
3583951,1
3583953,1
3583968,1
3583969,1
3583970,1
3583971,1
3583972,1
3583973,1
3583974,1
3583975,1
3583976,1
3583981,1
3583982,1
3583984,1
3583985,1
3583986,1
3583987,1
3583988,1
3583989,1
3583990,1
3583991,1
3583992,1
3583993,1
3583994,1
3583995,1
3583996,1
3583997,1
3583998,1
3583999,1
3584000,1
3584001,1
3584002,1
3584003,1
3584004,1
3584005,1
3584006,1
3584007,1
3584008,1
3584009,1
3584010,1
3584011,1
3584012,1
3584013,1
3584014,1
3584015,1
3584016,1
3584017,1
3584018,1
3584019,1
3584020,1
3584021,1
3584022,1
3584023,1
3584106,1
3584107,1
3584108,1
3584109,1
3584110,1
3584111,1
3584112,1
3584113,1
3584114,1
3584115,1
3584186,1
3584187,1
3584188,1
3584189,1
3584195,1
3584196,1
3584197,1
3584198,1
3584199,1
3584200,1
3584204,1
3584205,1
3587306,1
3587307,1
3587308,1
3587310,1
3587311,1
3587312,1
3587313,1
3587314,1
3587343,1
3587345,1
3587346,1
3587347,1
3587348,1
3587350,1
3587351,1
3587352,1
3587353,1
3587354,1
3587355,1
3587356,1
3587357,1
3587358,1
3587359,1
3587374,1
3587375,1
3587376,1
3587377,1
3587378,1
3587379,1
3587380,1
3587381,1
3587382,1
3587383,1
3587384,1
3587385,1
3587386,1
3587387,1
3587388,1
3587389,1
3587390,1
3587391,1
3587392,1
3587393,1
3587394,1
3587395,1
3587396,1
3587397,1
3587398,1
3587399,1
3587400,1
3587401,1
3587402,1
3587403,1
3587404,1
3587405,1
3587408,1
3587409,1
3587410,1
3587411,1
3587412,1
3587413,1
3587414,1
3587415,1
3587416,1
3587417,1
3587437,1
3587438,1
3587439,1
3587440,1
3587441,1
3587442,1
3587443,1
3587444,1
3587445,1
3587446,1
3587461,1
3587462,1
3587463,1
3587464,1
3587465,1
3587466,1
3587467,1
3587476,1
3587548,1
3587549,1
3587568,1
3587569,1
3587570,1
3587585,1
3587586,1
3587587,1
3587588,1
3587589,1
3587590,1
3587591,1
3587592,1
3587593,1
3587594,1
3587595,1
3587597,1
3587598,1
3587599,1
3587600,1
3587601,1
3587602,1
3587603,1
3587604,1
3587605,1
3587606,1
3587607,1
3587608,1
3587609,1
3587610,1
3587611,1
3587612,1
3587613,1
3587614,1
3587615,1
3587616,1
3587617,1
3587618,1
3587619,1
3587620,1
3587621,1
3587622,1
3587623,1
3587624,1
3587625,1
3587626,1
3587627,1
3587628,1
3587629,1
3587630,1
3587631,1
3587632,1
3587633,1
3587634,1
3587635,1
3587636,1
3587637,1
3587638,1
3587639,1
3587641,1
3587723,1
3587729,1
3587731,1
3587732,1
3587804,1
3587805,1
3587806,1
3587807,1
3587811,1
3587812,1
3587813,1
3587814,1
3587815,1
3587816,1
3587817,1
3587822,1
3587823,1
3590923,1
3590924,1
3590925,1
3590926,1
3590927,1
3590928,1
3590929,1
3590930,1
3590931,1
3590932,1
3590974,1
3590975,1
3590997,1
3590998,1
3591012,1
3591013,1
3591014,1
3591015,1
3591016,1
3591017,1
3591018,1
3591019,1
3591020,1
3591021,1
3591022,1
3591025,1
3591027,1
3591028,1
3591029,1
3591030,1
3591031,1
3591032,1
3591033,1
3591055,1
3591056,1
3591057,1
3591058,1
3591059,1
3591060,1
3591061,1
3591062,1
3591076,1
3591077,1
3591078,1
3591079,1
3591081,1
3591082,1
3591083,1
3591084,1
3591092,1
3591093,1
3591161,1
3591162,1
3591185,1
3591186,1
3591187,1
3591190,1
3591191,1
3591192,1
3591202,1
3591203,1
3591204,1
3591205,1
3591206,1
3591207,1
3591208,1
3591209,1
3591210,1
3591211,1
3591213,1
3591214,1
3591215,1
3591216,1
3591217,1
3591218,1
3591219,1
3591220,1
3591221,1
3591222,1
3591223,1
3591224,1
3591225,1
3591226,1
3591227,1
3591228,1
3591229,1
3591230,1
3591231,1
3591232,1
3591233,1
3591234,1
3591235,1
3591236,1
3591237,1
3591238,1
3591239,1
3591240,1
3591241,1
3591242,1
3591243,1
3591244,1
3591245,1
3591246,1
3591247,1
3591248,1
3591249,1
3591250,1
3591251,1
3591252,1
3591253,1
3591254,1
3591255,1
3591340,1
3591341,1
3591423,1
3591424,1
3591425,1
3591426,1
3591427,1
3591428,1
3591429,1
3591430,1
3591431,1
3591432,1
3591433,1
3591434,1
3591435,1
3591436,1
3591441,1
3594541,1
3594542,1
3594544,1
3594545,1
3594546,1
3594549,1
3594550,1
3594551,1
3594552,1
3594553,1
3594614,1
3594615,1
3594629,1
3594630,1
3594631,1
3594632,1
3594633,1
3594634,1
3594635,1
3594636,1
3594637,1
3594638,1
3594639,1
3594640,1
3594641,1
3594643,1
3594645,1
3594646,1
3594647,1
3594648,1
3594649,1
3594650,1
3594667,1
3594668,1
3594669,1
3594670,1
3594673,1
3594674,1
3594675,1
3594676,1
3594692,1
3594693,1
3594694,1
3594695,1
3594696,1
3594698,1
3594699,1
3594700,1
3594772,1
3594773,1
3594774,1
3594778,1
3594779,1
3594801,1
3594802,1
3594803,1
3594804,1
3594805,1
3594806,1
3594807,1
3594808,1
3594818,1
3594819,1
3594820,1
3594821,1
3594822,1
3594823,1
3594824,1
3594825,1
3594826,1
3594827,1
3594828,1
3594829,1
3594830,1
3594831,1
3594832,1
3594833,1
3594834,1
3594835,1
3594836,1
3594837,1
3594838,1
3594839,1
3594840,1
3594841,1
3594842,1
3594843,1
3594844,1
3594845,1
3594846,1
3594847,1
3594848,1
3594849,1
3594850,1
3594851,1
3594852,1
3594853,1
3594854,1
3594855,1
3594856,1
3594857,1
3594858,1
3594859,1
3594860,1
3594861,1
3594862,1
3594863,1
3594864,1
3594865,1
3594866,1
3594867,1
3594868,1
3594869,1
3594870,1
3594871,1
3594872,1
3594873,1
3594957,1
3594958,1
3595041,1
3595042,1
3595043,1
3595045,1
3595046,1
3595047,1
3595048,1
3595052,1
3595053,1
3595058,1
3595059,1
3598158,1
3598159,1
3598160,1
3598161,1
3598162,1
3598163,1
3598166,1
3598167,1
3598168,1
3598169,1
3598231,1
3598243,1
3598245,1
3598246,1
3598247,1
3598248,1
3598249,1
3598250,1
3598251,1
3598252,1
3598253,1
3598254,1
3598255,1
3598256,1
3598257,1
3598258,1
3598259,1
3598260,1
3598261,1
3598262,1
3598263,1
3598264,1
3598265,1
3598266,1
3598267,1
3598284,1
3598285,1
3598286,1
3598287,1
3598290,1
3598291,1
3598292,1
3598293,1
3598309,1
3598310,1
3598312,1
3598313,1
3598315,1
3598316,1
3598317,1
3598389,1
3598391,1
3598395,1
3598418,1
3598419,1
3598420,1
3598421,1
3598422,1
3598423,1
3598424,1
3598425,1
3598434,1
3598435,1
3598436,1
3598437,1
3598438,1
3598439,1
3598440,1
3598441,1
3598442,1
3598443,1
3598444,1
3598445,1
3598446,1
3598447,1
3598448,1
3598449,1
3598450,1
3598451,1
3598452,1
3598453,1
3598454,1
3598455,1
3598456,1
3598457,1
3598458,1
3598459,1
3598460,1
3598461,1
3598462,1
3598463,1
3598464,1
3598465,1
3598466,1
3598467,1
3598468,1
3598469,1
3598470,1
3598471,1
3598472,1
3598473,1
3598474,1
3598475,1
3598476,1
3598477,1
3598478,1
3598479,1
3598480,1
3598481,1
3598482,1
3598483,1
3598484,1
3598485,1
3598486,1
3598487,1
3598488,1
3598489,1
3598490,1
3598575,1
3598658,1
3598659,1
3598662,1
3598663,1
3598664,1
3598665,1
3598669,1
3598670,1
3598671,1
3598675,1
3598676,1
3601785,1
3601848,1
3601852,1
3601857,1
3601858,1
3601859,1
3601860,1
3601861,1
3601862,1
3601863,1
3601864,1
3601868,1
3601869,1
3601870,1
3601871,1
3601872,1
3601873,1
3601874,1
3601875,1
3601876,1
3601877,1
3601878,1
3601880,1
3601881,1
3601882,1
3601883,1
3601885,1
3601901,1
3601902,1
3601903,1
3601904,1
3601905,1
3601926,1
3601927,1
3601928,1
3601929,1
3601935,1
3601936,1
3602006,1
3602008,1
3602034,1
3602035,1
3602039,1
3602041,1
3602051,1
3602052,1
3602053,1
3602054,1
3602055,1
3602056,1
3602057,1
3602058,1
3602059,1
3602060,1
3602061,1
3602062,1
3602063,1
3602064,1
3602065,1
3602066,1
3602067,1
3602068,1
3602069,1
3602070,1
3602071,1
3602072,1
3602073,1
3602074,1
3602075,1
3602076,1
3602077,1
3602078,1
3602079,1
3602080,1
3602081,1
3602082,1
3602083,1
3602084,1
3602085,1
3602086,1
3602087,1
3602088,1
3602089,1
3602090,1
3602091,1
3602092,1
3602093,1
3602094,1
3602095,1
3602096,1
3602097,1
3602098,1
3602099,1
3602100,1
3602101,1
3602102,1
3602103,1
3602104,1
3602105,1
3602106,1
3602107,1
3602108,1
3602109,1
3602110,1
3602192,1
3602193,1
3602276,1
3602277,1
3602278,1
3602279,1
3602286,1
3602287,1
3602288,1
3602293,1
3602490,1
3602491,1
3605401,1
3605402,1
3605467,1
3605468,1
3605469,1
3605470,1
3605471,1
3605472,1
3605473,1
3605474,1
3605475,1
3605476,1
3605477,1
3605478,1
3605479,1
3605480,1
3605481,1
3605482,1
3605483,1
3605484,1
3605485,1
3605486,1
3605487,1
3605488,1
3605489,1
3605490,1
3605495,1
3605496,1
3605497,1
3605498,1
3605501,1
3605518,1
3605519,1
3605520,1
3605521,1
3605522,1
3605545,1
3605546,1
3605547,1
3605548,1
3605549,1
3605552,1
3605553,1
3605554,1
3605555,1
3605621,1
3605622,1
3605623,1
3605624,1
3605625,1
3605650,1
3605651,1
3605652,1
3605654,1
3605655,1
3605656,1
3605657,1
3605658,1
3605668,1
3605669,1
3605670,1
3605671,1
3605672,1
3605673,1
3605674,1
3605675,1
3605676,1
3605677,1
3605678,1
3605679,1
3605680,1
3605681,1
3605682,1
3605683,1
3605684,1
3605685,1
3605686,1
3605687,1
3605688,1
3605689,1
3605690,1
3605691,1
3605692,1
3605693,1
3605694,1
3605695,1
3605696,1
3605697,1
3605698,1
3605699,1
3605700,1
3605701,1
3605702,1
3605703,1
3605704,1
3605705,1
3605706,1
3605707,1
3605708,1
3605709,1
3605710,1
3605711,1
3605712,1
3605713,1
3605714,1
3605715,1
3605716,1
3605717,1
3605718,1
3605719,1
3605720,1
3605721,1
3605722,1
3605723,1
3605724,1
3605809,1
3605810,1
3605892,1
3605893,1
3605905,1
3605906,1
3605910,1
3605911,1
3605912,1
3605913,1
3605914,1
3605915,1
3605916,1
3605917,1
3605918,1
3606107,1
3606108,1
3609018,1
3609019,1
3609084,1
3609085,1
3609086,1
3609087,1
3609088,1
3609089,1
3609090,1
3609091,1
3609092,1
3609093,1
3609094,1
3609095,1
3609096,1
3609097,1
3609098,1
3609099,1
3609100,1
3609101,1
3609102,1
3609103,1
3609104,1
3609105,1
3609106,1
3609130,1
3609131,1
3609132,1
3609133,1
3609135,1
3609136,1
3609137,1
3609162,1
3609163,1
3609164,1
3609166,1
3609171,1
3609172,1
3609173,1
3609174,1
3609240,1
3609266,1
3609268,1
3609271,1
3609272,1
3609273,1
3609274,1
3609284,1
3609285,1
3609286,1
3609287,1
3609288,1
3609289,1
3609290,1
3609291,1
3609292,1
3609293,1
3609294,1
3609295,1
3609296,1
3609297,1
3609298,1
3609299,1
3609300,1
3609301,1
3609302,1
3609303,1
3609304,1
3609305,1
3609306,1
3609307,1
3609308,1
3609309,1
3609310,1
3609311,1
3609312,1
3609313,1
3609314,1
3609315,1
3609316,1
3609317,1
3609318,1
3609319,1
3609320,1
3609321,1
3609322,1
3609323,1
3609324,1
3609325,1
3609326,1
3609327,1
3609328,1
3609329,1
3609330,1
3609331,1
3609332,1
3609333,1
3609334,1
3609335,1
3609336,1
3609337,1
3609338,1
3609339,1
3609340,1
3609341,1
3609342,1
3609426,1
3609427,1
3609428,1
3609508,1
3609509,1
3609510,1
3609523,1
3609524,1
3609530,1
3609531,1
3609532,1
3609533,1
3609534,1
3609535,1
3609536,1
3609537,1
3612635,1
3612636,1
3612637,1
3612700,1
3612701,1
3612702,1
3612703,1
3612704,1
3612705,1
3612706,1
3612707,1
3612708,1
3612709,1
3612710,1
3612711,1
3612712,1
3612713,1
3612714,1
3612715,1
3612716,1
3612717,1
3612718,1
3612719,1
3612720,1
3612721,1
3612722,1
3612742,1
3612743,1
3612744,1
3612746,1
3612747,1
3612748,1
3612749,1
3612750,1
3612751,1
3612781,1
3612782,1
3612783,1
3612786,1
3612790,1
3612880,1
3612881,1
3612882,1
3612883,1
3612884,1
3612888,1
3612889,1
3612890,1
3612902,1
3612903,1
3612904,1
3612905,1
3612906,1
3612907,1
3612908,1
3612909,1
3612910,1
3612911,1
3612912,1
3612913,1
3612914,1
3612915,1
3612916,1
3612917,1
3612918,1
3612919,1
3612920,1
3612921,1
3612922,1
3612923,1
3612924,1
3612925,1
3612926,1
3612927,1
3612928,1
3612929,1
3612930,1
3612931,1
3612932,1
3612933,1
3612934,1
3612935,1
3612936,1
3612937,1
3612938,1
3612939,1
3612940,1
3612941,1
3612942,1
3612943,1
3612944,1
3612945,1
3612946,1
3612947,1
3612948,1
3612949,1
3612950,1
3612951,1
3612952,1
3612953,1
3612954,1
3612955,1
3612960,1
3613043,1
3613044,1
3613045,1
3613046,1
3613125,1
3613126,1
3613127,1
3613141,1
3613142,1
3613143,1
3613144,1
3613145,1
3613147,1
3613149,1
3613150,1
3613151,1
3613152,1
3613154,1
3613155,1
3613157,1
3613356,1
3613357,1
3616252,1
3616253,1
3616254,1
3616255,1
3616256,1
3616257,1
3616258,1
3616259,1
3616260,1
3616261,1
3616317,1
3616318,1
3616319,1
3616320,1
3616321,1
3616322,1
3616323,1
3616324,1
3616325,1
3616326,1
3616327,1
3616328,1
3616329,1
3616330,1
3616331,1
3616332,1
3616333,1
3616334,1
3616335,1
3616336,1
3616337,1
3616338,1
3616339,1
3616359,1
3616360,1
3616361,1
3616363,1
3616364,1
3616365,1
3616366,1
3616367,1
3616368,1
3616399,1
3616400,1
3616403,1
3616407,1
3616454,1
3616455,1
3616461,1
3616462,1
3616463,1
3616484,1
3616485,1
3616486,1
3616496,1
3616497,1
3616499,1
3616500,1
3616505,1
3616506,1
3616507,1
3616518,1
3616519,1
3616520,1
3616521,1
3616522,1
3616523,1
3616524,1
3616525,1
3616526,1
3616527,1
3616528,1
3616529,1
3616530,1
3616531,1
3616532,1
3616533,1
3616534,1
3616535,1
3616536,1
3616537,1
3616538,1
3616539,1
3616540,1
3616541,1
3616542,1
3616543,1
3616544,1
3616545,1
3616546,1
3616547,1
3616548,1
3616549,1
3616550,1
3616551,1
3616552,1
3616553,1
3616554,1
3616555,1
3616556,1
3616557,1
3616558,1
3616559,1
3616560,1
3616561,1
3616562,1
3616563,1
3616564,1
3616565,1
3616566,1
3616567,1
3616568,1
3616569,1
3616570,1
3616577,1
3616661,1
3616662,1
3616663,1
3616742,1
3616743,1
3616744,1
3616753,1
3616758,1
3616759,1
3616760,1
3616761,1
3616762,1
3616763,1
3616764,1
3616765,1
3616766,1
3616767,1
3616768,1
3616769,1
3616770,1
3616772,1
3616773,1
3616774,1
3616973,1
3616974,1
3619870,1
3619871,1
3619872,1
3619873,1
3619874,1
3619875,1
3619876,1
3619877,1
3619878,1
3619879,1
3619880,1
3619881,1
3619934,1
3619935,1
3619936,1
3619937,1
3619938,1
3619939,1
3619940,1
3619941,1
3619942,1
3619943,1
3619944,1
3619945,1
3619946,1
3619947,1
3619948,1
3619949,1
3619950,1
3619951,1
3619952,1
3619953,1
3619977,1
3619978,1
3619979,1
3619980,1
3619981,1
3619982,1
3619983,1
3619984,1
3619985,1
3619986,1
3620023,1
3620069,1
3620070,1
3620071,1
3620072,1
3620078,1
3620080,1
3620101,1
3620102,1
3620103,1
3620113,1
3620114,1
3620115,1
3620116,1
3620122,1
3620123,1
3620136,1
3620137,1
3620138,1
3620139,1
3620140,1
3620141,1
3620142,1
3620143,1
3620144,1
3620145,1
3620146,1
3620147,1
3620148,1
3620149,1
3620150,1
3620151,1
3620152,1
3620153,1
3620154,1
3620155,1
3620156,1
3620157,1
3620158,1
3620159,1
3620160,1
3620161,1
3620162,1
3620163,1
3620164,1
3620165,1
3620166,1
3620167,1
3620168,1
3620169,1
3620170,1
3620171,1
3620172,1
3620173,1
3620174,1
3620175,1
3620176,1
3620177,1
3620178,1
3620179,1
3620180,1
3620181,1
3620182,1
3620183,1
3620184,1
3620185,1
3620186,1
3620196,1
3620250,1
3620279,1
3620280,1
3620281,1
3620369,1
3620370,1
3620371,1
3620380,1
3620381,1
3620382,1
3620383,1
3620384,1
3620385,1
3620386,1
3620387,1
3620391,1
3620392,1
3620590,1
3620591,1
3623496,1
3623497,1
3623498,1
3623499,1
3623511,1
3623552,1
3623553,1
3623554,1
3623555,1
3623556,1
3623557,1
3623558,1
3623559,1
3623560,1
3623561,1
3623562,1
3623564,1
3623565,1
3623566,1
3623567,1
3623568,1
3623594,1
3623595,1
3623596,1
3623597,1
3623606,1
3623607,1
3623681,1
3623682,1
3623683,1
3623684,1
3623685,1
3623690,1
3623691,1
3623695,1
3623696,1
3623697,1
3623698,1
3623719,1
3623721,1
3623722,1
3623730,1
3623731,1
3623732,1
3623733,1
3623738,1
3623739,1
3623752,1
3623753,1
3623754,1
3623755,1
3623756,1
3623757,1
3623758,1
3623759,1
3623760,1
3623761,1
3623762,1
3623763,1
3623764,1
3623765,1
3623766,1
3623767,1
3623768,1
3623769,1
3623770,1
3623771,1
3623772,1
3623773,1
3623774,1
3623775,1
3623776,1
3623777,1
3623778,1
3623779,1
3623780,1
3623781,1
3623782,1
3623783,1
3623784,1
3623785,1
3623786,1
3623787,1
3623788,1
3623789,1
3623790,1
3623791,1
3623792,1
3623793,1
3623794,1
3623795,1
3623796,1
3623797,1
3623798,1
3623799,1
3623800,1
3623801,1
3623864,1
3623866,1
3623867,1
3623870,1
3623897,1
3623898,1
3623899,1
3623985,1
3623988,1
3623989,1
3624000,1
3624001,1
3624002,1
3624003,1
3624004,1
3624005,1
3624006,1
3624009,1
3624010,1
3627116,1
3627117,1
3627119,1
3627125,1
3627126,1
3627127,1
3627130,1
3627131,1
3627132,1
3627133,1
3627171,1
3627172,1
3627173,1
3627183,1
3627184,1
3627211,1
3627212,1
3627274,1
3627275,1
3627297,1
3627308,1
3627312,1
3627313,1
3627334,1
3627335,1
3627336,1
3627338,1
3627339,1
3627340,1
3627346,1
3627347,1
3627348,1
3627349,1
3627354,1
3627355,1
3627369,1
3627370,1
3627371,1
3627372,1
3627373,1
3627374,1
3627375,1
3627376,1
3627377,1
3627378,1
3627379,1
3627380,1
3627381,1
3627382,1
3627383,1
3627384,1
3627385,1
3627386,1
3627387,1
3627388,1
3627389,1
3627390,1
3627391,1
3627392,1
3627393,1
3627394,1
3627395,1
3627396,1
3627397,1
3627398,1
3627399,1
3627400,1
3627401,1
3627402,1
3627403,1
3627404,1
3627405,1
3627406,1
3627407,1
3627408,1
3627409,1
3627410,1
3627411,1
3627412,1
3627413,1
3627414,1
3627415,1
3627416,1
3627417,1
3627418,1
3627478,1
3627479,1
3627480,1
3627481,1
3627483,1
3627484,1
3627485,1
3627486,1
3627514,1
3627515,1
3627516,1
3627517,1
3627602,1
3627603,1
3627606,1
3627622,1
3627623,1
3627627,1
3627628,1
3630735,1
3630736,1
3630737,1
3630738,1
3630739,1
3630740,1
3630741,1
3630742,1
3630743,1
3630744,1
3630745,1
3630746,1
3630747,1
3630748,1
3630749,1
3630750,1
3630751,1
3630752,1
3630753,1
3630801,1
3630802,1
3630891,1
3630892,1
3630913,1
3630914,1
3630922,1
3630923,1
3630924,1
3630925,1
3630951,1
3630954,1
3630955,1
3630956,1
3630957,1
3630963,1
3630964,1
3630965,1
3630966,1
3630970,1
3630971,1
3630986,1
3630987,1
3630988,1
3630989,1
3630990,1
3630991,1
3630992,1
3630993,1
3630994,1
3630995,1
3630996,1
3630997,1
3630998,1
3630999,1
3631000,1
3631001,1
3631002,1
3631003,1
3631004,1
3631005,1
3631006,1
3631007,1
3631008,1
3631009,1
3631010,1
3631011,1
3631012,1
3631013,1
3631014,1
3631015,1
3631016,1
3631017,1
3631018,1
3631019,1
3631020,1
3631021,1
3631022,1
3631023,1
3631024,1
3631025,1
3631026,1
3631027,1
3631028,1
3631029,1
3631030,1
3631031,1
3631032,1
3631033,1
3631034,1
3631094,1
3631095,1
3631096,1
3631097,1
3631098,1
3631099,1
3631100,1
3631101,1
3631102,1
3631103,1
3631104,1
3631106,1
3631107,1
3631131,1
3631132,1
3631133,1
3631134,1
3631219,1
3631222,1
3631223,1
3631224,1
3631225,1
3631226,1
3631240,1
3631241,1
3631245,1
3631246,1
3631247,1
3631260,1
3631261,1
3634353,1
3634355,1
3634356,1
3634357,1
3634358,1
3634359,1
3634360,1
3634361,1
3634362,1
3634363,1
3634364,1
3634365,1
3634366,1
3634367,1
3634368,1
3634369,1
3634370,1
3634371,1
3634372,1
3634373,1
3634418,1
3634530,1
3634533,1
3634538,1
3634539,1
3634568,1
3634571,1
3634572,1
3634580,1
3634581,1
3634582,1
3634583,1
3634587,1
3634603,1
3634604,1
3634605,1
3634606,1
3634607,1
3634608,1
3634609,1
3634610,1
3634611,1
3634612,1
3634613,1
3634614,1
3634615,1
3634616,1
3634617,1
3634618,1
3634619,1
3634620,1
3634621,1
3634622,1
3634623,1
3634624,1
3634625,1
3634626,1
3634627,1
3634628,1
3634629,1
3634630,1
3634631,1
3634632,1
3634633,1
3634634,1
3634635,1
3634636,1
3634637,1
3634638,1
3634639,1
3634640,1
3634641,1
3634642,1
3634643,1
3634644,1
3634645,1
3634646,1
3634647,1
3634648,1
3634649,1
3634650,1
3634673,1
3634711,1
3634712,1
3634713,1
3634714,1
3634715,1
3634716,1
3634717,1
3634718,1
3634719,1
3634720,1
3634721,1
3634722,1
3634723,1
3634724,1
3634725,1
3634749,1
3634750,1
3634751,1
3634752,1
3634753,1
3634836,1
3634837,1
3634839,1
3634840,1
3634841,1
3634844,1
3634845,1
3634846,1
3634847,1
3634858,1
3634859,1
3634863,1
3634864,1
3634865,1
3634866,1
3634868,1
3634869,1
3634870,1
3634877,1
3634878,1
3634879,1
3635053,1
3635054,1
3635055,1
3637969,1
3637971,1
3637972,1
3637973,1
3637974,1
3637975,1
3637976,1
3637977,1
3637978,1
3637979,1
3637980,1
3637981,1
3637982,1
3637983,1
3637984,1
3637985,1
3637986,1
3637987,1
3637988,1
3637989,1
3637990,1
3637991,1
3638035,1
3638041,1
3638042,1
3638147,1
3638149,1
3638150,1
3638151,1
3638152,1
3638153,1
3638154,1
3638155,1
3638160,1
3638161,1
3638162,1
3638185,1
3638188,1
3638197,1
3638198,1
3638199,1
3638200,1
3638202,1
3638203,1
3638204,1
3638220,1
3638221,1
3638222,1
3638223,1
3638224,1
3638225,1
3638226,1
3638227,1
3638228,1
3638229,1
3638230,1
3638231,1
3638232,1
3638233,1
3638234,1
3638235,1
3638236,1
3638237,1
3638238,1
3638239,1
3638240,1
3638241,1
3638242,1
3638243,1
3638244,1
3638245,1
3638246,1
3638247,1
3638248,1
3638249,1
3638250,1
3638251,1
3638252,1
3638253,1
3638254,1
3638255,1
3638256,1
3638257,1
3638258,1
3638259,1
3638260,1
3638261,1
3638262,1
3638263,1
3638264,1
3638265,1
3638266,1
3638267,1
3638328,1
3638329,1
3638330,1
3638331,1
3638332,1
3638333,1
3638334,1
3638335,1
3638336,1
3638337,1
3638338,1
3638339,1
3638340,1
3638341,1
3638342,1
3638343,1
3638344,1
3638345,1
3638346,1
3638368,1
3638369,1
3638370,1
3638453,1
3638454,1
3638455,1
3638456,1
3638457,1
3638461,1
3638462,1
3638464,1
3638465,1
3638476,1
3638477,1
3638481,1
3638482,1
3638483,1
3638485,1
3638486,1
3638487,1
3638494,1
3638495,1
3638670,1
3638671,1
3638672,1
3641589,1
3641590,1
3641591,1
3641592,1
3641593,1
3641594,1
3641595,1
3641596,1
3641597,1
3641598,1
3641599,1
3641600,1
3641601,1
3641602,1
3641603,1
3641604,1
3641605,1
3641606,1
3641607,1
3641608,1
3641609,1
3641610,1
3641651,1
3641652,1
3641653,1
3641654,1
3641657,1
3641658,1
3641659,1
3641660,1
3641661,1
3641684,1
3641685,1
3641686,1
3641687,1
3641688,1
3641697,1
3641734,1
3641735,1
3641736,1
3641751,1
3641752,1
3641762,1
3641763,1
3641764,1
3641765,1
3641777,1
3641779,1
3641783,1
3641784,1
3641785,1
3641786,1
3641787,1
3641802,1
3641803,1
3641804,1
3641805,1
3641813,1
3641814,1
3641815,1
3641816,1
3641817,1
3641818,1
3641819,1
3641820,1
3641836,1
3641837,1
3641838,1
3641839,1
3641840,1
3641841,1
3641842,1
3641843,1
3641844,1
3641845,1
3641846,1
3641847,1
3641848,1
3641849,1
3641850,1
3641851,1
3641852,1
3641853,1
3641854,1
3641855,1
3641856,1
3641857,1
3641858,1
3641859,1
3641860,1
3641861,1
3641862,1
3641863,1
3641864,1
3641865,1
3641866,1
3641867,1
3641868,1
3641869,1
3641870,1
3641871,1
3641872,1
3641873,1
3641874,1
3641875,1
3641876,1
3641877,1
3641878,1
3641879,1
3641880,1
3641881,1
3641882,1
3641883,1
3641895,1
3641941,1
3641943,1
3641944,1
3641945,1
3641946,1
3641947,1
3641948,1
3641949,1
3641950,1
3641951,1
3641952,1
3641953,1
3641954,1
3641955,1
3641956,1
3641957,1
3641958,1
3641959,1
3641960,1
3641961,1
3641962,1
3641963,1
3641964,1
3641965,1
3641986,1
3641987,1
3641988,1
3641989,1
3641990,1
3641991,1
3642069,1
3642070,1
3642071,1
3642072,1
3642074,1
3642077,1
3642078,1
3642082,1
3642093,1
3642094,1
3642100,1
3642101,1
3642102,1
3642103,1
3642104,1
3642111,1
3642112,1
3642287,1
3642288,1
3642289,1
3645210,1
3645211,1
3645212,1
3645213,1
3645214,1
3645215,1
3645216,1
3645217,1
3645218,1
3645225,1
3645226,1
3645227,1
3645228,1
3645229,1
3645271,1
3645272,1
3645273,1
3645278,1
3645279,1
3645287,1
3645288,1
3645297,1
3645298,1
3645299,1
3645300,1
3645301,1
3645305,1
3645306,1
3645313,1
3645315,1
3645345,1
3645350,1
3645353,1
3645354,1
3645360,1
3645361,1
3645362,1
3645365,1
3645366,1
3645367,1
3645369,1
3645370,1
3645371,1
3645372,1
3645373,1
3645374,1
3645375,1
3645378,1
3645379,1
3645380,1
3645394,1
3645395,1
3645396,1
3645399,1
3645400,1
3645403,1
3645405,1
3645406,1
3645407,1
3645408,1
3645409,1
3645410,1
3645411,1
3645412,1
3645413,1
3645421,1
3645422,1
3645430,1
3645431,1
3645432,1
3645435,1
3645436,1
3645453,1
3645454,1
3645455,1
3645456,1
3645457,1
3645458,1
3645459,1
3645460,1
3645461,1
3645462,1
3645463,1
3645464,1
3645465,1
3645466,1
3645467,1
3645468,1
3645469,1
3645470,1
3645471,1
3645472,1
3645473,1
3645474,1
3645475,1
3645476,1
3645477,1
3645478,1
3645479,1
3645480,1
3645481,1
3645482,1
3645483,1
3645484,1
3645485,1
3645486,1
3645487,1
3645488,1
3645489,1
3645490,1
3645491,1
3645492,1
3645493,1
3645494,1
3645495,1
3645496,1
3645497,1
3645498,1
3645499,1
3645500,1
3645514,1
3645515,1
3645518,1
3645519,1
3645520,1
3645521,1
3645560,1
3645561,1
3645562,1
3645563,1
3645564,1
3645565,1
3645566,1
3645567,1
3645568,1
3645569,1
3645570,1
3645571,1
3645572,1
3645573,1
3645574,1
3645575,1
3645576,1
3645577,1
3645578,1
3645579,1
3645580,1
3645581,1
3645582,1
3645583,1
3645604,1
3645605,1
3645606,1
3645607,1
3645608,1
3645609,1
3645687,1
3645688,1
3645689,1
3645690,1
3645691,1
3645692,1
3645693,1
3645694,1
3645699,1
3645712,1
3645713,1
3645718,1
3645719,1
3645720,1
3645721,1
3645722,1
3645723,1
3645904,1
3645905,1
3648832,1
3648844,1
3648845,1
3648846,1
3648847,1
3648848,1
3648849,1
3648896,1
3648897,1
3648902,1
3648903,1
3648905,1
3648906,1
3648907,1
3648908,1
3648915,1
3648917,1
3648922,1
3648923,1
3648924,1
3648925,1
3648926,1
3648927,1
3648928,1
3648929,1
3648930,1
3648932,1
3648942,1
3648943,1
3648944,1
3648945,1
3648946,1
3648947,1
3648957,1
3648958,1
3648967,1
3648968,1
3648969,1
3648970,1
3648971,1
3648972,1
3648973,1
3648974,1
3648975,1
3648976,1
3648977,1
3648979,1
3648980,1
3648981,1
3648982,1
3648992,1
3648994,1
3648995,1
3648997,1
3649015,1
3649017,1
3649018,1
3649019,1
3649023,1
3649024,1
3649025,1
3649026,1
3649027,1
3649028,1
3649030,1
3649031,1
3649038,1
3649046,1
3649047,1
3649048,1
3649050,1
3649051,1
3649052,1
3649070,1
3649071,1
3649072,1
3649073,1
3649074,1
3649075,1
3649076,1
3649077,1
3649078,1
3649079,1
3649080,1
3649081,1
3649082,1
3649083,1
3649084,1
3649085,1
3649086,1
3649087,1
3649088,1
3649089,1
3649090,1
3649091,1
3649092,1
3649093,1
3649094,1
3649095,1
3649096,1
3649097,1
3649098,1
3649099,1
3649100,1
3649101,1
3649102,1
3649103,1
3649104,1
3649105,1
3649106,1
3649107,1
3649108,1
3649109,1
3649110,1
3649111,1
3649112,1
3649113,1
3649114,1
3649115,1
3649116,1
3649130,1
3649131,1
3649132,1
3649133,1
3649134,1
3649135,1
3649136,1
3649137,1
3649138,1
3649139,1
3649161,1
3649163,1
3649177,1
3649178,1
3649179,1
3649180,1
3649181,1
3649182,1
3649183,1
3649184,1
3649185,1
3649186,1
3649187,1
3649188,1
3649189,1
3649190,1
3649191,1
3649192,1
3649193,1
3649194,1
3649195,1
3649196,1
3649197,1
3649198,1
3649199,1
3649200,1
3649221,1
3649222,1
3649223,1
3649224,1
3649225,1
3649226,1
3649227,1
3649230,1
3649231,1
3649233,1
3649237,1
3649238,1
3649239,1
3649240,1
3649244,1
3649245,1
3649246,1
3649247,1
3649303,1
3649304,1
3649305,1
3649308,1
3649315,1
3649316,1
3649317,1
3649330,1
3649331,1
3649336,1
3649337,1
3649338,1
3649339,1
3649340,1
3649341,1
3649342,1
3649344,1
3649345,1
3649346,1
3649347,1
3652463,1
3652464,1
3652465,1
3652466,1
3652467,1
3652468,1
3652469,1
3652470,1
3652471,1
3652476,1
3652477,1
3652488,1
3652489,1
3652490,1
3652501,1
3652502,1
3652514,1
3652515,1
3652518,1
3652519,1
3652524,1
3652525,1
3652528,1
3652529,1
3652530,1
3652531,1
3652532,1
3652533,1
3652534,1
3652540,1
3652541,1
3652544,1
3652547,1
3652548,1
3652549,1
3652550,1
3652553,1
3652554,1
3652555,1
3652556,1
3652557,1
3652558,1
3652559,1
3652562,1
3652564,1
3652565,1
3652566,1
3652567,1
3652568,1
3652573,1
3652575,1
3652579,1
3652580,1
3652583,1
3652584,1
3652587,1
3652590,1
3652593,1
3652595,1
3652596,1
3652597,1
3652598,1
3652608,1
3652609,1
3652611,1
3652612,1
3652613,1
3652625,1
3652626,1
3652627,1
3652628,1
3652629,1
3652630,1
3652633,1
3652634,1
3652636,1
3652637,1
3652638,1
3652639,1
3652640,1
3652641,1
3652642,1
3652645,1
3652646,1
3652647,1
3652662,1
3652663,1
3652664,1
3652666,1
3652667,1
3652668,1
3652687,1
3652688,1
3652689,1
3652690,1
3652691,1
3652692,1
3652693,1
3652694,1
3652695,1
3652696,1
3652697,1
3652698,1
3652699,1
3652700,1
3652701,1
3652702,1
3652703,1
3652704,1
3652705,1
3652706,1
3652707,1
3652708,1
3652709,1
3652710,1
3652711,1
3652712,1
3652713,1
3652714,1
3652715,1
3652716,1
3652717,1
3652718,1
3652719,1
3652720,1
3652721,1
3652722,1
3652723,1
3652724,1
3652725,1
3652726,1
3652727,1
3652728,1
3652729,1
3652730,1
3652731,1
3652732,1
3652746,1
3652747,1
3652748,1
3652749,1
3652750,1
3652751,1
3652752,1
3652753,1
3652754,1
3652755,1
3652756,1
3652757,1
3652782,1
3652783,1
3652784,1
3652788,1
3652789,1
3652790,1
3652791,1
3652792,1
3652793,1
3652794,1
3652795,1
3652796,1
3652797,1
3652798,1
3652799,1
3652800,1
3652801,1
3652802,1
3652803,1
3652804,1
3652805,1
3652806,1
3652807,1
3652808,1
3652809,1
3652810,1
3652811,1
3652812,1
3652813,1
3652814,1
3652815,1
3652816,1
3652817,1
3652818,1
3652838,1
3652839,1
3652840,1
3652841,1
3652842,1
3652843,1
3652844,1
3652845,1
3652847,1
3652848,1
3652849,1
3652850,1
3652853,1
3652854,1
3652855,1
3652856,1
3652857,1
3652858,1
3652859,1
3652860,1
3652861,1
3652862,1
3652863,1
3652864,1
3652865,1
3652866,1
3652867,1
3652920,1
3652921,1
3652926,1
3652927,1
3652929,1
3652930,1
3652931,1
3652934,1
3652935,1
3652948,1
3652949,1
3652954,1
3652957,1
3652958,1
3652959,1
3652960,1
3652961,1
3652962,1
3652964,1
3652982,1
3652983,1
3652984,1
3652985,1
3656080,1
3656081,1
3656082,1
3656083,1
3656084,1
3656085,1
3656086,1
3656087,1
3656088,1
3656089,1
3656090,1
3656091,1
3656092,1
3656093,1
3656094,1
3656095,1
3656096,1
3656097,1
3656098,1
3656104,1
3656105,1
3656106,1
3656107,1
3656118,1
3656119,1
3656132,1
3656134,1
3656135,1
3656142,1
3656144,1
3656145,1
3656146,1
3656147,1
3656148,1
3656149,1
3656150,1
3656151,1
3656152,1
3656161,1
3656164,1
3656165,1
3656166,1
3656167,1
3656168,1
3656169,1
3656170,1
3656171,1
3656172,1
3656173,1
3656174,1
3656175,1
3656185,1
3656186,1
3656190,1
3656191,1
3656192,1
3656193,1
3656194,1
3656196,1
3656197,1
3656198,1
3656199,1
3656203,1
3656207,1
3656211,1
3656212,1
3656213,1
3656216,1
3656217,1
3656223,1
3656224,1
3656225,1
3656226,1
3656229,1
3656230,1
3656236,1
3656237,1
3656238,1
3656239,1
3656240,1
3656241,1
3656242,1
3656246,1
3656247,1
3656258,1
3656259,1
3656279,1
3656280,1
3656281,1
3656282,1
3656283,1
3656284,1
3656285,1
3656304,1
3656305,1
3656306,1
3656307,1
3656308,1
3656309,1
3656310,1
3656311,1
3656312,1
3656313,1
3656314,1
3656315,1
3656316,1
3656317,1
3656318,1
3656319,1
3656320,1
3656321,1
3656322,1
3656323,1
3656324,1
3656325,1
3656326,1
3656327,1
3656328,1
3656329,1
3656330,1
3656331,1
3656332,1
3656333,1
3656334,1
3656335,1
3656336,1
3656337,1
3656338,1
3656339,1
3656340,1
3656341,1
3656342,1
3656343,1
3656344,1
3656345,1
3656346,1
3656347,1
3656348,1
3656349,1
3656352,1
3656359,1
3656360,1
3656363,1
3656364,1
3656365,1
3656366,1
3656367,1
3656368,1
3656369,1
3656370,1
3656371,1
3656372,1
3656373,1
3656374,1
3656375,1
3656402,1
3656403,1
3656405,1
3656406,1
3656410,1
3656411,1
3656412,1
3656413,1
3656414,1
3656415,1
3656416,1
3656417,1
3656418,1
3656419,1
3656420,1
3656421,1
3656422,1
3656423,1
3656424,1
3656425,1
3656426,1
3656427,1
3656428,1
3656429,1
3656430,1
3656431,1
3656432,1
3656433,1
3656434,1
3656435,1
3656455,1
3656456,1
3656457,1
3656458,1
3656459,1
3656460,1
3656461,1
3656462,1
3656464,1
3656465,1
3656466,1
3656467,1
3656470,1
3656471,1
3656472,1
3656473,1
3656474,1
3656475,1
3656476,1
3656477,1
3656478,1
3656479,1
3656480,1
3656481,1
3656482,1
3656483,1
3656484,1
3656537,1
3656538,1
3656543,1
3656544,1
3656545,1
3656546,1
3656547,1
3656548,1
3656551,1
3656552,1
3656565,1
3656566,1
3656567,1
3656571,1
3656574,1
3656575,1
3656576,1
3656577,1
3656581,1
3656599,1
3656600,1
3656601,1
3656763,1
3656879,1
3659705,1
3659706,1
3659707,1
3659708,1
3659709,1
3659710,1
3659711,1
3659712,1
3659713,1
3659714,1
3659715,1
3659716,1
3659717,1
3659718,1
3659719,1
3659720,1
3659721,1
3659722,1
3659723,1
3659726,1
3659727,1
3659735,1
3659736,1
3659737,1
3659738,1
3659739,1
3659748,1
3659751,1
3659758,1
3659759,1
3659760,1
3659761,1
3659768,1
3659769,1
3659770,1
3659771,1
3659782,1
3659783,1
3659784,1
3659785,1
3659786,1
3659787,1
3659788,1
3659789,1
3659803,1
3659804,1
3659806,1
3659807,1
3659808,1
3659809,1
3659810,1
3659811,1
3659812,1
3659815,1
3659819,1
3659820,1
3659822,1
3659823,1
3659827,1
3659828,1
3659829,1
3659830,1
3659833,1
3659834,1
3659835,1
3659836,1
3659837,1
3659838,1
3659839,1
3659840,1
3659846,1
3659847,1
3659848,1
3659849,1
3659850,1
3659851,1
3659852,1
3659853,1
3659856,1
3659864,1
3659897,1
3659898,1
3659899,1
3659920,1
3659921,1
3659922,1
3659923,1
3659924,1
3659925,1
3659926,1
3659927,1
3659928,1
3659929,1
3659930,1
3659931,1
3659932,1
3659933,1
3659934,1
3659935,1
3659936,1
3659937,1
3659938,1
3659939,1
3659940,1
3659941,1
3659942,1
3659943,1
3659944,1
3659945,1
3659946,1
3659947,1
3659948,1
3659949,1
3659950,1
3659951,1
3659952,1
3659953,1
3659954,1
3659955,1
3659956,1
3659957,1
3659958,1
3659959,1
3659960,1
3659961,1
3659962,1
3659963,1
3659964,1
3659965,1
3659966,1
3659967,1
3659968,1
3659969,1
3659970,1
3659971,1
3659972,1
3659973,1
3659974,1
3659975,1
3659976,1
3659977,1
3659978,1
3659979,1
3659980,1
3659981,1
3659982,1
3659983,1
3659984,1
3659985,1
3659986,1
3659987,1
3659988,1
3659989,1
3659990,1
3659991,1
3659992,1
3659993,1
3660021,1
3660023,1
3660024,1
3660026,1
3660028,1
3660029,1
3660030,1
3660031,1
3660032,1
3660033,1
3660034,1
3660035,1
3660036,1
3660037,1
3660038,1
3660039,1
3660040,1
3660041,1
3660042,1
3660043,1
3660044,1
3660045,1
3660046,1
3660047,1
3660048,1
3660049,1
3660050,1
3660051,1
3660052,1
3660072,1
3660073,1
3660074,1
3660075,1
3660076,1
3660077,1
3660078,1
3660079,1
3660080,1
3660082,1
3660083,1
3660084,1
3660087,1
3660088,1
3660089,1
3660090,1
3660091,1
3660092,1
3660093,1
3660094,1
3660095,1
3660096,1
3660097,1
3660098,1
3660099,1
3660101,1
3660102,1
3660160,1
3660161,1
3660163,1
3660164,1
3660168,1
3660169,1
3660170,1
3660183,1
3660184,1
3660186,1
3660188,1
3660194,1
3660195,1
3660198,1
3660216,1
3660217,1
3660378,1
3660379,1
3660380,1
3660381,1
3660496,1
3660497,1
3663331,1
3663332,1
3663334,1
3663335,1
3663339,1
3663340,1
3663341,1
3663342,1
3663343,1
3663344,1
3663345,1
3663352,1
3663353,1
3663354,1
3663356,1
3663357,1
3663363,1
3663364,1
3663365,1
3663368,1
3663375,1
3663376,1
3663384,1
3663386,1
3663387,1
3663388,1
3663389,1
3663398,1
3663399,1
3663400,1
3663401,1
3663404,1
3663405,1
3663421,1
3663422,1
3663423,1
3663429,1
3663430,1
3663431,1
3663432,1
3663436,1
3663438,1
3663439,1
3663442,1
3663444,1
3663447,1
3663449,1
3663450,1
3663452,1
3663459,1
3663460,1
3663461,1
3663462,1
3663463,1
3663479,1
3663480,1
3663536,1
3663537,1
3663538,1
3663539,1
3663540,1
3663541,1
3663542,1
3663543,1
3663544,1
3663545,1
3663546,1
3663547,1
3663548,1
3663549,1
3663550,1
3663551,1
3663552,1
3663553,1
3663554,1
3663555,1
3663556,1
3663557,1
3663558,1
3663559,1
3663560,1
3663561,1
3663562,1
3663563,1
3663564,1
3663565,1
3663566,1
3663567,1
3663568,1
3663569,1
3663570,1
3663571,1
3663572,1
3663573,1
3663574,1
3663575,1
3663576,1
3663577,1
3663578,1
3663579,1
3663580,1
3663581,1
3663582,1
3663583,1
3663584,1
3663585,1
3663586,1
3663587,1
3663588,1
3663589,1
3663590,1
3663591,1
3663592,1
3663593,1
3663594,1
3663595,1
3663596,1
3663597,1
3663598,1
3663599,1
3663600,1
3663601,1
3663602,1
3663603,1
3663604,1
3663605,1
3663606,1
3663607,1
3663608,1
3663609,1
3663610,1
3663639,1
3663640,1
3663642,1
3663643,1
3663644,1
3663645,1
3663646,1
3663647,1
3663648,1
3663649,1
3663650,1
3663651,1
3663652,1
3663653,1
3663654,1
3663655,1
3663656,1
3663657,1
3663658,1
3663659,1
3663660,1
3663661,1
3663662,1
3663668,1
3663669,1
3663689,1
3663690,1
3663691,1
3663692,1
3663693,1
3663694,1
3663695,1
3663696,1
3663697,1
3663698,1
3663699,1
3663700,1
3663701,1
3663704,1
3663705,1
3663706,1
3663707,1
3663708,1
3663709,1
3663710,1
3663711,1
3663712,1
3663713,1
3663714,1
3663715,1
3663716,1
3663718,1
3663719,1
3663720,1
3663777,1
3663780,1
3663781,1
3663782,1
3663783,1
3663785,1
3663787,1
3663788,1
3663801,1
3663803,1
3663805,1
3663806,1
3663812,1
3663815,1
3663816,1
3663995,1
3663996,1
3663997,1
3663998,1
3664113,1
3664114,1
3666962,1
3666963,1
3666964,1
3666966,1
3666967,1
3666970,1
3666971,1
3666973,1
3666974,1
3666975,1
3666978,1
3666979,1
3666980,1
3666981,1
3666983,1
3666984,1
3666985,1
3666991,1
3666992,1
3667003,1
3667004,1
3667005,1
3667006,1
3667007,1
3667015,1
3667017,1
3667018,1
3667020,1
3667047,1
3667052,1
3667053,1
3667054,1
3667057,1
3667058,1
3667059,1
3667060,1
3667061,1
3667065,1
3667066,1
3667075,1
3667095,1
3667096,1
3667153,1
3667154,1
3667155,1
3667156,1
3667157,1
3667158,1
3667159,1
3667160,1
3667161,1
3667162,1
3667163,1
3667164,1
3667165,1
3667166,1
3667167,1
3667168,1
3667169,1
3667170,1
3667171,1
3667172,1
3667173,1
3667174,1
3667175,1
3667176,1
3667177,1
3667178,1
3667179,1
3667180,1
3667181,1
3667182,1
3667183,1
3667184,1
3667185,1
3667186,1
3667187,1
3667188,1
3667189,1
3667190,1
3667191,1
3667192,1
3667193,1
3667194,1
3667195,1
3667196,1
3667197,1
3667198,1
3667199,1
3667200,1
3667201,1
3667202,1
3667203,1
3667204,1
3667205,1
3667206,1
3667207,1
3667208,1
3667209,1
3667210,1
3667211,1
3667212,1
3667213,1
3667214,1
3667215,1
3667216,1
3667217,1
3667218,1
3667219,1
3667220,1
3667221,1
3667222,1
3667223,1
3667224,1
3667225,1
3667226,1
3667227,1
3667228,1
3667257,1
3667258,1
3667260,1
3667261,1
3667262,1
3667263,1
3667264,1
3667265,1
3667266,1
3667267,1
3667268,1
3667269,1
3667270,1
3667271,1
3667272,1
3667273,1
3667274,1
3667275,1
3667276,1
3667277,1
3667278,1
3667279,1
3667280,1
3667285,1
3667286,1
3667287,1
3667307,1
3667308,1
3667309,1
3667310,1
3667311,1
3667312,1
3667313,1
3667314,1
3667315,1
3667316,1
3667317,1
3667323,1
3667324,1
3667325,1
3667326,1
3667327,1
3667328,1
3667329,1
3667330,1
3667331,1
3667332,1
3667333,1
3667334,1
3667335,1
3667337,1
3667339,1
3667394,1
3667395,1
3667396,1
3667397,1
3667398,1
3667400,1
3667401,1
3667404,1
3667405,1
3667419,1
3667420,1
3667421,1
3667422,1
3667423,1
3667433,1
3667612,1
3667613,1
3670582,1
3670583,1
3670584,1
3670585,1
3670588,1
3670591,1
3670592,1
3670593,1
3670595,1
3670596,1
3670598,1
3670599,1
3670600,1
3670601,1
3670602,1
3670608,1
3670609,1
3670621,1
3670625,1
3670630,1
3670634,1
3670635,1
3670636,1
3670637,1
3670639,1
3670667,1
3670668,1
3670669,1
3670691,1
3670692,1
3670711,1
3670712,1
3670771,1
3670772,1
3670773,1
3670774,1
3670775,1
3670776,1
3670777,1
3670778,1
3670779,1
3670780,1
3670781,1
3670782,1
3670783,1
3670784,1
3670785,1
3670786,1
3670787,1
3670788,1
3670789,1
3670790,1
3670791,1
3670792,1
3670793,1
3670794,1
3670795,1
3670796,1
3670797,1
3670798,1
3670799,1
3670800,1
3670801,1
3670802,1
3670803,1
3670804,1
3670805,1
3670806,1
3670807,1
3670808,1
3670809,1
3670810,1
3670811,1
3670812,1
3670813,1
3670814,1
3670815,1
3670816,1
3670817,1
3670818,1
3670819,1
3670820,1
3670821,1
3670822,1
3670823,1
3670824,1
3670825,1
3670826,1
3670827,1
3670828,1
3670829,1
3670830,1
3670831,1
3670832,1
3670833,1
3670834,1
3670835,1
3670836,1
3670837,1
3670838,1
3670839,1
3670840,1
3670841,1
3670842,1
3670843,1
3670844,1
3670845,1
3670875,1
3670876,1
3670877,1
3670878,1
3670879,1
3670880,1
3670881,1
3670882,1
3670883,1
3670884,1
3670885,1
3670886,1
3670887,1
3670889,1
3670890,1
3670891,1
3670892,1
3670893,1
3670896,1
3670902,1
3670903,1
3670904,1
3670905,1
3670925,1
3670926,1
3670927,1
3670928,1
3670929,1
3670930,1
3670931,1
3670932,1
3670933,1
3670934,1
3670935,1
3670940,1
3670941,1
3670942,1
3670943,1
3670944,1
3670945,1
3670946,1
3670947,1
3670948,1
3670949,1
3670950,1
3670951,1
3670952,1
3670953,1
3670956,1
3670957,1
3670958,1
3670959,1
3671012,1
3671016,1
3671017,1
3671018,1
3671021,1
3671022,1
3671023,1
3671037,1
3671038,1
3671039,1
3671040,1
3671046,1
3671049,1
3671050,1
3674199,1
3674200,1
3674201,1
3674202,1
3674203,1
3674204,1
3674205,1
3674208,1
3674209,1
3674211,1
3674212,1
3674213,1
3674215,1
3674216,1
3674224,1
3674225,1
3674226,1
3674241,1
3674248,1
3674249,1
3674250,1
3674251,1
3674252,1
3674253,1
3674254,1
3674256,1
3674279,1
3674280,1
3674281,1
3674282,1
3674283,1
3674307,1
3674308,1
3674325,1
3674326,1
3674327,1
3674328,1
3674388,1
3674389,1
3674390,1
3674391,1
3674392,1
3674393,1
3674394,1
3674395,1
3674396,1
3674397,1
3674398,1
3674399,1
3674400,1
3674401,1
3674402,1
3674403,1
3674404,1
3674405,1
3674406,1
3674407,1
3674408,1
3674409,1
3674410,1
3674411,1
3674412,1
3674413,1
3674414,1
3674415,1
3674416,1
3674417,1
3674418,1
3674419,1
3674420,1
3674421,1
3674422,1
3674423,1
3674424,1
3674425,1
3674426,1
3674427,1
3674428,1
3674429,1
3674430,1
3674431,1
3674432,1
3674433,1
3674434,1
3674435,1
3674436,1
3674437,1
3674438,1
3674439,1
3674440,1
3674441,1
3674442,1
3674443,1
3674444,1
3674445,1
3674446,1
3674447,1
3674448,1
3674449,1
3674450,1
3674451,1
3674452,1
3674453,1
3674454,1
3674455,1
3674456,1
3674457,1
3674458,1
3674459,1
3674460,1
3674461,1
3674462,1
3674463,1
3674491,1
3674492,1
3674493,1
3674494,1
3674495,1
3674496,1
3674497,1
3674498,1
3674499,1
3674500,1
3674501,1
3674502,1
3674503,1
3674504,1
3674505,1
3674506,1
3674507,1
3674508,1
3674509,1
3674510,1
3674513,1
3674519,1
3674520,1
3674521,1
3674522,1
3674542,1
3674543,1
3674544,1
3674545,1
3674546,1
3674547,1
3674548,1
3674549,1
3674550,1
3674551,1
3674552,1
3674557,1
3674558,1
3674559,1
3674560,1
3674561,1
3674562,1
3674563,1
3674564,1
3674565,1
3674566,1
3674567,1
3674568,1
3674569,1
3674570,1
3674573,1
3674574,1
3674575,1
3674576,1
3674629,1
3674630,1
3674631,1
3674632,1
3674633,1
3674634,1
3674635,1
3674636,1
3674637,1
3674639,1
3674640,1
3674653,1
3674654,1
3674655,1
3674656,1
3674662,1
3674663,1
3674666,1
3674667,1
3675109,1
3675110,1
3677820,1
3677821,1
3677822,1
3677823,1
3677825,1
3677826,1
3677827,1
3677828,1
3677829,1
3677830,1
3677831,1
3677832,1
3677833,1
3677834,1
3677842,1
3677855,1
3677856,1
3677857,1
3677858,1
3677859,1
3677861,1
3677862,1
3677863,1
3677864,1
3677865,1
3677868,1
3677871,1
3677872,1
3677873,1
3677874,1
3677875,1
3677876,1
3677877,1
3677879,1
3677880,1
3677881,1
3677883,1
3677889,1
3677890,1
3677891,1
3677892,1
3677894,1
3677895,1
3677924,1
3677940,1
3677941,1
3677942,1
3677943,1
3678006,1
3678007,1
3678008,1
3678009,1
3678010,1
3678011,1
3678012,1
3678013,1
3678014,1
3678015,1
3678016,1
3678017,1
3678018,1
3678019,1
3678020,1
3678021,1
3678022,1
3678023,1
3678024,1
3678025,1
3678026,1
3678027,1
3678028,1
3678029,1
3678030,1
3678031,1
3678032,1
3678033,1
3678034,1
3678035,1
3678036,1
3678037,1
3678038,1
3678039,1
3678040,1
3678041,1
3678042,1
3678043,1
3678044,1
3678045,1
3678046,1
3678047,1
3678048,1
3678049,1
3678050,1
3678051,1
3678052,1
3678053,1
3678054,1
3678055,1
3678056,1
3678057,1
3678058,1
3678059,1
3678060,1
3678061,1
3678062,1
3678063,1
3678064,1
3678065,1
3678066,1
3678067,1
3678068,1
3678069,1
3678070,1
3678071,1
3678072,1
3678073,1
3678074,1
3678075,1
3678076,1
3678077,1
3678078,1
3678079,1
3678080,1
3678108,1
3678109,1
3678110,1
3678111,1
3678112,1
3678113,1
3678114,1
3678115,1
3678116,1
3678117,1
3678118,1
3678119,1
3678120,1
3678121,1
3678122,1
3678123,1
3678124,1
3678125,1
3678130,1
3678137,1
3678138,1
3678139,1
3678159,1
3678160,1
3678161,1
3678162,1
3678163,1
3678164,1
3678165,1
3678166,1
3678167,1
3678168,1
3678169,1
3678175,1
3678176,1
3678177,1
3678178,1
3678179,1
3678180,1
3678181,1
3678182,1
3678183,1
3678184,1
3678186,1
3678192,1
3678193,1
3678197,1
3678198,1
3678248,1
3678249,1
3678250,1
3678251,1
3678254,1
3678255,1
3678256,1
3678271,1
3678272,1
3678273,1
3678274,1
3678279,1
3678280,1
3678284,1
3678726,1
3678727,1
3678728,1
3681442,1
3681443,1
3681444,1
3681451,1
3681452,1
3681453,1
3681454,1
3681455,1
3681456,1
3681457,1
3681458,1
3681459,1
3681469,1
3681470,1
3681471,1
3681472,1
3681473,1
3681474,1
3681476,1
3681477,1
3681491,1
3681494,1
3681495,1
3681499,1
3681500,1
3681501,1
3681503,1
3681504,1
3681505,1
3681506,1
3681507,1
3681508,1
3681509,1
3681510,1
3681539,1
3681540,1
3681541,1
3681557,1
3681623,1
3681624,1
3681625,1
3681626,1
3681627,1
3681628,1
3681629,1
3681630,1
3681631,1
3681632,1
3681633,1
3681634,1
3681635,1
3681636,1
3681637,1
3681638,1
3681639,1
3681640,1
3681641,1
3681642,1
3681643,1
3681644,1
3681645,1
3681646,1
3681647,1
3681648,1
3681649,1
3681650,1
3681651,1
3681652,1
3681653,1
3681654,1
3681655,1
3681656,1
3681657,1
3681658,1
3681659,1
3681660,1
3681661,1
3681662,1
3681663,1
3681664,1
3681665,1
3681666,1
3681667,1
3681668,1
3681669,1
3681670,1
3681671,1
3681672,1
3681673,1
3681674,1
3681675,1
3681676,1
3681677,1
3681678,1
3681679,1
3681680,1
3681681,1
3681682,1
3681683,1
3681684,1
3681685,1
3681686,1
3681687,1
3681688,1
3681689,1
3681690,1
3681691,1
3681692,1
3681693,1
3681694,1
3681695,1
3681696,1
3681697,1
3681698,1
3681725,1
3681726,1
3681727,1
3681728,1
3681729,1
3681730,1
3681731,1
3681732,1
3681733,1
3681734,1
3681735,1
3681736,1
3681737,1
3681738,1
3681739,1
3681740,1
3681755,1
3681756,1
3681776,1
3681777,1
3681778,1
3681779,1
3681780,1
3681781,1
3681782,1
3681783,1
3681784,1
3681785,1
3681786,1
3681792,1
3681793,1
3681794,1
3681795,1
3681796,1
3681797,1
3681798,1
3681799,1
3681800,1
3681801,1
3681802,1
3681808,1
3681809,1
3681810,1
3681813,1
3681814,1
3681815,1
3681816,1
3681817,1
3681818,1
3681869,1
3681877,1
3681880,1
3681881,1
3681882,1
3681888,1
3681889,1
3681891,1
3681892,1
3681897,1
3681901,1
3681902,1
3682343,1
3682344,1
3682345,1
3685071,1
3685072,1
3685073,1
3685075,1
3685076,1
3685081,1
3685084,1
3685085,1
3685155,1
3685170,1
3685171,1
3685172,1
3685173,1
3685238,1
3685239,1
3685240,1
3685241,1
3685242,1
3685243,1
3685244,1
3685245,1
3685246,1
3685247,1
3685248,1
3685249,1
3685250,1
3685251,1
3685252,1
3685253,1
3685254,1
3685255,1
3685256,1
3685257,1
3685258,1
3685259,1
3685260,1
3685261,1
3685262,1
3685263,1
3685264,1
3685265,1
3685266,1
3685267,1
3685268,1
3685269,1
3685270,1
3685271,1
3685272,1
3685273,1
3685274,1
3685275,1
3685276,1
3685277,1
3685278,1
3685279,1
3685280,1
3685281,1
3685282,1
3685283,1
3685284,1
3685285,1
3685286,1
3685287,1
3685288,1
3685289,1
3685290,1
3685291,1
3685292,1
3685293,1
3685294,1
3685295,1
3685296,1
3685297,1
3685298,1
3685299,1
3685300,1
3685301,1
3685302,1
3685303,1
3685304,1
3685305,1
3685306,1
3685307,1
3685308,1
3685309,1
3685310,1
3685311,1
3685312,1
3685313,1
3685314,1
3685315,1
3685316,1
3685340,1
3685341,1
3685342,1
3685343,1
3685344,1
3685345,1
3685346,1
3685347,1
3685348,1
3685349,1
3685350,1
3685351,1
3685352,1
3685353,1
3685354,1
3685355,1
3685356,1
3685357,1
3685358,1
3685373,1
3685393,1
3685394,1
3685395,1
3685396,1
3685397,1
3685400,1
3685401,1
3685402,1
3685408,1
3685409,1
3685410,1
3685411,1
3685412,1
3685413,1
3685414,1
3685415,1
3685416,1
3685417,1
3685426,1
3685427,1
3685430,1
3685436,1
3685437,1
3685486,1
3685487,1
3685489,1
3685490,1
3685496,1
3685497,1
3685498,1
3685499,1
3685500,1
3685504,1
3685505,1
3685506,1
3685507,1
3685510,1
3685511,1
3685514,1
3685519,1
3685823,1
3685824,1
3685961,1
3688694,1
3688695,1
3688696,1
3688697,1
3688698,1
3688699,1
3688700,1
3688769,1
3688770,1
3688771,1
3688786,1
3688846,1
3688847,1
3688853,1
3688854,1
3688855,1
3688856,1
3688857,1
3688858,1
3688859,1
3688860,1
3688861,1
3688862,1
3688863,1
3688864,1
3688865,1
3688866,1
3688867,1
3688868,1
3688869,1
3688870,1
3688871,1
3688872,1
3688873,1
3688874,1
3688875,1
3688876,1
3688877,1
3688878,1
3688879,1
3688880,1
3688881,1
3688882,1
3688883,1
3688884,1
3688885,1
3688886,1
3688887,1
3688888,1
3688889,1
3688890,1
3688891,1
3688892,1
3688893,1
3688894,1
3688895,1
3688896,1
3688897,1
3688898,1
3688899,1
3688900,1
3688901,1
3688902,1
3688903,1
3688904,1
3688905,1
3688906,1
3688907,1
3688908,1
3688909,1
3688910,1
3688911,1
3688912,1
3688913,1
3688914,1
3688915,1
3688916,1
3688917,1
3688918,1
3688919,1
3688920,1
3688921,1
3688922,1
3688923,1
3688924,1
3688925,1
3688926,1
3688927,1
3688928,1
3688929,1
3688930,1
3688931,1
3688932,1
3688933,1
3688934,1
3688955,1
3688956,1
3688957,1
3688958,1
3688959,1
3688960,1
3688961,1
3688962,1
3688963,1
3688964,1
3688965,1
3688966,1
3688967,1
3688968,1
3688969,1
3688970,1
3688971,1
3688972,1
3688973,1
3688974,1
3688988,1
3688989,1
3688990,1
3688991,1
3688992,1
3689017,1
3689018,1
3689019,1
3689024,1
3689025,1
3689026,1
3689027,1
3689028,1
3689029,1
3689030,1
3689031,1
3689032,1
3689033,1
3689034,1
3689047,1
3689048,1
3689049,1
3689054,1
3689055,1
3689057,1
3689106,1
3689107,1
3689113,1
3689114,1
3689116,1
3689117,1
3689121,1
3689122,1
3689124,1
3689125,1
3689128,1
3689131,1
3689136,1
3689137,1
3689440,1
3689441,1
3692342,1
3692383,1
3692384,1
3692385,1
3692398,1
3692400,1
3692401,1
3692402,1
3692456,1
3692457,1
3692458,1
3692459,1
3692460,1
3692461,1
3692462,1
3692463,1
3692464,1
3692469,1
3692470,1
3692471,1
3692472,1
3692473,1
3692474,1
3692475,1
3692476,1
3692477,1
3692478,1
3692479,1
3692480,1
3692481,1
3692482,1
3692483,1
3692484,1
3692485,1
3692486,1
3692487,1
3692488,1
3692489,1
3692490,1
3692491,1
3692492,1
3692493,1
3692494,1
3692495,1
3692496,1
3692497,1
3692498,1
3692499,1
3692500,1
3692501,1
3692502,1
3692503,1
3692504,1
3692505,1
3692506,1
3692507,1
3692508,1
3692509,1
3692510,1
3692511,1
3692512,1
3692513,1
3692514,1
3692515,1
3692516,1
3692517,1
3692518,1
3692519,1
3692520,1
3692521,1
3692522,1
3692523,1
3692524,1
3692525,1
3692526,1
3692527,1
3692528,1
3692529,1
3692530,1
3692531,1
3692532,1
3692533,1
3692534,1
3692535,1
3692536,1
3692537,1
3692538,1
3692539,1
3692540,1
3692541,1
3692542,1
3692543,1
3692544,1
3692545,1
3692546,1
3692547,1
3692548,1
3692549,1
3692550,1
3692551,1
3692554,1
3692555,1
3692556,1
3692559,1
3692562,1
3692563,1
3692570,1
3692571,1
3692572,1
3692573,1
3692574,1
3692575,1
3692576,1
3692577,1
3692578,1
3692579,1
3692580,1
3692581,1
3692582,1
3692583,1
3692584,1
3692585,1
3692586,1
3692587,1
3692588,1
3692589,1
3692590,1
3692605,1
3692606,1
3692607,1
3692608,1
3692609,1
3692634,1
3692635,1
3692636,1
3692641,1
3692642,1
3692643,1
3692644,1
3692645,1
3692646,1
3692647,1
3692648,1
3692649,1
3692650,1
3692651,1
3692659,1
3692660,1
3692665,1
3692666,1
3692667,1
3692671,1
3692672,1
3692673,1
3692674,1
3692675,1
3692676,1
3692677,1
3692678,1
3692730,1
3692731,1
3692732,1
3692733,1
3692735,1
3692736,1
3692737,1
3692738,1
3692739,1
3692741,1
3692742,1
3692743,1
3692744,1
3692745,1
3692748,1
3692749,1
3692753,1
3693058,1
3693059,1
3693064,1
3693065,1
3695954,1
3695955,1
3695956,1
3695957,1
3695958,1
3695959,1
3695998,1
3695999,1
3696000,1
3696013,1
3696014,1
3696015,1
3696016,1
3696073,1
3696074,1
3696075,1
3696076,1
3696077,1
3696078,1
3696079,1
3696080,1
3696081,1
3696082,1
3696086,1
3696087,1
3696088,1
3696089,1
3696090,1
3696091,1
3696092,1
3696093,1
3696094,1
3696095,1
3696096,1
3696097,1
3696098,1
3696099,1
3696100,1
3696101,1
3696102,1
3696103,1
3696104,1
3696105,1
3696106,1
3696107,1
3696108,1
3696109,1
3696110,1
3696111,1
3696112,1
3696113,1
3696114,1
3696115,1
3696116,1
3696117,1
3696118,1
3696119,1
3696120,1
3696121,1
3696122,1
3696123,1
3696124,1
3696125,1
3696126,1
3696127,1
3696128,1
3696129,1
3696130,1
3696131,1
3696132,1
3696133,1
3696134,1
3696135,1
3696136,1
3696137,1
3696138,1
3696139,1
3696140,1
3696141,1
3696142,1
3696143,1
3696144,1
3696145,1
3696146,1
3696147,1
3696148,1
3696149,1
3696150,1
3696151,1
3696152,1
3696153,1
3696154,1
3696155,1
3696156,1
3696157,1
3696158,1
3696159,1
3696160,1
3696161,1
3696162,1
3696163,1
3696164,1
3696165,1
3696166,1
3696167,1
3696168,1
3696169,1
3696170,1
3696171,1
3696172,1
3696173,1
3696174,1
3696175,1
3696176,1
3696177,1
3696178,1
3696179,1
3696181,1
3696182,1
3696186,1
3696187,1
3696188,1
3696189,1
3696190,1
3696191,1
3696192,1
3696193,1
3696194,1
3696195,1
3696196,1
3696197,1
3696198,1
3696199,1
3696200,1
3696201,1
3696202,1
3696203,1
3696204,1
3696205,1
3696206,1
3696207,1
3696222,1
3696223,1
3696224,1
3696225,1
3696226,1
3696227,1
3696250,1
3696251,1
3696252,1
3696253,1
3696258,1
3696261,1
3696262,1
3696263,1
3696264,1
3696265,1
3696266,1
3696267,1
3696268,1
3696277,1
3696282,1
3696283,1
3696284,1
3696285,1
3696286,1
3696287,1
3696288,1
3696289,1
3696290,1
3696291,1
3696292,1
3696293,1
3696294,1
3696295,1
3696347,1
3696352,1
3696353,1
3696355,1
3696358,1
3696359,1
3696360,1
3696361,1
3696365,1
3696366,1
3696370,1
3696554,1
3696681,1
3696682,1
3699566,1
3699567,1
3699568,1
3699569,1
3699570,1
3699571,1
3699573,1
3699574,1
3699576,1
3699577,1
3699614,1
3699615,1
3699629,1
3699630,1
3699631,1
3699688,1
3699689,1
3699690,1
3699691,1
3699692,1
3699693,1
3699694,1
3699695,1
3699696,1
3699697,1
3699698,1
3699699,1
3699700,1
3699702,1
3699703,1
3699704,1
3699705,1
3699706,1
3699707,1
3699708,1
3699709,1
3699710,1
3699711,1
3699712,1
3699713,1
3699714,1
3699715,1
3699716,1
3699717,1
3699718,1
3699719,1
3699720,1
3699721,1
3699722,1
3699723,1
3699724,1
3699725,1
3699726,1
3699727,1
3699728,1
3699729,1
3699730,1
3699731,1
3699732,1
3699733,1
3699734,1
3699735,1
3699736,1
3699737,1
3699738,1
3699739,1
3699740,1
3699741,1
3699742,1
3699743,1
3699744,1
3699745,1
3699746,1
3699747,1
3699748,1
3699749,1
3699750,1
3699751,1
3699752,1
3699753,1
3699754,1
3699755,1
3699756,1
3699757,1
3699758,1
3699759,1
3699760,1
3699761,1
3699762,1
3699763,1
3699764,1
3699765,1
3699766,1
3699767,1
3699768,1
3699769,1
3699770,1
3699771,1
3699772,1
3699773,1
3699774,1
3699775,1
3699776,1
3699777,1
3699778,1
3699779,1
3699780,1
3699781,1
3699782,1
3699783,1
3699784,1
3699785,1
3699786,1
3699787,1
3699788,1
3699789,1
3699790,1
3699791,1
3699792,1
3699793,1
3699794,1
3699795,1
3699796,1
3699797,1
3699798,1
3699799,1
3699800,1
3699801,1
3699802,1
3699803,1
3699804,1
3699805,1
3699806,1
3699807,1
3699808,1
3699809,1
3699810,1
3699811,1
3699812,1
3699813,1
3699814,1
3699815,1
3699816,1
3699817,1
3699818,1
3699819,1
3699820,1
3699821,1
3699822,1
3699823,1
3699843,1
3699844,1
3699866,1
3699867,1
3699868,1
3699869,1
3699870,1
3699875,1
3699878,1
3699880,1
3699881,1
3699882,1
3699883,1
3699884,1
3699885,1
3699892,1
3699893,1
3699894,1
3699898,1
3699899,1
3699900,1
3699901,1
3699902,1
3699903,1
3699904,1
3699905,1
3699906,1
3699908,1
3699909,1
3699910,1
3699911,1
3699969,1
3699973,1
3699974,1
3699975,1
3699976,1
3699977,1
3699983,1
3699984,1
3699987,1
3699988,1
3700171,1
3700172,1
3700298,1
3700299,1
3703182,1
3703183,1
3703194,1
3703195,1
3703230,1
3703231,1
3703244,1
3703245,1
3703304,1
3703305,1
3703306,1
3703307,1
3703308,1
3703309,1
3703310,1
3703311,1
3703312,1
3703313,1
3703314,1
3703315,1
3703316,1
3703317,1
3703319,1
3703320,1
3703321,1
3703322,1
3703323,1
3703324,1
3703325,1
3703326,1
3703327,1
3703328,1
3703329,1
3703330,1
3703331,1
3703332,1
3703333,1
3703334,1
3703335,1
3703336,1
3703337,1
3703338,1
3703339,1
3703340,1
3703341,1
3703342,1
3703343,1
3703344,1
3703345,1
3703346,1
3703347,1
3703348,1
3703349,1
3703350,1
3703351,1
3703352,1
3703353,1
3703354,1
3703355,1
3703356,1
3703357,1
3703358,1
3703359,1
3703360,1
3703361,1
3703362,1
3703363,1
3703364,1
3703365,1
3703366,1
3703367,1
3703368,1
3703369,1
3703370,1
3703371,1
3703372,1
3703373,1
3703374,1
3703375,1
3703376,1
3703377,1
3703378,1
3703379,1
3703380,1
3703381,1
3703382,1
3703383,1
3703384,1
3703385,1
3703386,1
3703387,1
3703388,1
3703389,1
3703390,1
3703391,1
3703392,1
3703393,1
3703394,1
3703395,1
3703396,1
3703397,1
3703398,1
3703399,1
3703400,1
3703401,1
3703402,1
3703403,1
3703404,1
3703405,1
3703406,1
3703407,1
3703408,1
3703409,1
3703410,1
3703411,1
3703412,1
3703413,1
3703414,1
3703415,1
3703416,1
3703417,1
3703418,1
3703419,1
3703420,1
3703421,1
3703422,1
3703423,1
3703424,1
3703425,1
3703426,1
3703427,1
3703428,1
3703429,1
3703430,1
3703431,1
3703432,1
3703433,1
3703434,1
3703435,1
3703436,1
3703437,1
3703438,1
3703439,1
3703440,1
3703459,1
3703460,1
3703461,1
3703483,1
3703484,1
3703485,1
3703486,1
3703487,1
3703491,1
3703492,1
3703495,1
3703499,1
3703500,1
3703501,1
3703502,1
3703509,1
3703510,1
3703511,1
3703516,1
3703517,1
3703518,1
3703527,1
3703586,1
3703595,1
3703596,1
3703597,1
3703601,1
3703602,1
3703605,1
3703787,1
3703788,1
3703789,1
3706798,1
3706799,1
3706812,1
3706813,1
3706814,1
3706815,1
3706846,1
3706847,1
3706860,1
3706861,1
3706892,1
3706893,1
3706894,1
3706920,1
3706921,1
3706922,1
3706923,1
3706924,1
3706925,1
3706926,1
3706927,1
3706928,1
3706929,1
3706930,1
3706931,1
3706932,1
3706933,1
3706934,1
3706935,1
3706936,1
3706937,1
3706938,1
3706939,1
3706940,1
3706941,1
3706942,1
3706943,1
3706944,1
3706945,1
3706946,1
3706947,1
3706948,1
3706949,1
3706950,1
3706951,1
3706952,1
3706953,1
3706954,1
3706955,1
3706956,1
3706957,1
3706958,1
3706959,1
3706960,1
3706961,1
3706962,1
3706963,1
3706964,1
3706965,1
3706966,1
3706967,1
3706968,1
3706969,1
3706970,1
3706971,1
3706972,1
3706973,1
3706974,1
3706975,1
3706976,1
3706977,1
3706978,1
3706979,1
3706980,1
3706981,1
3706982,1
3706983,1
3706984,1
3706985,1
3706986,1
3706987,1
3706988,1
3706989,1
3706990,1
3706991,1
3706992,1
3706993,1
3706994,1
3706995,1
3706996,1
3706997,1
3706998,1
3706999,1
3707000,1
3707001,1
3707002,1
3707003,1
3707004,1
3707005,1
3707006,1
3707007,1
3707008,1
3707009,1
3707010,1
3707011,1
3707012,1
3707013,1
3707014,1
3707015,1
3707016,1
3707017,1
3707018,1
3707019,1
3707020,1
3707021,1
3707022,1
3707023,1
3707024,1
3707025,1
3707026,1
3707027,1
3707028,1
3707029,1
3707030,1
3707031,1
3707032,1
3707033,1
3707034,1
3707035,1
3707036,1
3707037,1
3707038,1
3707039,1
3707040,1
3707041,1
3707042,1
3707043,1
3707044,1
3707045,1
3707046,1
3707047,1
3707048,1
3707049,1
3707050,1
3707051,1
3707052,1
3707053,1
3707054,1
3707055,1
3707056,1
3707078,1
3707079,1
3707080,1
3707101,1
3707102,1
3707103,1
3707104,1
3707105,1
3707106,1
3707107,1
3707108,1
3707109,1
3707110,1
3707112,1
3707117,1
3707118,1
3707127,1
3707132,1
3707133,1
3707134,1
3707135,1
3707202,1
3707212,1
3707213,1
3707214,1
3707215,1
3707218,1
3707219,1
3707222,1
3707223,1
3710415,1
3710416,1
3710429,1
3710430,1
3710431,1
3710432,1
3710433,1
3710462,1
3710463,1
3710476,1
3710477,1
3710507,1
3710508,1
3710509,1
3710510,1
3710511,1
3710515,1
3710516,1
3710537,1
3710538,1
3710539,1
3710540,1
3710541,1
3710542,1
3710543,1
3710544,1
3710545,1
3710546,1
3710547,1
3710548,1
3710549,1
3710550,1
3710551,1
3710552,1
3710553,1
3710554,1
3710555,1
3710556,1
3710557,1
3710558,1
3710559,1
3710560,1
3710561,1
3710562,1
3710563,1
3710564,1
3710565,1
3710566,1
3710567,1
3710568,1
3710569,1
3710570,1
3710571,1
3710572,1
3710573,1
3710574,1
3710575,1
3710576,1
3710577,1
3710578,1
3710579,1
3710580,1
3710581,1
3710582,1
3710583,1
3710584,1
3710585,1
3710586,1
3710587,1
3710588,1
3710589,1
3710590,1
3710591,1
3710592,1
3710593,1
3710594,1
3710595,1
3710596,1
3710597,1
3710598,1
3710599,1
3710600,1
3710601,1
3710602,1
3710603,1
3710604,1
3710605,1
3710606,1
3710607,1
3710608,1
3710609,1
3710610,1
3710611,1
3710612,1
3710613,1
3710614,1
3710615,1
3710616,1
3710617,1
3710618,1
3710619,1
3710620,1
3710621,1
3710622,1
3710623,1
3710624,1
3710625,1
3710626,1
3710627,1
3710628,1
3710629,1
3710630,1
3710631,1
3710632,1
3710633,1
3710634,1
3710635,1
3710636,1
3710637,1
3710638,1
3710639,1
3710640,1
3710641,1
3710642,1
3710643,1
3710644,1
3710645,1
3710646,1
3710647,1
3710648,1
3710649,1
3710650,1
3710651,1
3710652,1
3710653,1
3710654,1
3710655,1
3710656,1
3710657,1
3710658,1
3710659,1
3710660,1
3710661,1
3710662,1
3710663,1
3710664,1
3710665,1
3710666,1
3710667,1
3710668,1
3710669,1
3710670,1
3710671,1
3710672,1
3710673,1
3710697,1
3710698,1
3710719,1
3710720,1
3710721,1
3710722,1
3710723,1
3710724,1
3710725,1
3710726,1
3710728,1
3710735,1
3710820,1
3710831,1
3710836,1
3710837,1
3710839,1
3710840,1
3710842,1
3710843,1
3714033,1
3714049,1
3714050,1
3714079,1
3714093,1
3714124,1
3714125,1
3714126,1
3714127,1
3714128,1
3714131,1
3714132,1
3714133,1
3714152,1
3714154,1
3714155,1
3714156,1
3714157,1
3714158,1
3714159,1
3714160,1
3714161,1
3714162,1
3714163,1
3714164,1
3714165,1
3714166,1
3714167,1
3714168,1
3714169,1
3714170,1
3714171,1
3714172,1
3714173,1
3714174,1
3714175,1
3714176,1
3714177,1
3714178,1
3714179,1
3714180,1
3714181,1
3714182,1
3714183,1
3714184,1
3714185,1
3714186,1
3714187,1
3714188,1
3714189,1
3714190,1
3714191,1
3714192,1
3714193,1
3714194,1
3714195,1
3714196,1
3714197,1
3714198,1
3714199,1
3714200,1
3714201,1
3714202,1
3714203,1
3714204,1
3714205,1
3714206,1
3714207,1
3714208,1
3714209,1
3714210,1
3714211,1
3714212,1
3714213,1
3714214,1
3714215,1
3714216,1
3714217,1
3714218,1
3714219,1
3714220,1
3714221,1
3714222,1
3714223,1
3714224,1
3714225,1
3714226,1
3714227,1
3714228,1
3714229,1
3714230,1
3714231,1
3714232,1
3714233,1
3714234,1
3714235,1
3714236,1
3714237,1
3714238,1
3714239,1
3714240,1
3714241,1
3714242,1
3714243,1
3714244,1
3714245,1
3714246,1
3714247,1
3714248,1
3714249,1
3714250,1
3714251,1
3714252,1
3714253,1
3714254,1
3714255,1
3714256,1
3714257,1
3714258,1
3714259,1
3714260,1
3714261,1
3714262,1
3714263,1
3714264,1
3714265,1
3714266,1
3714267,1
3714268,1
3714269,1
3714270,1
3714271,1
3714272,1
3714273,1
3714274,1
3714275,1
3714276,1
3714277,1
3714278,1
3714279,1
3714280,1
3714281,1
3714282,1
3714283,1
3714284,1
3714285,1
3714286,1
3714287,1
3714288,1
3714289,1
3714290,1
3714314,1
3714315,1
3714342,1
3714343,1
3714345,1
3714346,1
3714347,1
3714348,1
3714351,1
3714352,1
3714437,1
3714448,1
3714449,1
3714454,1
3714456,1
3714457,1
3714459,1
3714460,1
3714461,1
3717650,1
3717651,1
3717652,1
3717653,1
3717655,1
3717666,1
3717667,1
3717696,1
3717708,1
3717709,1
3717739,1
3717741,1
3717742,1
3717743,1
3717744,1
3717745,1
3717746,1
3717747,1
3717748,1
3717749,1
3717750,1
3717751,1
3717752,1
3717768,1
3717769,1
3717770,1
3717771,1
3717772,1
3717773,1
3717774,1
3717775,1
3717776,1
3717777,1
3717778,1
3717779,1
3717780,1
3717781,1
3717782,1
3717783,1
3717784,1
3717785,1
3717786,1
3717787,1
3717788,1
3717789,1
3717790,1
3717791,1
3717792,1
3717793,1
3717794,1
3717795,1
3717796,1
3717797,1
3717798,1
3717799,1
3717800,1
3717801,1
3717802,1
3717803,1
3717804,1
3717805,1
3717806,1
3717807,1
3717808,1
3717809,1
3717810,1
3717811,1
3717812,1
3717813,1
3717814,1
3717815,1
3717816,1
3717817,1
3717818,1
3717819,1
3717820,1
3717821,1
3717822,1
3717823,1
3717824,1
3717825,1
3717826,1
3717827,1
3717828,1
3717829,1
3717830,1
3717831,1
3717832,1
3717833,1
3717834,1
3717835,1
3717836,1
3717837,1
3717838,1
3717839,1
3717840,1
3717841,1
3717842,1
3717843,1
3717844,1
3717845,1
3717846,1
3717847,1
3717848,1
3717849,1
3717850,1
3717851,1
3717852,1
3717853,1
3717854,1
3717855,1
3717856,1
3717857,1
3717858,1
3717859,1
3717860,1
3717861,1
3717862,1
3717863,1
3717864,1
3717865,1
3717866,1
3717867,1
3717868,1
3717869,1
3717870,1
3717871,1
3717872,1
3717873,1
3717874,1
3717875,1
3717876,1
3717877,1
3717878,1
3717879,1
3717880,1
3717881,1
3717882,1
3717883,1
3717884,1
3717885,1
3717886,1
3717887,1
3717888,1
3717889,1
3717890,1
3717891,1
3717892,1
3717893,1
3717894,1
3717895,1
3717896,1
3717897,1
3717898,1
3717899,1
3717900,1
3717901,1
3717902,1
3717903,1
3717904,1
3717905,1
3717906,1
3717907,1
3717932,1
3717933,1
3717958,1
3717959,1
3717964,1
3717965,1
3717967,1
3718054,1
3718055,1
3718066,1
3718067,1
3718071,1
3718072,1
3718073,1
3718074,1
3718076,1
3718077,1
3718078,1
3718127,1
3718128,1
3721270,1
3721271,1
3721272,1
3721273,1
3721284,1
3721312,1
3721313,1
3721325,1
3721355,1
3721356,1
3721358,1
3721359,1
3721360,1
3721361,1
3721362,1
3721363,1
3721364,1
3721365,1
3721366,1
3721367,1
3721368,1
3721369,1
3721370,1
3721371,1
3721384,1
3721385,1
3721386,1
3721387,1
3721388,1
3721389,1
3721390,1
3721391,1
3721392,1
3721393,1
3721394,1
3721395,1
3721396,1
3721397,1
3721398,1
3721399,1
3721400,1
3721401,1
3721402,1
3721403,1
3721404,1
3721405,1
3721406,1
3721407,1
3721408,1
3721409,1
3721410,1
3721411,1
3721412,1
3721413,1
3721414,1
3721415,1
3721416,1
3721417,1
3721418,1
3721419,1
3721420,1
3721421,1
3721422,1
3721423,1
3721424,1
3721425,1
3721426,1
3721427,1
3721428,1
3721429,1
3721430,1
3721431,1
3721432,1
3721433,1
3721434,1
3721435,1
3721436,1
3721437,1
3721438,1
3721439,1
3721440,1
3721441,1
3721442,1
3721443,1
3721444,1
3721445,1
3721446,1
3721447,1
3721448,1
3721449,1
3721450,1
3721451,1
3721452,1
3721453,1
3721454,1
3721455,1
3721456,1
3721457,1
3721458,1
3721459,1
3721460,1
3721461,1
3721462,1
3721463,1
3721464,1
3721465,1
3721466,1
3721467,1
3721468,1
3721469,1
3721470,1
3721471,1
3721472,1
3721473,1
3721474,1
3721475,1
3721476,1
3721477,1
3721478,1
3721479,1
3721480,1
3721481,1
3721482,1
3721483,1
3721484,1
3721485,1
3721486,1
3721487,1
3721488,1
3721489,1
3721490,1
3721491,1
3721492,1
3721493,1
3721494,1
3721495,1
3721496,1
3721497,1
3721498,1
3721499,1
3721500,1
3721501,1
3721502,1
3721503,1
3721504,1
3721505,1
3721506,1
3721507,1
3721508,1
3721509,1
3721510,1
3721511,1
3721512,1
3721513,1
3721514,1
3721515,1
3721516,1
3721517,1
3721518,1
3721519,1
3721520,1
3721521,1
3721549,1
3721550,1
3721572,1
3721573,1
3721574,1
3721575,1
3721582,1
3721583,1
3721584,1
3721585,1
3721587,1
3721672,1
3721673,1
3721674,1
3721675,1
3721676,1
3721677,1
3721683,1
3721689,1
3721690,1
3721693,1
3721694,1
3721744,1
3721745,1
3721746,1
3724891,1
3724901,1
3724902,1
3724903,1
3724929,1
3724940,1
3724941,1
3724972,1
3724973,1
3724975,1
3724976,1
3724977,1
3724978,1
3724979,1
3724980,1
3724981,1
3724982,1
3724983,1
3724984,1
3724985,1
3724986,1
3724987,1
3724988,1
3724989,1
3724990,1
3724991,1
3724992,1
3724993,1
3724995,1
3724997,1
3724998,1
3724999,1
3725000,1
3725001,1
3725002,1
3725003,1
3725004,1
3725005,1
3725006,1
3725007,1
3725008,1
3725009,1
3725010,1
3725011,1
3725012,1
3725013,1
3725014,1
3725015,1
3725016,1
3725017,1
3725018,1
3725019,1
3725020,1
3725021,1
3725022,1
3725023,1
3725024,1
3725025,1
3725026,1
3725027,1
3725028,1
3725029,1
3725030,1
3725031,1
3725032,1
3725033,1
3725034,1
3725035,1
3725036,1
3725037,1
3725038,1
3725039,1
3725040,1
3725041,1
3725042,1
3725043,1
3725044,1
3725045,1
3725046,1
3725047,1
3725048,1
3725049,1
3725050,1
3725051,1
3725052,1
3725053,1
3725054,1
3725055,1
3725056,1
3725057,1
3725058,1
3725059,1
3725060,1
3725061,1
3725062,1
3725063,1
3725064,1
3725065,1
3725066,1
3725067,1
3725068,1
3725069,1
3725070,1
3725071,1
3725072,1
3725073,1
3725074,1
3725075,1
3725076,1
3725077,1
3725078,1
3725079,1
3725080,1
3725081,1
3725082,1
3725083,1
3725084,1
3725085,1
3725086,1
3725087,1
3725088,1
3725089,1
3725090,1
3725091,1
3725092,1
3725093,1
3725094,1
3725095,1
3725096,1
3725097,1
3725098,1
3725099,1
3725100,1
3725101,1
3725102,1
3725103,1
3725104,1
3725105,1
3725106,1
3725107,1
3725108,1
3725109,1
3725110,1
3725111,1
3725112,1
3725113,1
3725114,1
3725115,1
3725116,1
3725117,1
3725118,1
3725119,1
3725120,1
3725121,1
3725122,1
3725123,1
3725124,1
3725125,1
3725126,1
3725127,1
3725128,1
3725129,1
3725130,1
3725131,1
3725132,1
3725133,1
3725134,1
3725135,1
3725166,1
3725167,1
3725190,1
3725191,1
3725200,1
3725202,1
3725203,1
3725205,1
3725294,1
3725295,1
3725296,1
3725298,1
3725299,1
3725300,1
3725310,1
3725311,1
3725362,1
3725363,1
3725719,1
3725721,1
3728509,1
3728510,1
3728519,1
3728520,1
3728545,1
3728556,1
3728557,1
3728588,1
3728589,1
3728590,1
3728591,1
3728592,1
3728593,1
3728594,1
3728595,1
3728596,1
3728597,1
3728598,1
3728599,1
3728600,1
3728601,1
3728602,1
3728603,1
3728604,1
3728605,1
3728606,1
3728607,1
3728608,1
3728609,1
3728610,1
3728611,1
3728612,1
3728614,1
3728615,1
3728616,1
3728617,1
3728618,1
3728619,1
3728620,1
3728621,1
3728622,1
3728623,1
3728624,1
3728625,1
3728626,1
3728627,1
3728628,1
3728629,1
3728630,1
3728631,1
3728632,1
3728633,1
3728634,1
3728635,1
3728636,1
3728637,1
3728638,1
3728639,1
3728640,1
3728641,1
3728642,1
3728643,1
3728644,1
3728645,1
3728646,1
3728647,1
3728648,1
3728649,1
3728650,1
3728651,1
3728652,1
3728653,1
3728654,1
3728655,1
3728656,1
3728657,1
3728658,1
3728659,1
3728660,1
3728661,1
3728662,1
3728663,1
3728664,1
3728665,1
3728666,1
3728667,1
3728668,1
3728669,1
3728670,1
3728671,1
3728672,1
3728673,1
3728674,1
3728675,1
3728676,1
3728677,1
3728678,1
3728679,1
3728680,1
3728681,1
3728682,1
3728683,1
3728684,1
3728685,1
3728686,1
3728687,1
3728688,1
3728689,1
3728690,1
3728691,1
3728692,1
3728693,1
3728694,1
3728695,1
3728696,1
3728697,1
3728698,1
3728699,1
3728700,1
3728701,1
3728702,1
3728703,1
3728704,1
3728705,1
3728706,1
3728707,1
3728708,1
3728709,1
3728710,1
3728711,1
3728712,1
3728713,1
3728714,1
3728715,1
3728716,1
3728717,1
3728718,1
3728719,1
3728720,1
3728721,1
3728722,1
3728723,1
3728724,1
3728725,1
3728726,1
3728727,1
3728728,1
3728729,1
3728730,1
3728731,1
3728732,1
3728733,1
3728734,1
3728735,1
3728736,1
3728737,1
3728738,1
3728739,1
3728740,1
3728741,1
3728742,1
3728743,1
3728744,1
3728745,1
3728746,1
3728747,1
3728748,1
3728749,1
3728750,1
3728784,1
3728785,1
3728807,1
3728808,1
3728809,1
3728810,1
3728817,1
3728818,1
3728819,1
3728822,1
3728914,1
3728915,1
3728926,1
3728927,1
3728964,1
3728967,1
3729336,1
3729337,1
3729338,1
3732126,1
3732127,1
3732136,1
3732137,1
3732161,1
3732162,1
3732163,1
3732164,1
3732172,1
3732173,1
3732201,1
3732202,1
3732203,1
3732204,1
3732205,1
3732206,1
3732207,1
3732208,1
3732209,1
3732210,1
3732211,1
3732212,1
3732213,1
3732214,1
3732215,1
3732216,1
3732217,1
3732218,1
3732219,1
3732220,1
3732221,1
3732222,1
3732223,1
3732224,1
3732225,1
3732226,1
3732227,1
3732228,1
3732229,1
3732230,1
3732231,1
3732232,1
3732233,1
3732234,1
3732235,1
3732236,1
3732237,1
3732238,1
3732239,1
3732240,1
3732241,1
3732242,1
3732243,1
3732244,1
3732245,1
3732246,1
3732247,1
3732248,1
3732249,1
3732250,1
3732251,1
3732252,1
3732253,1
3732254,1
3732255,1
3732256,1
3732257,1
3732258,1
3732259,1
3732260,1
3732261,1
3732262,1
3732263,1
3732264,1
3732265,1
3732266,1
3732267,1
3732268,1
3732269,1
3732270,1
3732271,1
3732272,1
3732273,1
3732274,1
3732275,1
3732276,1
3732277,1
3732278,1
3732279,1
3732280,1
3732281,1
3732282,1
3732283,1
3732284,1
3732285,1
3732286,1
3732287,1
3732288,1
3732289,1
3732290,1
3732291,1
3732292,1
3732293,1
3732294,1
3732295,1
3732296,1
3732297,1
3732298,1
3732299,1
3732300,1
3732301,1
3732302,1
3732303,1
3732304,1
3732305,1
3732306,1
3732307,1
3732308,1
3732309,1
3732310,1
3732311,1
3732312,1
3732313,1
3732314,1
3732315,1
3732316,1
3732317,1
3732318,1
3732319,1
3732320,1
3732321,1
3732322,1
3732323,1
3732324,1
3732325,1
3732326,1
3732327,1
3732328,1
3732329,1
3732330,1
3732331,1
3732332,1
3732333,1
3732334,1
3732335,1
3732336,1
3732337,1
3732338,1
3732339,1
3732340,1
3732341,1
3732342,1
3732343,1
3732344,1
3732345,1
3732346,1
3732348,1
3732349,1
3732350,1
3732351,1
3732352,1
3732353,1
3732354,1
3732355,1
3732356,1
3732357,1
3732358,1
3732359,1
3732360,1
3732361,1
3732362,1
3732363,1
3732364,1
3732365,1
3732366,1
3732367,1
3732401,1
3732402,1
3732403,1
3732404,1
3732407,1
3732427,1
3732428,1
3732433,1
3732434,1
3732438,1
3732543,1
3732544,1
3732580,1
3732583,1
3735744,1
3735752,1
3735753,1
3735777,1
3735779,1
3735785,1
3735786,1
3735787,1
3735788,1
3735789,1
3735816,1
3735817,1
3735818,1
3735819,1
3735820,1
3735821,1
3735822,1
3735823,1
3735824,1
3735825,1
3735826,1
3735827,1
3735828,1
3735829,1
3735830,1
3735831,1
3735832,1
3735833,1
3735834,1
3735835,1
3735836,1
3735837,1
3735838,1
3735839,1
3735840,1
3735841,1
3735842,1
3735843,1
3735844,1
3735845,1
3735846,1
3735847,1
3735848,1
3735849,1
3735850,1
3735851,1
3735852,1
3735853,1
3735854,1
3735855,1
3735856,1
3735857,1
3735858,1
3735859,1
3735860,1
3735861,1
3735862,1
3735863,1
3735864,1
3735865,1
3735866,1
3735867,1
3735868,1
3735869,1
3735870,1
3735871,1
3735872,1
3735873,1
3735874,1
3735875,1
3735876,1
3735877,1
3735878,1
3735879,1
3735880,1
3735881,1
3735882,1
3735883,1
3735884,1
3735885,1
3735886,1
3735887,1
3735888,1
3735889,1
3735890,1
3735891,1
3735892,1
3735893,1
3735894,1
3735895,1
3735896,1
3735897,1
3735898,1
3735899,1
3735900,1
3735901,1
3735902,1
3735903,1
3735904,1
3735905,1
3735906,1
3735907,1
3735908,1
3735909,1
3735910,1
3735911,1
3735912,1
3735913,1
3735914,1
3735915,1
3735916,1
3735917,1
3735918,1
3735919,1
3735920,1
3735921,1
3735922,1
3735923,1
3735924,1
3735925,1
3735926,1
3735927,1
3735928,1
3735929,1
3735930,1
3735931,1
3735932,1
3735933,1
3735934,1
3735935,1
3735936,1
3735937,1
3735938,1
3735939,1
3735940,1
3735941,1
3735942,1
3735943,1
3735944,1
3735945,1
3735946,1
3735947,1
3735948,1
3735949,1
3735950,1
3735951,1
3735952,1
3735953,1
3735954,1
3735955,1
3735956,1
3735957,1
3735958,1
3735959,1
3735960,1
3735961,1
3735962,1
3735963,1
3735966,1
3735967,1
3735968,1
3735969,1
3735970,1
3735971,1
3735972,1
3735973,1
3735974,1
3735975,1
3735976,1
3735977,1
3735978,1
3735979,1
3735980,1
3735981,1
3735982,1
3735983,1
3735984,1
3736018,1
3736019,1
3736020,1
3736021,1
3736022,1
3736023,1
3736024,1
3736025,1
3736029,1
3736045,1
3736046,1
3736047,1
3736048,1
3736049,1
3736050,1
3736051,1
3736052,1
3736053,1
3736054,1
3736055,1
3736060,1
3736153,1
3736156,1
3736157,1
3736158,1
3736159,1
3736160,1
3736197,1
3736200,1
3736201,1
3736202,1
3736203,1
3739361,1
3739362,1
3739367,1
3739368,1
3739369,1
3739393,1
3739395,1
3739401,1
3739402,1
3739403,1
3739404,1
3739405,1
3739429,1
3739430,1
3739431,1
3739432,1
3739433,1
3739434,1
3739435,1
3739436,1
3739437,1
3739438,1
3739439,1
3739440,1
3739441,1
3739442,1
3739443,1
3739444,1
3739445,1
3739446,1
3739447,1
3739448,1
3739449,1
3739450,1
3739451,1
3739452,1
3739453,1
3739454,1
3739455,1
3739456,1
3739457,1
3739458,1
3739459,1
3739460,1
3739461,1
3739462,1
3739463,1
3739464,1
3739465,1
3739466,1
3739467,1
3739468,1
3739469,1
3739470,1
3739471,1
3739472,1
3739473,1
3739474,1
3739475,1
3739476,1
3739477,1
3739478,1
3739479,1
3739480,1
3739481,1
3739482,1
3739483,1
3739484,1
3739485,1
3739486,1
3739487,1
3739488,1
3739489,1
3739490,1
3739491,1
3739492,1
3739493,1
3739494,1
3739495,1
3739496,1
3739497,1
3739498,1
3739499,1
3739500,1
3739501,1
3739502,1
3739503,1
3739504,1
3739505,1
3739506,1
3739507,1
3739508,1
3739509,1
3739510,1
3739511,1
3739512,1
3739513,1
3739514,1
3739515,1
3739516,1
3739517,1
3739518,1
3739519,1
3739520,1
3739521,1
3739522,1
3739523,1
3739524,1
3739525,1
3739526,1
3739527,1
3739528,1
3739529,1
3739530,1
3739531,1
3739532,1
3739533,1
3739534,1
3739535,1
3739536,1
3739537,1
3739538,1
3739539,1
3739540,1
3739541,1
3739542,1
3739543,1
3739544,1
3739545,1
3739546,1
3739547,1
3739548,1
3739549,1
3739550,1
3739551,1
3739552,1
3739553,1
3739554,1
3739555,1
3739556,1
3739557,1
3739558,1
3739559,1
3739560,1
3739561,1
3739562,1
3739563,1
3739564,1
3739565,1
3739566,1
3739567,1
3739568,1
3739569,1
3739570,1
3739571,1
3739572,1
3739573,1
3739574,1
3739575,1
3739576,1
3739577,1
3739578,1
3739579,1
3739580,1
3739581,1
3739583,1
3739585,1
3739586,1
3739587,1
3739588,1
3739589,1
3739590,1
3739591,1
3739592,1
3739593,1
3739594,1
3739595,1
3739596,1
3739597,1
3739598,1
3739599,1
3739639,1
3739640,1
3739641,1
3739642,1
3739643,1
3739644,1
3739645,1
3739646,1
3739647,1
3739648,1
3739649,1
3739650,1
3739665,1
3739666,1
3739667,1
3739668,1
3739669,1
3739670,1
3739671,1
3739676,1
3739677,1
3739678,1
3739770,1
3739774,1
3739776,1
3739777,1
3739778,1
3739815,1
3739818,1
3739819,1
3739820,1
3739821,1
3740189,1
3740190,1
3740191,1
3742978,1
3742979,1
3742980,1
3742981,1
3742982,1
3742983,1
3743010,1
3743011,1
3743012,1
3743017,1
3743018,1
3743045,1
3743046,1
3743047,1
3743048,1
3743050,1
3743051,1
3743052,1
3743053,1
3743054,1
3743055,1
3743056,1
3743057,1
3743058,1
3743059,1
3743060,1
3743061,1
3743062,1
3743063,1
3743064,1
3743065,1
3743066,1
3743067,1
3743068,1
3743069,1
3743070,1
3743071,1
3743072,1
3743073,1
3743074,1
3743075,1
3743076,1
3743077,1
3743078,1
3743079,1
3743080,1
3743081,1
3743082,1
3743083,1
3743084,1
3743085,1
3743086,1
3743087,1
3743088,1
3743089,1
3743090,1
3743091,1
3743092,1
3743093,1
3743094,1
3743095,1
3743096,1
3743097,1
3743098,1
3743099,1
3743100,1
3743101,1
3743102,1
3743103,1
3743104,1
3743105,1
3743106,1
3743107,1
3743108,1
3743109,1
3743110,1
3743111,1
3743112,1
3743113,1
3743114,1
3743115,1
3743116,1
3743117,1
3743118,1
3743119,1
3743120,1
3743121,1
3743122,1
3743123,1
3743124,1
3743125,1
3743126,1
3743127,1
3743128,1
3743129,1
3743130,1
3743131,1
3743132,1
3743133,1
3743134,1
3743135,1
3743136,1
3743137,1
3743138,1
3743139,1
3743140,1
3743141,1
3743142,1
3743143,1
3743144,1
3743145,1
3743146,1
3743147,1
3743148,1
3743149,1
3743150,1
3743151,1
3743152,1
3743153,1
3743154,1
3743155,1
3743156,1
3743157,1
3743158,1
3743159,1
3743160,1
3743161,1
3743162,1
3743163,1
3743164,1
3743165,1
3743166,1
3743167,1
3743168,1
3743169,1
3743170,1
3743171,1
3743172,1
3743173,1
3743174,1
3743175,1
3743176,1
3743177,1
3743178,1
3743179,1
3743180,1
3743181,1
3743182,1
3743183,1
3743184,1
3743185,1
3743186,1
3743187,1
3743188,1
3743189,1
3743190,1
3743191,1
3743192,1
3743193,1
3743194,1
3743195,1
3743196,1
3743197,1
3743198,1
3743199,1
3743200,1
3743201,1
3743202,1
3743203,1
3743204,1
3743205,1
3743206,1
3743207,1
3743208,1
3743209,1
3743210,1
3743211,1
3743212,1
3743213,1
3743214,1
3743215,1
3743216,1
3743258,1
3743259,1
3743260,1
3743261,1
3743262,1
3743263,1
3743264,1
3743265,1
3743266,1
3743267,1
3743268,1
3743269,1
3743279,1
3743280,1
3743282,1
3743283,1
3743284,1
3743285,1
3743286,1
3743287,1
3743289,1
3743290,1
3743293,1
3743295,1
3743296,1
3743297,1
3743387,1
3743388,1
3743389,1
3743392,1
3743393,1
3743431,1
3743432,1
3743435,1
3743436,1
3743437,1
3743438,1
3743806,1
3743807,1
3743808,1
3746612,1
3746613,1
3746614,1
3746615,1
3746627,1
3746628,1
3746629,1
3746630,1
3746631,1
3746632,1
3746633,1
3746661,1
3746662,1
3746663,1
3746664,1
3746665,1
3746667,1
3746668,1
3746669,1
3746670,1
3746671,1
3746672,1
3746673,1
3746674,1
3746675,1
3746676,1
3746677,1
3746678,1
3746679,1
3746680,1
3746681,1
3746682,1
3746683,1
3746684,1
3746685,1
3746686,1
3746687,1
3746688,1
3746689,1
3746690,1
3746691,1
3746692,1
3746693,1
3746694,1
3746695,1
3746696,1
3746697,1
3746698,1
3746699,1
3746700,1
3746701,1
3746702,1
3746703,1
3746704,1
3746705,1
3746706,1
3746707,1
3746708,1
3746709,1
3746710,1
3746711,1
3746712,1
3746713,1
3746714,1
3746715,1
3746716,1
3746717,1
3746718,1
3746719,1
3746720,1
3746721,1
3746722,1
3746723,1
3746724,1
3746725,1
3746726,1
3746727,1
3746728,1
3746729,1
3746730,1
3746731,1
3746732,1
3746733,1
3746734,1
3746735,1
3746736,1
3746737,1
3746738,1
3746739,1
3746740,1
3746741,1
3746742,1
3746743,1
3746744,1
3746745,1
3746746,1
3746747,1
3746748,1
3746749,1
3746750,1
3746751,1
3746752,1
3746753,1
3746754,1
3746755,1
3746756,1
3746757,1
3746758,1
3746759,1
3746760,1
3746761,1
3746762,1
3746763,1
3746764,1
3746765,1
3746766,1
3746767,1
3746768,1
3746769,1
3746770,1
3746771,1
3746772,1
3746773,1
3746774,1
3746775,1
3746776,1
3746777,1
3746778,1
3746779,1
3746780,1
3746781,1
3746782,1
3746783,1
3746784,1
3746785,1
3746786,1
3746787,1
3746788,1
3746789,1
3746790,1
3746791,1
3746792,1
3746793,1
3746794,1
3746795,1
3746796,1
3746797,1
3746798,1
3746799,1
3746800,1
3746801,1
3746802,1
3746803,1
3746804,1
3746805,1
3746806,1
3746807,1
3746808,1
3746809,1
3746810,1
3746811,1
3746812,1
3746813,1
3746814,1
3746815,1
3746816,1
3746817,1
3746818,1
3746819,1
3746820,1
3746821,1
3746822,1
3746823,1
3746824,1
3746825,1
3746826,1
3746827,1
3746828,1
3746829,1
3746830,1
3746831,1
3746832,1
3746885,1
3746886,1
3746887,1
3746888,1
3746889,1
3746890,1
3746897,1
3746898,1
3746899,1
3746902,1
3746903,1
3746904,1
3746905,1
3746906,1
3746907,1
3746908,1
3746911,1
3746912,1
3746913,1
3746914,1
3747004,1
3747005,1
3747006,1
3747010,1
3747011,1
3747012,1
3747013,1
3747048,1
3747049,1
3747424,1
3747425,1
3750227,1
3750228,1
3750229,1
3750232,1
3750243,1
3750244,1
3750245,1
3750246,1
3750277,1
3750278,1
3750279,1
3750280,1
3750281,1
3750282,1
3750283,1
3750284,1
3750285,1
3750286,1
3750287,1
3750288,1
3750289,1
3750290,1
3750291,1
3750292,1
3750293,1
3750294,1
3750295,1
3750296,1
3750297,1
3750298,1
3750299,1
3750300,1
3750301,1
3750302,1
3750303,1
3750304,1
3750305,1
3750306,1
3750307,1
3750308,1
3750309,1
3750310,1
3750311,1
3750312,1
3750313,1
3750314,1
3750315,1
3750316,1
3750317,1
3750318,1
3750319,1
3750320,1
3750321,1
3750322,1
3750323,1
3750324,1
3750325,1
3750326,1
3750327,1
3750328,1
3750329,1
3750330,1
3750331,1
3750332,1
3750333,1
3750334,1
3750335,1
3750336,1
3750337,1
3750338,1
3750339,1
3750340,1
3750341,1
3750342,1
3750343,1
3750344,1
3750345,1
3750346,1
3750347,1
3750348,1
3750349,1
3750350,1
3750351,1
3750352,1
3750353,1
3750354,1
3750355,1
3750356,1
3750357,1
3750358,1
3750359,1
3750360,1
3750361,1
3750362,1
3750363,1
3750364,1
3750365,1
3750366,1
3750367,1
3750368,1
3750369,1
3750370,1
3750371,1
3750372,1
3750373,1
3750374,1
3750375,1
3750376,1
3750377,1
3750378,1
3750379,1
3750380,1
3750381,1
3750382,1
3750383,1
3750384,1
3750385,1
3750386,1
3750387,1
3750388,1
3750389,1
3750390,1
3750391,1
3750392,1
3750393,1
3750394,1
3750395,1
3750396,1
3750397,1
3750398,1
3750399,1
3750400,1
3750401,1
3750402,1
3750403,1
3750404,1
3750405,1
3750406,1
3750407,1
3750408,1
3750409,1
3750410,1
3750411,1
3750412,1
3750413,1
3750414,1
3750415,1
3750416,1
3750417,1
3750418,1
3750419,1
3750420,1
3750421,1
3750422,1
3750423,1
3750424,1
3750425,1
3750426,1
3750427,1
3750428,1
3750429,1
3750430,1
3750431,1
3750432,1
3750433,1
3750434,1
3750435,1
3750436,1
3750437,1
3750438,1
3750439,1
3750440,1
3750441,1
3750442,1
3750443,1
3750444,1
3750445,1
3750446,1
3750447,1
3750448,1
3750449,1
3750504,1
3750505,1
3750506,1
3750507,1
3750508,1
3750509,1
3750516,1
3750517,1
3750518,1
3750519,1
3750520,1
3750521,1
3750522,1
3750523,1
3750524,1
3750525,1
3750526,1
3750527,1
3750622,1
3750623,1
3750630,1
3750665,1
3750666,1
3753843,1
3753844,1
3753848,1
3753859,1
3753862,1
3753893,1
3753894,1
3753895,1
3753896,1
3753897,1
3753898,1
3753899,1
3753900,1
3753901,1
3753902,1
3753903,1
3753904,1
3753905,1
3753906,1
3753907,1
3753908,1
3753909,1
3753910,1
3753911,1
3753912,1
3753913,1
3753914,1
3753915,1
3753916,1
3753917,1
3753918,1
3753919,1
3753920,1
3753921,1
3753922,1
3753923,1
3753924,1
3753925,1
3753926,1
3753927,1
3753928,1
3753929,1
3753930,1
3753931,1
3753932,1
3753933,1
3753934,1
3753935,1
3753936,1
3753937,1
3753938,1
3753939,1
3753940,1
3753941,1
3753942,1
3753943,1
3753944,1
3753945,1
3753946,1
3753947,1
3753948,1
3753949,1
3753950,1
3753951,1
3753952,1
3753953,1
3753954,1
3753955,1
3753956,1
3753957,1
3753958,1
3753959,1
3753960,1
3753961,1
3753962,1
3753963,1
3753964,1
3753965,1
3753966,1
3753967,1
3753968,1
3753969,1
3753970,1
3753971,1
3753972,1
3753973,1
3753974,1
3753975,1
3753976,1
3753977,1
3753978,1
3753979,1
3753980,1
3753981,1
3753982,1
3753983,1
3753984,1
3753985,1
3753986,1
3753987,1
3753988,1
3753989,1
3753990,1
3753991,1
3753992,1
3753993,1
3753994,1
3753995,1
3753996,1
3753997,1
3753998,1
3753999,1
3754000,1
3754001,1
3754002,1
3754003,1
3754004,1
3754005,1
3754006,1
3754007,1
3754008,1
3754009,1
3754010,1
3754011,1
3754012,1
3754013,1
3754014,1
3754015,1
3754016,1
3754017,1
3754018,1
3754019,1
3754020,1
3754021,1
3754022,1
3754023,1
3754024,1
3754025,1
3754026,1
3754027,1
3754028,1
3754029,1
3754030,1
3754031,1
3754032,1
3754033,1
3754034,1
3754035,1
3754036,1
3754037,1
3754038,1
3754039,1
3754040,1
3754041,1
3754042,1
3754043,1
3754044,1
3754045,1
3754046,1
3754047,1
3754048,1
3754049,1
3754050,1
3754051,1
3754052,1
3754053,1
3754054,1
3754055,1
3754056,1
3754057,1
3754058,1
3754059,1
3754060,1
3754061,1
3754062,1
3754063,1
3754064,1
3754065,1
3754066,1
3754121,1
3754122,1
3754123,1
3754124,1
3754125,1
3754133,1
3754135,1
3754136,1
3754137,1
3754138,1
3754139,1
3754140,1
3754141,1
3754142,1
3754143,1
3754144,1
3754150,1
3754151,1
3754152,1
3754153,1
3754154,1
3754239,1
3754240,1
3754247,1
3754283,1
3754284,1
3754285,1
3757459,1
3757460,1
3757461,1
3757462,1
3757463,1
3757464,1
3757474,1
3757475,1
3757479,1
3757509,1
3757510,1
3757511,1
3757512,1
3757513,1
3757514,1
3757515,1
3757516,1
3757517,1
3757518,1
3757519,1
3757520,1
3757521,1
3757522,1
3757523,1
3757524,1
3757525,1
3757526,1
3757527,1
3757528,1
3757529,1
3757530,1
3757531,1
3757532,1
3757533,1
3757534,1
3757535,1
3757536,1
3757537,1
3757538,1
3757539,1
3757540,1
3757541,1
3757542,1
3757543,1
3757544,1
3757545,1
3757546,1
3757547,1
3757548,1
3757549,1
3757550,1
3757551,1
3757552,1
3757553,1
3757554,1
3757555,1
3757556,1
3757557,1
3757558,1
3757559,1
3757560,1
3757561,1
3757562,1
3757563,1
3757564,1
3757565,1
3757566,1
3757567,1
3757568,1
3757569,1
3757570,1
3757571,1
3757572,1
3757573,1
3757574,1
3757575,1
3757576,1
3757577,1
3757578,1
3757579,1
3757580,1
3757581,1
3757582,1
3757583,1
3757584,1
3757585,1
3757586,1
3757587,1
3757588,1
3757589,1
3757590,1
3757591,1
3757592,1
3757593,1
3757594,1
3757595,1
3757596,1
3757597,1
3757598,1
3757599,1
3757600,1
3757601,1
3757602,1
3757603,1
3757604,1
3757605,1
3757606,1
3757607,1
3757608,1
3757609,1
3757610,1
3757611,1
3757612,1
3757613,1
3757614,1
3757615,1
3757616,1
3757617,1
3757618,1
3757619,1
3757620,1
3757621,1
3757622,1
3757623,1
3757624,1
3757625,1
3757626,1
3757627,1
3757628,1
3757629,1
3757630,1
3757631,1
3757632,1
3757633,1
3757634,1
3757635,1
3757636,1
3757637,1
3757638,1
3757639,1
3757640,1
3757641,1
3757642,1
3757643,1
3757644,1
3757645,1
3757646,1
3757647,1
3757648,1
3757649,1
3757650,1
3757651,1
3757652,1
3757653,1
3757654,1
3757655,1
3757656,1
3757657,1
3757658,1
3757659,1
3757660,1
3757661,1
3757662,1
3757663,1
3757664,1
3757666,1
3757667,1
3757668,1
3757669,1
3757670,1
3757671,1
3757672,1
3757673,1
3757674,1
3757675,1
3757676,1
3757677,1
3757678,1
3757679,1
3757680,1
3757681,1
3757682,1
3757740,1
3757741,1
3757742,1
3757743,1
3757744,1
3757748,1
3757750,1
3757751,1
3757752,1
3757753,1
3757754,1
3757755,1
3757756,1
3757757,1
3757758,1
3757759,1
3757760,1
3757761,1
3757766,1
3757767,1
3757769,1
3757771,1
3757857,1
3757858,1
3757864,1
3757865,1
3757902,1
3757903,1
3761074,1
3761088,1
3761089,1
3761090,1
3761091,1
3761095,1
3761096,1
3761122,1
3761125,1
3761126,1
3761127,1
3761128,1
3761129,1
3761130,1
3761131,1
3761132,1
3761133,1
3761134,1
3761135,1
3761136,1
3761137,1
3761138,1
3761139,1
3761140,1
3761141,1
3761142,1
3761143,1
3761144,1
3761145,1
3761146,1
3761147,1
3761148,1
3761149,1
3761150,1
3761151,1
3761152,1
3761153,1
3761154,1
3761155,1
3761156,1
3761157,1
3761158,1
3761159,1
3761160,1
3761161,1
3761162,1
3761163,1
3761164,1
3761165,1
3761166,1
3761167,1
3761168,1
3761169,1
3761170,1
3761171,1
3761172,1
3761173,1
3761174,1
3761175,1
3761176,1
3761177,1
3761178,1
3761179,1
3761180,1
3761181,1
3761182,1
3761183,1
3761184,1
3761185,1
3761186,1
3761187,1
3761188,1
3761189,1
3761190,1
3761191,1
3761192,1
3761193,1
3761194,1
3761195,1
3761196,1
3761197,1
3761198,1
3761199,1
3761200,1
3761201,1
3761202,1
3761203,1
3761204,1
3761205,1
3761206,1
3761207,1
3761208,1
3761209,1
3761210,1
3761211,1
3761212,1
3761213,1
3761214,1
3761215,1
3761216,1
3761217,1
3761218,1
3761219,1
3761220,1
3761221,1
3761222,1
3761223,1
3761224,1
3761225,1
3761226,1
3761227,1
3761228,1
3761229,1
3761230,1
3761231,1
3761232,1
3761233,1
3761234,1
3761235,1
3761236,1
3761237,1
3761238,1
3761239,1
3761240,1
3761241,1
3761242,1
3761243,1
3761244,1
3761245,1
3761246,1
3761247,1
3761248,1
3761249,1
3761250,1
3761251,1
3761252,1
3761253,1
3761254,1
3761255,1
3761256,1
3761257,1
3761258,1
3761259,1
3761260,1
3761261,1
3761262,1
3761263,1
3761264,1
3761265,1
3761266,1
3761267,1
3761268,1
3761269,1
3761270,1
3761271,1
3761272,1
3761273,1
3761274,1
3761275,1
3761276,1
3761277,1
3761278,1
3761279,1
3761280,1
3761281,1
3761282,1
3761283,1
3761284,1
3761286,1
3761287,1
3761288,1
3761289,1
3761290,1
3761291,1
3761292,1
3761293,1
3761294,1
3761295,1
3761296,1
3761297,1
3761298,1
3761299,1
3761300,1
3761359,1
3761360,1
3761361,1
3761362,1
3761363,1
3761364,1
3761365,1
3761366,1
3761367,1
3761368,1
3761369,1
3761370,1
3761371,1
3761372,1
3761373,1
3761374,1
3761375,1
3761376,1
3761377,1
3761378,1
3761379,1
3761382,1
3761383,1
3761385,1
3761386,1
3761387,1
3761388,1
3761475,1
3761476,1
3761482,1
3761483,1
3761518,1
3761519,1
3761520,1
3761845,1
3761846,1
3764691,1
3764692,1
3764706,1
3764711,1
3764739,1
3764741,1
3764742,1
3764743,1
3764744,1
3764745,1
3764746,1
3764747,1
3764748,1
3764749,1
3764750,1
3764751,1
3764752,1
3764753,1
3764754,1
3764755,1
3764756,1
3764757,1
3764758,1
3764759,1
3764760,1
3764761,1
3764762,1
3764763,1
3764764,1
3764765,1
3764766,1
3764767,1
3764768,1
3764769,1
3764770,1
3764771,1
3764772,1
3764773,1
3764774,1
3764775,1
3764776,1
3764777,1
3764778,1
3764779,1
3764780,1
3764781,1
3764782,1
3764783,1
3764784,1
3764785,1
3764786,1
3764787,1
3764788,1
3764789,1
3764790,1
3764791,1
3764792,1
3764793,1
3764794,1
3764795,1
3764796,1
3764797,1
3764798,1
3764799,1
3764800,1
3764801,1
3764802,1
3764803,1
3764804,1
3764805,1
3764806,1
3764807,1
3764808,1
3764809,1
3764810,1
3764811,1
3764812,1
3764813,1
3764814,1
3764815,1
3764816,1
3764817,1
3764818,1
3764819,1
3764820,1
3764821,1
3764822,1
3764823,1
3764824,1
3764825,1
3764826,1
3764827,1
3764828,1
3764829,1
3764830,1
3764831,1
3764832,1
3764833,1
3764834,1
3764835,1
3764836,1
3764837,1
3764838,1
3764839,1
3764840,1
3764841,1
3764842,1
3764843,1
3764844,1
3764845,1
3764846,1
3764847,1
3764848,1
3764849,1
3764850,1
3764851,1
3764852,1
3764853,1
3764854,1
3764855,1
3764856,1
3764857,1
3764858,1
3764859,1
3764860,1
3764861,1
3764862,1
3764863,1
3764864,1
3764865,1
3764866,1
3764867,1
3764868,1
3764869,1
3764870,1
3764871,1
3764872,1
3764873,1
3764874,1
3764875,1
3764876,1
3764877,1
3764878,1
3764879,1
3764880,1
3764881,1
3764882,1
3764883,1
3764884,1
3764885,1
3764886,1
3764887,1
3764888,1
3764889,1
3764890,1
3764891,1
3764892,1
3764893,1
3764894,1
3764895,1
3764896,1
3764897,1
3764898,1
3764899,1
3764900,1
3764903,1
3764904,1
3764905,1
3764906,1
3764907,1
3764908,1
3764909,1
3764910,1
3764911,1
3764912,1
3764913,1
3764914,1
3764915,1
3764916,1
3764917,1
3764977,1
3764978,1
3764979,1
3764980,1
3764981,1
3764982,1
3764983,1
3764984,1
3764985,1
3764986,1
3764987,1
3764992,1
3764993,1
3764994,1
3764995,1
3764997,1
3764998,1
3764999,1
3765000,1
3765001,1
3765005,1
3765006,1
3765007,1
3765093,1
3765094,1
3765095,1
3765096,1
3765097,1
3765098,1
3765099,1
3765100,1
3765133,1
3765134,1
3765135,1
3765136,1
3765462,1
3765463,1
3768323,1
3768325,1
3768326,1
3768327,1
3768355,1
3768356,1
3768357,1
3768358,1
3768359,1
3768360,1
3768361,1
3768362,1
3768363,1
3768364,1
3768365,1
3768366,1
3768367,1
3768368,1
3768369,1
3768370,1
3768371,1
3768372,1
3768373,1
3768374,1
3768375,1
3768376,1
3768377,1
3768378,1
3768379,1
3768380,1
3768381,1
3768382,1
3768383,1
3768384,1
3768385,1
3768386,1
3768387,1
3768388,1
3768389,1
3768390,1
3768391,1
3768392,1
3768393,1
3768394,1
3768395,1
3768396,1
3768397,1
3768398,1
3768399,1
3768400,1
3768401,1
3768402,1
3768403,1
3768404,1
3768405,1
3768406,1
3768407,1
3768408,1
3768409,1
3768410,1
3768411,1
3768412,1
3768413,1
3768414,1
3768415,1
3768416,1
3768417,1
3768418,1
3768419,1
3768420,1
3768421,1
3768422,1
3768423,1
3768424,1
3768425,1
3768426,1
3768427,1
3768428,1
3768429,1
3768430,1
3768431,1
3768432,1
3768433,1
3768434,1
3768435,1
3768436,1
3768437,1
3768438,1
3768439,1
3768440,1
3768441,1
3768442,1
3768443,1
3768444,1
3768445,1
3768446,1
3768447,1
3768448,1
3768449,1
3768450,1
3768451,1
3768452,1
3768453,1
3768454,1
3768455,1
3768456,1
3768457,1
3768458,1
3768459,1
3768460,1
3768461,1
3768462,1
3768463,1
3768464,1
3768465,1
3768466,1
3768467,1
3768468,1
3768469,1
3768470,1
3768471,1
3768472,1
3768473,1
3768474,1
3768475,1
3768476,1
3768477,1
3768478,1
3768479,1
3768480,1
3768481,1
3768482,1
3768483,1
3768484,1
3768485,1
3768486,1
3768487,1
3768488,1
3768489,1
3768490,1
3768491,1
3768492,1
3768493,1
3768494,1
3768495,1
3768496,1
3768497,1
3768498,1
3768499,1
3768500,1
3768501,1
3768502,1
3768503,1
3768504,1
3768505,1
3768506,1
3768507,1
3768508,1
3768509,1
3768510,1
3768511,1
3768512,1
3768513,1
3768514,1
3768515,1
3768516,1
3768520,1
3768521,1
3768522,1
3768523,1
3768524,1
3768525,1
3768526,1
3768527,1
3768528,1
3768529,1
3768530,1
3768531,1
3768532,1
3768533,1
3768534,1
3768598,1
3768599,1
3768600,1
3768601,1
3768602,1
3768603,1
3768604,1
3768605,1
3768619,1
3768620,1
3768623,1
3768624,1
3768713,1
3768714,1
3768715,1
3768749,1
3768750,1
3768751,1
3769028,1
3769029,1
3769080,1
3769081,1
3771939,1
3771940,1
3771941,1
3771942,1
3771943,1
3771969,1
3771970,1
3771971,1
3771972,1
3771973,1
3771974,1
3771975,1
3771976,1
3771977,1
3771978,1
3771979,1
3771980,1
3771981,1
3771982,1
3771983,1
3771984,1
3771985,1
3771986,1
3771987,1
3771988,1
3771989,1
3771990,1
3771991,1
3771992,1
3771993,1
3771994,1
3771995,1
3771996,1
3771997,1
3771998,1
3771999,1
3772000,1
3772001,1
3772002,1
3772003,1
3772004,1
3772005,1
3772006,1
3772007,1
3772008,1
3772009,1
3772010,1
3772011,1
3772012,1
3772013,1
3772014,1
3772015,1
3772016,1
3772017,1
3772018,1
3772019,1
3772020,1
3772021,1
3772022,1
3772023,1
3772024,1
3772025,1
3772026,1
3772027,1
3772028,1
3772029,1
3772030,1
3772031,1
3772032,1
3772033,1
3772034,1
3772035,1
3772036,1
3772037,1
3772038,1
3772039,1
3772040,1
3772041,1
3772042,1
3772043,1
3772044,1
3772045,1
3772046,1
3772047,1
3772048,1
3772049,1
3772050,1
3772051,1
3772052,1
3772053,1
3772054,1
3772055,1
3772056,1
3772057,1
3772058,1
3772059,1
3772060,1
3772061,1
3772062,1
3772063,1
3772064,1
3772065,1
3772066,1
3772067,1
3772068,1
3772069,1
3772070,1
3772071,1
3772072,1
3772073,1
3772074,1
3772075,1
3772076,1
3772077,1
3772078,1
3772079,1
3772080,1
3772081,1
3772082,1
3772083,1
3772084,1
3772085,1
3772086,1
3772087,1
3772088,1
3772089,1
3772090,1
3772091,1
3772092,1
3772093,1
3772094,1
3772095,1
3772096,1
3772097,1
3772098,1
3772099,1
3772100,1
3772101,1
3772102,1
3772103,1
3772104,1
3772105,1
3772106,1
3772107,1
3772108,1
3772109,1
3772110,1
3772111,1
3772112,1
3772113,1
3772114,1
3772115,1
3772116,1
3772117,1
3772118,1
3772119,1
3772120,1
3772121,1
3772122,1
3772123,1
3772124,1
3772125,1
3772126,1
3772127,1
3772128,1
3772129,1
3772130,1
3772131,1
3772138,1
3772139,1
3772140,1
3772141,1
3772142,1
3772143,1
3772144,1
3772145,1
3772146,1
3772147,1
3772148,1
3772149,1
3772150,1
3772215,1
3772216,1
3772217,1
3772218,1
3772219,1
3772220,1
3772221,1
3772222,1
3772236,1
3772237,1
3772240,1
3772241,1
3772333,1
3772645,1
3772646,1
3775556,1
3775557,1
3775558,1
3775584,1
3775585,1
3775586,1
3775587,1
3775588,1
3775589,1
3775590,1
3775591,1
3775592,1
3775593,1
3775594,1
3775595,1
3775596,1
3775597,1
3775598,1
3775599,1
3775600,1
3775601,1
3775602,1
3775603,1
3775604,1
3775605,1
3775606,1
3775607,1
3775608,1
3775609,1
3775610,1
3775611,1
3775612,1
3775613,1
3775614,1
3775615,1
3775616,1
3775617,1
3775618,1
3775619,1
3775620,1
3775621,1
3775622,1
3775623,1
3775624,1
3775625,1
3775626,1
3775627,1
3775628,1
3775629,1
3775630,1
3775631,1
3775632,1
3775633,1
3775634,1
3775635,1
3775636,1
3775637,1
3775638,1
3775639,1
3775640,1
3775641,1
3775642,1
3775643,1
3775644,1
3775645,1
3775646,1
3775647,1
3775648,1
3775649,1
3775650,1
3775651,1
3775652,1
3775654,1
3775655,1
3775656,1
3775657,1
3775658,1
3775659,1
3775660,1
3775661,1
3775662,1
3775663,1
3775664,1
3775665,1
3775666,1
3775667,1
3775668,1
3775669,1
3775670,1
3775671,1
3775672,1
3775673,1
3775674,1
3775675,1
3775676,1
3775677,1
3775678,1
3775679,1
3775680,1
3775681,1
3775682,1
3775683,1
3775684,1
3775685,1
3775686,1
3775687,1
3775688,1
3775689,1
3775690,1
3775691,1
3775692,1
3775693,1
3775694,1
3775695,1
3775696,1
3775697,1
3775698,1
3775699,1
3775700,1
3775701,1
3775702,1
3775703,1
3775704,1
3775705,1
3775706,1
3775707,1
3775708,1
3775709,1
3775710,1
3775711,1
3775712,1
3775713,1
3775714,1
3775715,1
3775716,1
3775717,1
3775718,1
3775719,1
3775720,1
3775721,1
3775722,1
3775723,1
3775724,1
3775725,1
3775726,1
3775727,1
3775728,1
3775729,1
3775730,1
3775731,1
3775732,1
3775733,1
3775734,1
3775735,1
3775736,1
3775737,1
3775738,1
3775739,1
3775740,1
3775741,1
3775742,1
3775743,1
3775744,1
3775745,1
3775746,1
3775747,1
3775748,1
3775755,1
3775756,1
3775757,1
3775758,1
3775759,1
3775760,1
3775761,1
3775762,1
3775763,1
3775764,1
3775765,1
3775766,1
3775767,1
3775834,1
3775835,1
3775836,1
3775837,1
3775838,1
3775839,1
3775840,1
3775841,1
3775842,1
3775849,1
3775850,1
3775851,1
3775852,1
3775853,1
3775854,1
3775855,1
3776262,1
3779200,1
3779201,1
3779202,1
3779203,1
3779204,1
3779205,1
3779206,1
3779207,1
3779208,1
3779209,1
3779210,1
3779211,1
3779212,1
3779213,1
3779214,1
3779215,1
3779216,1
3779217,1
3779218,1
3779219,1
3779220,1
3779221,1
3779222,1
3779223,1
3779224,1
3779225,1
3779226,1
3779227,1
3779228,1
3779229,1
3779230,1
3779231,1
3779232,1
3779233,1
3779234,1
3779235,1
3779236,1
3779237,1
3779238,1
3779239,1
3779240,1
3779241,1
3779242,1
3779243,1
3779244,1
3779245,1
3779246,1
3779247,1
3779248,1
3779249,1
3779250,1
3779251,1
3779252,1
3779253,1
3779254,1
3779255,1
3779256,1
3779257,1
3779258,1
3779259,1
3779260,1
3779261,1
3779262,1
3779263,1
3779264,1
3779265,1
3779266,1
3779267,1
3779269,1
3779271,1
3779272,1
3779273,1
3779274,1
3779275,1
3779276,1
3779277,1
3779278,1
3779279,1
3779280,1
3779281,1
3779282,1
3779283,1
3779284,1
3779285,1
3779286,1
3779287,1
3779288,1
3779289,1
3779290,1
3779291,1
3779292,1
3779293,1
3779294,1
3779295,1
3779296,1
3779297,1
3779298,1
3779299,1
3779300,1
3779301,1
3779302,1
3779303,1
3779304,1
3779305,1
3779306,1
3779307,1
3779308,1
3779309,1
3779310,1
3779311,1
3779312,1
3779313,1
3779314,1
3779315,1
3779316,1
3779317,1
3779318,1
3779319,1
3779320,1
3779321,1
3779322,1
3779323,1
3779324,1
3779325,1
3779326,1
3779327,1
3779328,1
3779329,1
3779330,1
3779331,1
3779332,1
3779333,1
3779334,1
3779335,1
3779336,1
3779337,1
3779338,1
3779339,1
3779340,1
3779341,1
3779342,1
3779343,1
3779344,1
3779345,1
3779346,1
3779347,1
3779348,1
3779349,1
3779350,1
3779351,1
3779352,1
3779353,1
3779354,1
3779355,1
3779356,1
3779357,1
3779358,1
3779359,1
3779360,1
3779361,1
3779362,1
3779363,1
3779364,1
3779365,1
3779372,1
3779373,1
3779374,1
3779375,1
3779376,1
3779377,1
3779378,1
3779379,1
3779380,1
3779381,1
3779382,1
3779383,1
3779384,1
3779452,1
3779453,1
3779454,1
3779455,1
3779456,1
3779457,1
3779458,1
3779459,1
3779460,1
3779461,1
3779462,1
3779463,1
3779464,1
3779465,1
3779466,1
3779467,1
3779468,1
3779469,1
3779470,1
3779471,1
3779472,1
3779473,1
3779474,1
3779475,1
3779606,1
3779607,1
3782817,1
3782818,1
3782819,1
3782820,1
3782821,1
3782822,1
3782823,1
3782824,1
3782825,1
3782826,1
3782827,1
3782828,1
3782829,1
3782830,1
3782831,1
3782832,1
3782833,1
3782834,1
3782835,1
3782836,1
3782837,1
3782838,1
3782839,1
3782840,1
3782841,1
3782842,1
3782843,1
3782844,1
3782845,1
3782846,1
3782847,1
3782848,1
3782849,1
3782850,1
3782851,1
3782852,1
3782853,1
3782854,1
3782855,1
3782856,1
3782857,1
3782858,1
3782859,1
3782860,1
3782861,1
3782862,1
3782863,1
3782864,1
3782865,1
3782867,1
3782868,1
3782869,1
3782870,1
3782871,1
3782872,1
3782873,1
3782875,1
3782876,1
3782877,1
3782878,1
3782879,1
3782881,1
3782883,1
3782884,1
3782886,1
3782888,1
3782889,1
3782890,1
3782891,1
3782892,1
3782893,1
3782894,1
3782895,1
3782896,1
3782897,1
3782898,1
3782899,1
3782900,1
3782901,1
3782902,1
3782903,1
3782904,1
3782905,1
3782906,1
3782907,1
3782908,1
3782909,1
3782910,1
3782911,1
3782912,1
3782913,1
3782914,1
3782915,1
3782916,1
3782917,1
3782918,1
3782919,1
3782920,1
3782921,1
3782922,1
3782923,1
3782924,1
3782925,1
3782926,1
3782927,1
3782928,1
3782929,1
3782930,1
3782931,1
3782932,1
3782933,1
3782934,1
3782935,1
3782936,1
3782937,1
3782938,1
3782939,1
3782940,1
3782941,1
3782942,1
3782943,1
3782944,1
3782945,1
3782946,1
3782947,1
3782948,1
3782949,1
3782950,1
3782951,1
3782952,1
3782953,1
3782954,1
3782955,1
3782956,1
3782957,1
3782958,1
3782959,1
3782960,1
3782961,1
3782962,1
3782963,1
3782964,1
3782965,1
3782966,1
3782967,1
3782968,1
3782969,1
3782970,1
3782971,1
3782972,1
3782973,1
3782974,1
3782975,1
3782976,1
3782977,1
3782978,1
3782979,1
3782980,1
3782981,1
3782989,1
3782990,1
3782991,1
3782992,1
3782993,1
3782994,1
3782995,1
3782996,1
3782997,1
3782998,1
3782999,1
3783000,1
3783001,1
3783073,1
3783074,1
3783075,1
3783076,1
3783077,1
3783078,1
3783079,1
3783080,1
3783081,1
3783082,1
3783083,1
3783084,1
3783085,1
3783086,1
3783087,1
3783088,1
3783089,1
3783090,1
3783092,1
3783093,1
3783094,1
3783097,1
3783098,1
3783099,1
3783100,1
3783101,1
3783102,1
3783156,1
3783157,1
3783222,1
3783224,1
3783688,1
3786433,1
3786434,1
3786435,1
3786436,1
3786437,1
3786438,1
3786439,1
3786440,1
3786441,1
3786442,1
3786443,1
3786444,1
3786445,1
3786446,1
3786447,1
3786448,1
3786449,1
3786450,1
3786451,1
3786452,1
3786453,1
3786454,1
3786455,1
3786456,1
3786457,1
3786458,1
3786459,1
3786460,1
3786461,1
3786462,1
3786463,1
3786464,1
3786465,1
3786466,1
3786467,1
3786468,1
3786469,1
3786470,1
3786471,1
3786472,1
3786473,1
3786474,1
3786475,1
3786476,1
3786477,1
3786478,1
3786479,1
3786480,1
3786481,1
3786482,1
3786485,1
3786486,1
3786487,1
3786488,1
3786490,1
3786493,1
3786494,1
3786495,1
3786497,1
3786500,1
3786505,1
3786506,1
3786507,1
3786508,1
3786509,1
3786510,1
3786511,1
3786512,1
3786513,1
3786514,1
3786515,1
3786516,1
3786517,1
3786518,1
3786519,1
3786520,1
3786521,1
3786522,1
3786523,1
3786524,1
3786525,1
3786526,1
3786527,1
3786528,1
3786529,1
3786530,1
3786531,1
3786532,1
3786533,1
3786534,1
3786535,1
3786536,1
3786537,1
3786538,1
3786539,1
3786540,1
3786541,1
3786542,1
3786543,1
3786544,1
3786545,1
3786546,1
3786547,1
3786548,1
3786549,1
3786550,1
3786551,1
3786552,1
3786553,1
3786554,1
3786555,1
3786556,1
3786557,1
3786558,1
3786559,1
3786560,1
3786561,1
3786562,1
3786563,1
3786564,1
3786565,1
3786566,1
3786567,1
3786568,1
3786569,1
3786570,1
3786571,1
3786572,1
3786573,1
3786574,1
3786575,1
3786576,1
3786577,1
3786578,1
3786579,1
3786580,1
3786581,1
3786582,1
3786583,1
3786584,1
3786585,1
3786586,1
3786587,1
3786588,1
3786589,1
3786590,1
3786591,1
3786592,1
3786593,1
3786594,1
3786595,1
3786596,1
3786597,1
3786598,1
3786606,1
3786607,1
3786608,1
3786609,1
3786610,1
3786611,1
3786612,1
3786613,1
3786614,1
3786615,1
3786616,1
3786617,1
3786699,1
3786700,1
3786701,1
3786702,1
3786703,1
3786704,1
3786705,1
3786706,1
3786707,1
3786708,1
3786709,1
3786710,1
3786713,1
3786714,1
3786715,1
3786716,1
3786719,1
3786773,1
3786774,1
3786839,1
3786840,1
3786841,1
3787305,1
3787306,1
3790050,1
3790051,1
3790052,1
3790053,1
3790054,1
3790055,1
3790056,1
3790057,1
3790058,1
3790059,1
3790060,1
3790061,1
3790062,1
3790063,1
3790064,1
3790065,1
3790066,1
3790067,1
3790068,1
3790069,1
3790070,1
3790071,1
3790072,1
3790073,1
3790074,1
3790075,1
3790076,1
3790077,1
3790078,1
3790079,1
3790080,1
3790081,1
3790082,1
3790083,1
3790084,1
3790085,1
3790086,1
3790087,1
3790088,1
3790089,1
3790090,1
3790091,1
3790092,1
3790093,1
3790094,1
3790095,1
3790096,1
3790097,1
3790099,1
3790101,1
3790102,1
3790111,1
3790112,1
3790113,1
3790114,1
3790121,1
3790122,1
3790123,1
3790125,1
3790126,1
3790127,1
3790128,1
3790129,1
3790130,1
3790131,1
3790132,1
3790133,1
3790134,1
3790135,1
3790136,1
3790137,1
3790138,1
3790139,1
3790140,1
3790141,1
3790142,1
3790143,1
3790144,1
3790145,1
3790146,1
3790147,1
3790148,1
3790149,1
3790150,1
3790151,1
3790152,1
3790153,1
3790154,1
3790155,1
3790156,1
3790157,1
3790158,1
3790159,1
3790161,1
3790162,1
3790163,1
3790164,1
3790165,1
3790166,1
3790167,1
3790168,1
3790169,1
3790170,1
3790171,1
3790172,1
3790173,1
3790174,1
3790175,1
3790176,1
3790177,1
3790178,1
3790179,1
3790180,1
3790181,1
3790182,1
3790183,1
3790184,1
3790185,1
3790186,1
3790187,1
3790188,1
3790189,1
3790190,1
3790191,1
3790192,1
3790193,1
3790194,1
3790195,1
3790196,1
3790197,1
3790198,1
3790199,1
3790200,1
3790201,1
3790202,1
3790203,1
3790204,1
3790205,1
3790206,1
3790207,1
3790208,1
3790209,1
3790210,1
3790211,1
3790212,1
3790213,1
3790214,1
3790215,1
3790223,1
3790224,1
3790225,1
3790226,1
3790227,1
3790228,1
3790229,1
3790230,1
3790231,1
3790232,1
3790233,1
3790234,1
3790315,1
3790316,1
3790317,1
3790318,1
3790319,1
3790320,1
3790321,1
3790322,1
3790323,1
3790324,1
3790327,1
3790328,1
3790330,1
3790331,1
3790332,1
3790336,1
3790390,1
3790391,1
3790392,1
3790456,1
3790457,1
3790922,1
3790923,1
3793666,1
3793667,1
3793668,1
3793669,1
3793670,1
3793671,1
3793672,1
3793673,1
3793674,1
3793675,1
3793676,1
3793677,1
3793678,1
3793679,1
3793680,1
3793681,1
3793682,1
3793683,1
3793684,1
3793685,1
3793686,1
3793687,1
3793688,1
3793689,1
3793690,1
3793691,1
3793692,1
3793693,1
3793694,1
3793695,1
3793696,1
3793697,1
3793698,1
3793699,1
3793700,1
3793701,1
3793702,1
3793703,1
3793704,1
3793705,1
3793706,1
3793707,1
3793708,1
3793709,1
3793710,1
3793711,1
3793712,1
3793713,1
3793716,1
3793728,1
3793729,1
3793730,1
3793731,1
3793734,1
3793735,1
3793736,1
3793738,1
3793739,1
3793742,1
3793743,1
3793744,1
3793745,1
3793746,1
3793747,1
3793748,1
3793749,1
3793750,1
3793751,1
3793752,1
3793753,1
3793754,1
3793755,1
3793756,1
3793757,1
3793758,1
3793759,1
3793760,1
3793761,1
3793762,1
3793763,1
3793764,1
3793765,1
3793766,1
3793767,1
3793768,1
3793769,1
3793770,1
3793771,1
3793772,1
3793773,1
3793774,1
3793775,1
3793776,1
3793777,1
3793778,1
3793779,1
3793780,1
3793781,1
3793782,1
3793783,1
3793784,1
3793785,1
3793786,1
3793787,1
3793788,1
3793789,1
3793790,1
3793791,1
3793792,1
3793793,1
3793794,1
3793795,1
3793796,1
3793797,1
3793798,1
3793799,1
3793800,1
3793801,1
3793802,1
3793803,1
3793804,1
3793805,1
3793806,1
3793807,1
3793808,1
3793809,1
3793810,1
3793811,1
3793812,1
3793813,1
3793814,1
3793815,1
3793816,1
3793817,1
3793818,1
3793819,1
3793820,1
3793821,1
3793822,1
3793823,1
3793824,1
3793825,1
3793826,1
3793827,1
3793828,1
3793829,1
3793830,1
3793831,1
3793839,1
3793840,1
3793841,1
3793842,1
3793843,1
3793844,1
3793845,1
3793846,1
3793847,1
3793848,1
3793849,1
3793850,1
3793851,1
3793934,1
3793935,1
3793936,1
3793937,1
3793938,1
3793939,1
3793940,1
3793941,1
3793942,1
3793945,1
3793946,1
3793947,1
3793949,1
3793950,1
3793951,1
3793952,1
3793953,1
3793954,1
3794008,1
3794010,1
3794011,1
3794405,1
3797283,1
3797284,1
3797285,1
3797286,1
3797287,1
3797288,1
3797289,1
3797290,1
3797291,1
3797292,1
3797293,1
3797294,1
3797295,1
3797296,1
3797297,1
3797298,1
3797299,1
3797300,1
3797301,1
3797302,1
3797303,1
3797304,1
3797305,1
3797306,1
3797307,1
3797308,1
3797309,1
3797310,1
3797311,1
3797312,1
3797313,1
3797314,1
3797315,1
3797316,1
3797317,1
3797318,1
3797319,1
3797320,1
3797321,1
3797322,1
3797323,1
3797324,1
3797325,1
3797326,1
3797327,1
3797328,1
3797329,1
3797330,1
3797333,1
3797344,1
3797345,1
3797346,1
3797347,1
3797348,1
3797349,1
3797350,1
3797351,1
3797352,1
3797353,1
3797354,1
3797360,1
3797361,1
3797362,1
3797363,1
3797364,1
3797365,1
3797366,1
3797367,1
3797368,1
3797369,1
3797370,1
3797371,1
3797372,1
3797373,1
3797374,1
3797375,1
3797376,1
3797377,1
3797378,1
3797379,1
3797380,1
3797381,1
3797382,1
3797383,1
3797384,1
3797385,1
3797386,1
3797387,1
3797388,1
3797389,1
3797390,1
3797391,1
3797393,1
3797394,1
3797395,1
3797396,1
3797397,1
3797398,1
3797399,1
3797400,1
3797401,1
3797402,1
3797403,1
3797404,1
3797405,1
3797406,1
3797407,1
3797408,1
3797409,1
3797410,1
3797411,1
3797412,1
3797413,1
3797414,1
3797415,1
3797416,1
3797417,1
3797418,1
3797419,1
3797420,1
3797421,1
3797422,1
3797423,1
3797424,1
3797425,1
3797426,1
3797427,1
3797428,1
3797429,1
3797430,1
3797431,1
3797432,1
3797433,1
3797434,1
3797435,1
3797436,1
3797437,1
3797438,1
3797439,1
3797440,1
3797441,1
3797442,1
3797443,1
3797444,1
3797445,1
3797446,1
3797447,1
3797456,1
3797457,1
3797458,1
3797459,1
3797460,1
3797461,1
3797462,1
3797463,1
3797464,1
3797465,1
3797466,1
3797467,1
3797468,1
3797554,1
3797555,1
3797556,1
3797557,1
3797558,1
3797559,1
3797564,1
3797565,1
3797566,1
3797625,1
3797628,1
3797629,1
3797692,1
3797693,1
3797694,1
3797695,1
3800898,1
3800899,1
3800900,1
3800901,1
3800902,1
3800903,1
3800904,1
3800905,1
3800906,1
3800907,1
3800908,1
3800909,1
3800910,1
3800911,1
3800912,1
3800913,1
3800914,1
3800915,1
3800916,1
3800917,1
3800918,1
3800919,1
3800920,1
3800921,1
3800922,1
3800923,1
3800924,1
3800925,1
3800926,1
3800927,1
3800928,1
3800929,1
3800930,1
3800931,1
3800932,1
3800933,1
3800934,1
3800935,1
3800936,1
3800937,1
3800938,1
3800939,1
3800940,1
3800941,1
3800942,1
3800943,1
3800944,1
3800945,1
3800946,1
3800947,1
3800950,1
3800959,1
3800960,1
3800961,1
3800962,1
3800963,1
3800964,1
3800965,1
3800966,1
3800967,1
3800968,1
3800969,1
3800970,1
3800971,1
3800972,1
3800977,1
3800978,1
3800979,1
3800980,1
3800981,1
3800982,1
3800983,1
3800984,1
3800985,1
3800986,1
3800987,1
3800988,1
3800989,1
3800990,1
3800991,1
3800992,1
3800993,1
3800994,1
3800995,1
3800996,1
3800997,1
3800998,1
3800999,1
3801000,1
3801001,1
3801002,1
3801003,1
3801004,1
3801005,1
3801006,1
3801007,1
3801008,1
3801009,1
3801010,1
3801011,1
3801012,1
3801013,1
3801014,1
3801015,1
3801016,1
3801017,1
3801018,1
3801019,1
3801020,1
3801021,1
3801022,1
3801023,1
3801024,1
3801025,1
3801026,1
3801027,1
3801028,1
3801029,1
3801030,1
3801031,1
3801032,1
3801033,1
3801034,1
3801035,1
3801036,1
3801037,1
3801038,1
3801039,1
3801040,1
3801041,1
3801042,1
3801043,1
3801044,1
3801045,1
3801046,1
3801047,1
3801048,1
3801049,1
3801050,1
3801051,1
3801052,1
3801053,1
3801054,1
3801055,1
3801056,1
3801057,1
3801058,1
3801059,1
3801060,1
3801061,1
3801062,1
3801063,1
3801064,1
3801073,1
3801074,1
3801075,1
3801076,1
3801077,1
3801078,1
3801079,1
3801080,1
3801081,1
3801082,1
3801083,1
3801084,1
3801172,1
3801173,1
3801174,1
3801175,1
3801176,1
3801177,1
3801178,1
3801179,1
3801180,1
3801181,1
3801182,1
3801242,1
3801243,1
3801246,1
3801247,1
3801309,1
3801312,1
3804513,1
3804514,1
3804515,1
3804516,1
3804517,1
3804518,1
3804519,1
3804520,1
3804521,1
3804522,1
3804523,1
3804524,1
3804525,1
3804526,1
3804527,1
3804528,1
3804529,1
3804530,1
3804531,1
3804532,1
3804533,1
3804534,1
3804535,1
3804536,1
3804537,1
3804538,1
3804539,1
3804540,1
3804541,1
3804542,1
3804543,1
3804544,1
3804545,1
3804546,1
3804547,1
3804548,1
3804549,1
3804550,1
3804551,1
3804552,1
3804553,1
3804554,1
3804555,1
3804556,1
3804557,1
3804558,1
3804559,1
3804560,1
3804561,1
3804562,1
3804576,1
3804577,1
3804578,1
3804579,1
3804580,1
3804581,1
3804582,1
3804583,1
3804584,1
3804585,1
3804586,1
3804587,1
3804594,1
3804596,1
3804597,1
3804598,1
3804599,1
3804600,1
3804601,1
3804602,1
3804603,1
3804604,1
3804605,1
3804606,1
3804607,1
3804608,1
3804609,1
3804610,1
3804611,1
3804612,1
3804613,1
3804614,1
3804615,1
3804616,1
3804617,1
3804618,1
3804619,1
3804620,1
3804621,1
3804622,1
3804623,1
3804624,1
3804625,1
3804626,1
3804627,1
3804628,1
3804629,1
3804630,1
3804631,1
3804632,1
3804633,1
3804634,1
3804635,1
3804636,1
3804637,1
3804638,1
3804639,1
3804640,1
3804641,1
3804642,1
3804643,1
3804644,1
3804645,1
3804646,1
3804647,1
3804648,1
3804649,1
3804650,1
3804651,1
3804652,1
3804653,1
3804654,1
3804655,1
3804656,1
3804657,1
3804658,1
3804659,1
3804660,1
3804661,1
3804662,1
3804663,1
3804664,1
3804665,1
3804666,1
3804667,1
3804668,1
3804669,1
3804670,1
3804671,1
3804672,1
3804673,1
3804674,1
3804675,1
3804676,1
3804677,1
3804678,1
3804679,1
3804680,1
3804690,1
3804691,1
3804692,1
3804693,1
3804694,1
3804695,1
3804696,1
3804697,1
3804698,1
3804699,1
3804700,1
3804701,1
3804795,1
3804796,1
3804797,1
3804798,1
3804860,1
3804861,1
3804862,1
3804864,1
3804865,1
3804926,1
3804928,1
3804929,1
3808116,1
3808117,1
3808118,1
3808119,1
3808120,1
3808121,1
3808122,1
3808123,1
3808124,1
3808125,1
3808129,1
3808130,1
3808131,1
3808132,1
3808133,1
3808134,1
3808135,1
3808136,1
3808137,1
3808138,1
3808139,1
3808140,1
3808141,1
3808142,1
3808143,1
3808144,1
3808145,1
3808146,1
3808147,1
3808148,1
3808149,1
3808150,1
3808151,1
3808152,1
3808153,1
3808154,1
3808155,1
3808156,1
3808157,1
3808158,1
3808159,1
3808160,1
3808161,1
3808162,1
3808163,1
3808164,1
3808165,1
3808166,1
3808167,1
3808168,1
3808169,1
3808170,1
3808171,1
3808172,1
3808173,1
3808174,1
3808175,1
3808176,1
3808177,1
3808178,1
3808179,1
3808182,1
3808191,1
3808192,1
3808193,1
3808194,1
3808195,1
3808196,1
3808197,1
3808198,1
3808199,1
3808200,1
3808201,1
3808202,1
3808203,1
3808204,1
3808214,1
3808215,1
3808218,1
3808219,1
3808220,1
3808221,1
3808222,1
3808223,1
3808224,1
3808225,1
3808226,1
3808227,1
3808228,1
3808229,1
3808230,1
3808231,1
3808232,1
3808233,1
3808234,1
3808235,1
3808236,1
3808237,1
3808238,1
3808239,1
3808240,1
3808241,1
3808242,1
3808243,1
3808244,1
3808245,1
3808246,1
3808247,1
3808248,1
3808249,1
3808250,1
3808251,1
3808252,1
3808253,1
3808254,1
3808255,1
3808256,1
3808257,1
3808258,1
3808259,1
3808260,1
3808261,1
3808262,1
3808263,1
3808264,1
3808265,1
3808266,1
3808267,1
3808268,1
3808269,1
3808270,1
3808271,1
3808272,1
3808273,1
3808274,1
3808275,1
3808276,1
3808277,1
3808278,1
3808279,1
3808280,1
3808281,1
3808282,1
3808283,1
3808284,1
3808285,1
3808286,1
3808287,1
3808288,1
3808289,1
3808290,1
3808291,1
3808292,1
3808293,1
3808294,1
3808295,1
3808296,1
3808297,1
3808307,1
3808308,1
3808309,1
3808310,1
3808311,1
3808312,1
3808313,1
3808314,1
3808315,1
3808316,1
3808317,1
3808318,1
3808479,1
3808482,1
3808544,1
3811733,1
3811734,1
3811735,1
3811736,1
3811737,1
3811738,1
3811739,1
3811740,1
3811741,1
3811742,1
3811743,1
3811744,1
3811745,1
3811746,1
3811747,1
3811748,1
3811749,1
3811750,1
3811751,1
3811752,1
3811753,1
3811754,1
3811755,1
3811756,1
3811757,1
3811758,1
3811759,1
3811760,1
3811761,1
3811762,1
3811763,1
3811764,1
3811765,1
3811766,1
3811767,1
3811768,1
3811769,1
3811770,1
3811771,1
3811772,1
3811773,1
3811774,1
3811775,1
3811776,1
3811777,1
3811778,1
3811779,1
3811780,1
3811781,1
3811782,1
3811783,1
3811784,1
3811785,1
3811786,1
3811787,1
3811788,1
3811789,1
3811790,1
3811791,1
3811792,1
3811793,1
3811794,1
3811795,1
3811796,1
3811797,1
3811798,1
3811799,1
3811800,1
3811801,1
3811802,1
3811803,1
3811804,1
3811807,1
3811808,1
3811809,1
3811810,1
3811811,1
3811812,1
3811813,1
3811814,1
3811815,1
3811816,1
3811817,1
3811818,1
3811819,1
3811820,1
3811821,1
3811834,1
3811835,1
3811836,1
3811837,1
3811838,1
3811839,1
3811840,1
3811841,1
3811842,1
3811843,1
3811844,1
3811845,1
3811846,1
3811847,1
3811848,1
3811849,1
3811850,1
3811851,1
3811852,1
3811853,1
3811854,1
3811855,1
3811856,1
3811857,1
3811858,1
3811860,1
3811861,1
3811862,1
3811863,1
3811864,1
3811865,1
3811866,1
3811867,1
3811868,1
3811869,1
3811870,1
3811871,1
3811872,1
3811873,1
3811874,1
3811875,1
3811876,1
3811877,1
3811878,1
3811879,1
3811880,1
3811881,1
3811882,1
3811883,1
3811884,1
3811885,1
3811886,1
3811887,1
3811888,1
3811889,1
3811890,1
3811891,1
3811892,1
3811893,1
3811894,1
3811895,1
3811896,1
3811897,1
3811898,1
3811899,1
3811900,1
3811901,1
3811902,1
3811903,1
3811904,1
3811905,1
3811906,1
3811907,1
3811908,1
3811909,1
3811910,1
3811911,1
3811912,1
3811913,1
3811924,1
3811925,1
3811926,1
3811927,1
3811928,1
3811929,1
3811930,1
3811931,1
3811932,1
3811933,1
3811934,1
3811935,1
3812096,1
3812097,1
3812098,1
3812099,1
3815350,1
3815351,1
3815352,1
3815353,1
3815354,1
3815355,1
3815356,1
3815357,1
3815358,1
3815359,1
3815360,1
3815361,1
3815362,1
3815363,1
3815364,1
3815365,1
3815366,1
3815367,1
3815368,1
3815369,1
3815370,1
3815371,1
3815372,1
3815373,1
3815374,1
3815375,1
3815376,1
3815377,1
3815378,1
3815379,1
3815380,1
3815381,1
3815382,1
3815383,1
3815384,1
3815385,1
3815386,1
3815387,1
3815388,1
3815389,1
3815390,1
3815391,1
3815392,1
3815393,1
3815394,1
3815395,1
3815396,1
3815397,1
3815398,1
3815399,1
3815400,1
3815401,1
3815402,1
3815403,1
3815404,1
3815405,1
3815406,1
3815407,1
3815408,1
3815409,1
3815410,1
3815411,1
3815412,1
3815413,1
3815414,1
3815415,1
3815416,1
3815417,1
3815418,1
3815419,1
3815420,1
3815421,1
3815422,1
3815423,1
3815424,1
3815425,1
3815426,1
3815427,1
3815428,1
3815429,1
3815430,1
3815431,1
3815432,1
3815433,1
3815434,1
3815435,1
3815436,1
3815437,1
3815438,1
3815454,1
3815455,1
3815456,1
3815457,1
3815458,1
3815459,1
3815460,1
3815461,1
3815462,1
3815463,1
3815464,1
3815465,1
3815466,1
3815467,1
3815470,1
3815471,1
3815472,1
3815473,1
3815474,1
3815477,1
3815478,1
3815479,1
3815480,1
3815481,1
3815482,1
3815483,1
3815484,1
3815485,1
3815486,1
3815487,1
3815488,1
3815489,1
3815490,1
3815491,1
3815492,1
3815493,1
3815494,1
3815495,1
3815496,1
3815497,1
3815498,1
3815499,1
3815500,1
3815501,1
3815502,1
3815503,1
3815504,1
3815505,1
3815506,1
3815507,1
3815508,1
3815509,1
3815510,1
3815511,1
3815512,1
3815513,1
3815514,1
3815515,1
3815516,1
3815517,1
3815518,1
3815519,1
3815520,1
3815521,1
3815522,1
3815523,1
3815524,1
3815525,1
3815526,1
3815527,1
3815528,1
3815529,1
3815543,1
3815544,1
3815545,1
3815546,1
3815547,1
3815548,1
3815549,1
3815550,1
3815551,1
3818966,1
3818967,1
3818968,1
3818969,1
3818970,1
3818971,1
3818972,1
3818973,1
3818974,1
3818975,1
3818976,1
3818977,1
3818978,1
3818979,1
3818980,1
3818981,1
3818982,1
3818983,1
3818984,1
3818985,1
3818986,1
3818987,1
3818988,1
3818989,1
3818990,1
3818991,1
3818992,1
3818993,1
3818994,1
3818995,1
3818996,1
3818997,1
3818998,1
3818999,1
3819000,1
3819001,1
3819002,1
3819003,1
3819004,1
3819005,1
3819006,1
3819007,1
3819008,1
3819009,1
3819010,1
3819011,1
3819012,1
3819013,1
3819014,1
3819015,1
3819016,1
3819017,1
3819018,1
3819019,1
3819020,1
3819021,1
3819022,1
3819023,1
3819024,1
3819025,1
3819026,1
3819027,1
3819028,1
3819029,1
3819030,1
3819031,1
3819032,1
3819033,1
3819034,1
3819035,1
3819036,1
3819037,1
3819038,1
3819039,1
3819040,1
3819041,1
3819042,1
3819043,1
3819044,1
3819045,1
3819046,1
3819047,1
3819048,1
3819049,1
3819050,1
3819051,1
3819052,1
3819053,1
3819054,1
3819055,1
3819071,1
3819073,1
3819074,1
3819077,1
3819079,1
3819080,1
3819081,1
3819082,1
3819083,1
3819084,1
3819085,1
3819087,1
3819088,1
3819089,1
3819094,1
3819095,1
3819096,1
3819097,1
3819098,1
3819099,1
3819100,1
3819101,1
3819102,1
3819103,1
3819104,1
3819105,1
3819106,1
3819107,1
3819108,1
3819109,1
3819110,1
3819111,1
3819112,1
3819113,1
3819114,1
3819115,1
3819116,1
3819117,1
3819118,1
3819119,1
3819120,1
3819121,1
3819122,1
3819123,1
3819124,1
3819125,1
3819126,1
3819127,1
3819128,1
3819129,1
3819130,1
3819131,1
3819132,1
3819133,1
3819134,1
3819135,1
3819136,1
3819137,1
3819138,1
3819139,1
3819140,1
3819141,1
3819142,1
3819143,1
3819144,1
3819145,1
3819146,1
3819148,1
3819160,1
3819161,1
3819162,1
3819163,1
3819164,1
3819165,1
3819166,1
3819167,1
3822576,1
3822577,1
3822578,1
3822579,1
3822582,1
3822583,1
3822584,1
3822585,1
3822586,1
3822587,1
3822588,1
3822589,1
3822590,1
3822591,1
3822592,1
3822593,1
3822594,1
3822595,1
3822596,1
3822597,1
3822598,1
3822599,1
3822600,1
3822601,1
3822602,1
3822603,1
3822604,1
3822605,1
3822606,1
3822607,1
3822608,1
3822609,1
3822610,1
3822611,1
3822612,1
3822613,1
3822614,1
3822615,1
3822616,1
3822617,1
3822618,1
3822619,1
3822620,1
3822621,1
3822622,1
3822623,1
3822624,1
3822625,1
3822626,1
3822627,1
3822628,1
3822629,1
3822630,1
3822631,1
3822632,1
3822633,1
3822634,1
3822635,1
3822636,1
3822637,1
3822638,1
3822639,1
3822640,1
3822641,1
3822642,1
3822643,1
3822644,1
3822645,1
3822646,1
3822647,1
3822648,1
3822649,1
3822650,1
3822651,1
3822652,1
3822653,1
3822654,1
3822655,1
3822656,1
3822657,1
3822658,1
3822660,1
3822661,1
3822662,1
3822663,1
3822664,1
3822665,1
3822666,1
3822667,1
3822668,1
3822669,1
3822670,1
3822694,1
3822695,1
3822696,1
3822697,1
3822698,1
3822703,1
3822704,1
3822705,1
3822706,1
3822707,1
3822712,1
3822713,1
3822714,1
3822715,1
3822716,1
3822717,1
3822718,1
3822719,1
3822720,1
3822721,1
3822722,1
3822723,1
3822724,1
3822725,1
3822726,1
3822727,1
3822728,1
3822729,1
3822730,1
3822731,1
3822732,1
3822733,1
3822734,1
3822735,1
3822736,1
3822737,1
3822738,1
3822739,1
3822740,1
3822741,1
3822742,1
3822743,1
3822744,1
3822745,1
3822746,1
3822747,1
3822748,1
3822749,1
3822750,1
3822751,1
3822752,1
3822753,1
3822754,1
3822755,1
3822756,1
3822757,1
3822758,1
3822759,1
3822760,1
3822761,1
3822762,1
3822776,1
3822777,1
3822778,1
3822779,1
3822780,1
3822781,1
3822782,1
3822783,1
3822784,1
3826193,1
3826194,1
3826195,1
3826196,1
3826197,1
3826198,1
3826199,1
3826200,1
3826201,1
3826202,1
3826203,1
3826204,1
3826205,1
3826206,1
3826207,1
3826208,1
3826209,1
3826210,1
3826211,1
3826212,1
3826213,1
3826214,1
3826215,1
3826216,1
3826217,1
3826218,1
3826219,1
3826220,1
3826221,1
3826222,1
3826223,1
3826224,1
3826225,1
3826226,1
3826227,1
3826228,1
3826229,1
3826230,1
3826231,1
3826232,1
3826233,1
3826234,1
3826235,1
3826236,1
3826237,1
3826238,1
3826239,1
3826240,1
3826241,1
3826242,1
3826243,1
3826244,1
3826245,1
3826246,1
3826247,1
3826248,1
3826249,1
3826250,1
3826251,1
3826252,1
3826253,1
3826254,1
3826255,1
3826256,1
3826257,1
3826258,1
3826259,1
3826260,1
3826261,1
3826262,1
3826263,1
3826264,1
3826265,1
3826266,1
3826267,1
3826268,1
3826269,1
3826270,1
3826271,1
3826272,1
3826276,1
3826277,1
3826278,1
3826279,1
3826280,1
3826281,1
3826282,1
3826283,1
3826284,1
3826313,1
3826314,1
3826319,1
3826320,1
3826322,1
3826323,1
3826324,1
3826328,1
3826329,1
3826331,1
3826332,1
3826333,1
3826334,1
3826335,1
3826336,1
3826337,1
3826338,1
3826339,1
3826340,1
3826341,1
3826342,1
3826343,1
3826344,1
3826345,1
3826346,1
3826347,1
3826348,1
3826349,1
3826350,1
3826351,1
3826352,1
3826353,1
3826354,1
3826355,1
3826356,1
3826357,1
3826358,1
3826359,1
3826360,1
3826361,1
3826362,1
3826363,1
3826364,1
3826365,1
3826366,1
3826367,1
3826368,1
3826369,1
3826370,1
3826371,1
3826372,1
3826373,1
3826374,1
3826375,1
3826376,1
3826377,1
3826378,1
3826393,1
3826394,1
3826395,1
3826396,1
3826397,1
3826398,1
3826399,1
3826400,1
3826401,1
3826646,1
3826647,1
3829810,1
3829811,1
3829812,1
3829813,1
3829814,1
3829815,1
3829816,1
3829817,1
3829818,1
3829819,1
3829820,1
3829821,1
3829822,1
3829823,1
3829824,1
3829825,1
3829826,1
3829827,1
3829828,1
3829829,1
3829830,1
3829831,1
3829832,1
3829833,1
3829834,1
3829835,1
3829836,1
3829837,1
3829838,1
3829839,1
3829840,1
3829841,1
3829842,1
3829843,1
3829844,1
3829845,1
3829846,1
3829847,1
3829848,1
3829849,1
3829850,1
3829851,1
3829852,1
3829853,1
3829854,1
3829855,1
3829856,1
3829857,1
3829858,1
3829859,1
3829860,1
3829861,1
3829862,1
3829863,1
3829864,1
3829865,1
3829866,1
3829867,1
3829868,1
3829869,1
3829870,1
3829871,1
3829872,1
3829873,1
3829874,1
3829875,1
3829876,1
3829877,1
3829878,1
3829879,1
3829880,1
3829881,1
3829882,1
3829883,1
3829884,1
3829885,1
3829886,1
3829887,1
3829888,1
3829889,1
3829931,1
3829936,1
3829940,1
3829941,1
3829942,1
3829948,1
3829949,1
3829950,1
3829951,1
3829952,1
3829953,1
3829954,1
3829955,1
3829956,1
3829957,1
3829958,1
3829959,1
3829960,1
3829961,1
3829962,1
3829963,1
3829964,1
3829965,1
3829966,1
3829967,1
3829968,1
3829969,1
3829970,1
3829971,1
3829972,1
3829973,1
3829974,1
3829975,1
3829976,1
3829977,1
3829978,1
3829979,1
3829980,1
3829981,1
3829982,1
3829983,1
3829984,1
3829985,1
3829986,1
3829987,1
3829988,1
3829989,1
3829990,1
3829991,1
3829992,1
3829993,1
3829994,1
3829995,1
3830009,1
3830010,1
3830011,1
3830013,1
3830014,1
3830015,1
3830016,1
3830017,1
3830262,1
3830263,1
3830264,1
3833427,1
3833428,1
3833429,1
3833430,1
3833431,1
3833432,1
3833433,1
3833434,1
3833435,1
3833436,1
3833437,1
3833438,1
3833439,1
3833440,1
3833441,1
3833442,1
3833443,1
3833444,1
3833445,1
3833446,1
3833447,1
3833448,1
3833449,1
3833450,1
3833451,1
3833452,1
3833453,1
3833454,1
3833455,1
3833456,1
3833457,1
3833458,1
3833459,1
3833460,1
3833461,1
3833462,1
3833463,1
3833464,1
3833465,1
3833466,1
3833467,1
3833468,1
3833469,1
3833470,1
3833471,1
3833472,1
3833473,1
3833474,1
3833475,1
3833476,1
3833477,1
3833478,1
3833479,1
3833480,1
3833481,1
3833482,1
3833483,1
3833484,1
3833485,1
3833486,1
3833487,1
3833488,1
3833489,1
3833490,1
3833491,1
3833492,1
3833493,1
3833494,1
3833495,1
3833496,1
3833497,1
3833498,1
3833499,1
3833500,1
3833501,1
3833502,1
3833503,1
3833504,1
3833556,1
3833557,1
3833558,1
3833565,1
3833566,1
3833567,1
3833568,1
3833569,1
3833570,1
3833571,1
3833572,1
3833573,1
3833574,1
3833575,1
3833576,1
3833577,1
3833578,1
3833579,1
3833580,1
3833581,1
3833582,1
3833583,1
3833584,1
3833585,1
3833586,1
3833587,1
3833588,1
3833589,1
3833590,1
3833591,1
3833592,1
3833593,1
3833594,1
3833595,1
3833596,1
3833597,1
3833598,1
3833599,1
3833600,1
3833601,1
3833602,1
3833603,1
3833604,1
3833605,1
3833606,1
3833607,1
3833608,1
3833609,1
3833610,1
3833611,1
3833627,1
3833628,1
3833629,1
3833630,1
3833631,1
3833632,1
3833633,1
3833880,1
3837046,1
3837047,1
3837048,1
3837049,1
3837050,1
3837051,1
3837052,1
3837053,1
3837054,1
3837055,1
3837056,1
3837057,1
3837058,1
3837059,1
3837060,1
3837061,1
3837062,1
3837063,1
3837064,1
3837065,1
3837066,1
3837067,1
3837068,1
3837069,1
3837070,1
3837071,1
3837072,1
3837073,1
3837074,1
3837075,1
3837076,1
3837077,1
3837078,1
3837079,1
3837080,1
3837081,1
3837082,1
3837083,1
3837084,1
3837085,1
3837086,1
3837087,1
3837088,1
3837089,1
3837090,1
3837091,1
3837092,1
3837093,1
3837094,1
3837095,1
3837096,1
3837097,1
3837098,1
3837099,1
3837100,1
3837101,1
3837102,1
3837103,1
3837104,1
3837105,1
3837106,1
3837107,1
3837108,1
3837109,1
3837110,1
3837111,1
3837112,1
3837113,1
3837114,1
3837115,1
3837116,1
3837117,1
3837118,1
3837121,1
3837173,1
3837174,1
3837180,1
3837181,1
3837182,1
3837183,1
3837184,1
3837185,1
3837186,1
3837187,1
3837188,1
3837189,1
3837190,1
3837191,1
3837192,1
3837193,1
3837194,1
3837195,1
3837196,1
3837197,1
3837198,1
3837199,1
3837200,1
3837201,1
3837202,1
3837203,1
3837204,1
3837205,1
3837206,1
3837207,1
3837208,1
3837209,1
3837210,1
3837211,1
3837212,1
3837213,1
3837214,1
3837215,1
3837216,1
3837217,1
3837218,1
3837219,1
3837220,1
3837221,1
3837222,1
3837223,1
3837224,1
3837225,1
3837226,1
3837227,1
3837245,1
3837246,1
3837247,1
3837248,1
3837249,1
3837250,1
3837577,1
3837578,1
3837579,1
3840666,1
3840667,1
3840668,1
3840669,1
3840670,1
3840671,1
3840672,1
3840673,1
3840674,1
3840675,1
3840676,1
3840677,1
3840678,1
3840679,1
3840680,1
3840681,1
3840682,1
3840683,1
3840684,1
3840685,1
3840686,1
3840687,1
3840688,1
3840689,1
3840690,1
3840691,1
3840692,1
3840693,1
3840694,1
3840695,1
3840696,1
3840697,1
3840698,1
3840699,1
3840700,1
3840701,1
3840702,1
3840703,1
3840704,1
3840705,1
3840706,1
3840707,1
3840708,1
3840709,1
3840710,1
3840711,1
3840712,1
3840713,1
3840714,1
3840715,1
3840716,1
3840717,1
3840718,1
3840719,1
3840720,1
3840721,1
3840722,1
3840723,1
3840724,1
3840725,1
3840726,1
3840727,1
3840728,1
3840729,1
3840730,1
3840731,1
3840732,1
3840733,1
3840734,1
3840735,1
3840738,1
3840739,1
3840797,1
3840798,1
3840799,1
3840800,1
3840801,1
3840802,1
3840803,1
3840804,1
3840805,1
3840806,1
3840807,1
3840808,1
3840809,1
3840810,1
3840811,1
3840812,1
3840813,1
3840814,1
3840815,1
3840816,1
3840817,1
3840818,1
3840819,1
3840820,1
3840821,1
3840822,1
3840823,1
3840824,1
3840825,1
3840826,1
3840827,1
3840828,1
3840829,1
3840830,1
3840831,1
3840832,1
3840833,1
3840834,1
3840835,1
3840836,1
3840837,1
3840838,1
3840839,1
3840840,1
3840841,1
3840842,1
3840843,1
3840844,1
3840862,1
3840863,1
3840864,1
3840865,1
3840866,1
3841193,1
3841194,1
3841195,1
3841196,1
3844285,1
3844286,1
3844287,1
3844288,1
3844289,1
3844290,1
3844291,1
3844292,1
3844293,1
3844294,1
3844295,1
3844296,1
3844297,1
3844298,1
3844299,1
3844300,1
3844301,1
3844302,1
3844303,1
3844304,1
3844305,1
3844306,1
3844307,1
3844308,1
3844309,1
3844310,1
3844311,1
3844312,1
3844313,1
3844314,1
3844315,1
3844316,1
3844317,1
3844318,1
3844319,1
3844320,1
3844321,1
3844322,1
3844323,1
3844324,1
3844325,1
3844326,1
3844327,1
3844328,1
3844329,1
3844330,1
3844331,1
3844332,1
3844333,1
3844334,1
3844335,1
3844336,1
3844337,1
3844338,1
3844339,1
3844340,1
3844341,1
3844342,1
3844343,1
3844344,1
3844345,1
3844346,1
3844347,1
3844348,1
3844349,1
3844350,1
3844351,1
3844352,1
3844355,1
3844413,1
3844414,1
3844415,1
3844416,1
3844417,1
3844418,1
3844419,1
3844420,1
3844421,1
3844422,1
3844423,1
3844424,1
3844425,1
3844426,1
3844427,1
3844428,1
3844429,1
3844430,1
3844431,1
3844432,1
3844433,1
3844434,1
3844435,1
3844436,1
3844437,1
3844438,1
3844439,1
3844440,1
3844441,1
3844442,1
3844443,1
3844444,1
3844445,1
3844446,1
3844447,1
3844448,1
3844449,1
3844450,1
3844451,1
3844452,1
3844453,1
3844454,1
3844455,1
3844456,1
3844457,1
3844458,1
3844459,1
3844460,1
3844461,1
3844462,1
3844463,1
3844480,1
3844481,1
3844482,1
3844483,1
3847901,1
3847902,1
3847903,1
3847904,1
3847905,1
3847906,1
3847907,1
3847908,1
3847909,1
3847910,1
3847911,1
3847912,1
3847913,1
3847914,1
3847915,1
3847916,1
3847917,1
3847918,1
3847919,1
3847920,1
3847921,1
3847922,1
3847923,1
3847924,1
3847925,1
3847926,1
3847927,1
3847928,1
3847929,1
3847930,1
3847931,1
3847932,1
3847933,1
3847934,1
3847935,1
3847936,1
3847937,1
3847938,1
3847939,1
3847940,1
3847941,1
3847942,1
3847943,1
3847944,1
3847945,1
3847946,1
3847947,1
3847948,1
3847949,1
3847950,1
3847951,1
3847952,1
3847953,1
3847954,1
3847955,1
3847956,1
3847957,1
3847958,1
3847959,1
3847960,1
3847961,1
3847962,1
3847963,1
3847964,1
3847965,1
3847966,1
3847969,1
3848030,1
3848031,1
3848032,1
3848033,1
3848034,1
3848035,1
3848036,1
3848037,1
3848038,1
3848039,1
3848040,1
3848041,1
3848042,1
3848043,1
3848044,1
3848045,1
3848046,1
3848047,1
3848048,1
3848049,1
3848050,1
3848051,1
3848052,1
3848053,1
3848054,1
3848055,1
3848056,1
3848057,1
3848058,1
3848059,1
3848060,1
3848061,1
3848062,1
3848063,1
3848064,1
3848065,1
3848066,1
3848067,1
3848068,1
3848069,1
3848070,1
3848071,1
3848072,1
3848073,1
3848074,1
3848075,1
3848076,1
3848077,1
3848078,1
3848079,1
3848096,1
3848097,1
3848098,1
3848099,1
3848100,1
3851518,1
3851519,1
3851520,1
3851521,1
3851522,1
3851523,1
3851524,1
3851525,1
3851526,1
3851527,1
3851528,1
3851529,1
3851530,1
3851531,1
3851532,1
3851533,1
3851534,1
3851535,1
3851536,1
3851537,1
3851538,1
3851539,1
3851540,1
3851541,1
3851542,1
3851543,1
3851544,1
3851545,1
3851546,1
3851547,1
3851548,1
3851549,1
3851550,1
3851551,1
3851552,1
3851553,1
3851554,1
3851555,1
3851556,1
3851557,1
3851558,1
3851559,1
3851560,1
3851561,1
3851562,1
3851563,1
3851564,1
3851565,1
3851566,1
3851567,1
3851568,1
3851569,1
3851570,1
3851571,1
3851572,1
3851573,1
3851574,1
3851575,1
3851576,1
3851577,1
3851578,1
3851579,1
3851580,1
3851581,1
3851582,1
3851583,1
3851644,1
3851646,1
3851647,1
3851648,1
3851649,1
3851650,1
3851651,1
3851652,1
3851653,1
3851654,1
3851655,1
3851656,1
3851657,1
3851658,1
3851659,1
3851660,1
3851661,1
3851662,1
3851663,1
3851664,1
3851665,1
3851666,1
3851667,1
3851668,1
3851669,1
3851670,1
3851671,1
3851672,1
3851673,1
3851674,1
3851675,1
3851676,1
3851677,1
3851678,1
3851679,1
3851680,1
3851681,1
3851682,1
3851683,1
3851684,1
3851685,1
3851686,1
3851687,1
3851688,1
3851689,1
3851690,1
3851691,1
3851692,1
3851693,1
3851694,1
3851695,1
3851696,1
3851712,1
3851713,1
3851714,1
3851715,1
3851716,1
3851717,1
3855135,1
3855136,1
3855137,1
3855138,1
3855140,1
3855141,1
3855142,1
3855143,1
3855144,1
3855145,1
3855146,1
3855147,1
3855148,1
3855149,1
3855150,1
3855151,1
3855152,1
3855153,1
3855154,1
3855155,1
3855156,1
3855157,1
3855158,1
3855159,1
3855160,1
3855161,1
3855162,1
3855163,1
3855164,1
3855165,1
3855166,1
3855167,1
3855168,1
3855169,1
3855170,1
3855171,1
3855172,1
3855173,1
3855174,1
3855175,1
3855176,1
3855177,1
3855178,1
3855179,1
3855180,1
3855181,1
3855182,1
3855183,1
3855184,1
3855185,1
3855186,1
3855187,1
3855188,1
3855189,1
3855190,1
3855191,1
3855192,1
3855193,1
3855194,1
3855195,1
3855196,1
3855197,1
3855198,1
3855199,1
3855200,1
3855261,1
3855262,1
3855263,1
3855264,1
3855265,1
3855266,1
3855267,1
3855268,1
3855269,1
3855270,1
3855271,1
3855272,1
3855273,1
3855274,1
3855275,1
3855276,1
3855277,1
3855278,1
3855279,1
3855280,1
3855281,1
3855282,1
3855283,1
3855284,1
3855285,1
3855286,1
3855287,1
3855288,1
3855289,1
3855290,1
3855291,1
3855292,1
3855293,1
3855294,1
3855295,1
3855296,1
3855297,1
3855298,1
3855299,1
3855300,1
3855301,1
3855302,1
3855303,1
3855304,1
3855305,1
3855306,1
3855307,1
3855308,1
3855309,1
3855310,1
3855311,1
3855312,1
3855329,1
3855331,1
3855332,1
3855333,1
3858757,1
3858758,1
3858759,1
3858760,1
3858761,1
3858762,1
3858763,1
3858764,1
3858765,1
3858766,1
3858767,1
3858768,1
3858769,1
3858770,1
3858771,1
3858772,1
3858773,1
3858774,1
3858775,1
3858776,1
3858777,1
3858778,1
3858779,1
3858780,1
3858781,1
3858782,1
3858783,1
3858784,1
3858785,1
3858786,1
3858787,1
3858788,1
3858789,1
3858790,1
3858791,1
3858792,1
3858793,1
3858794,1
3858795,1
3858796,1
3858797,1
3858798,1
3858799,1
3858800,1
3858801,1
3858802,1
3858803,1
3858804,1
3858805,1
3858806,1
3858807,1
3858808,1
3858809,1
3858810,1
3858811,1
3858812,1
3858813,1
3858814,1
3858816,1
3858879,1
3858880,1
3858881,1
3858882,1
3858883,1
3858884,1
3858885,1
3858886,1
3858887,1
3858888,1
3858889,1
3858890,1
3858891,1
3858892,1
3858893,1
3858894,1
3858895,1
3858896,1
3858897,1
3858898,1
3858899,1
3858900,1
3858901,1
3858902,1
3858903,1
3858904,1
3858905,1
3858906,1
3858907,1
3858908,1
3858909,1
3858910,1
3858911,1
3858912,1
3858913,1
3858914,1
3858915,1
3858916,1
3858917,1
3858918,1
3858919,1
3858920,1
3858921,1
3858922,1
3858923,1
3858924,1
3858925,1
3858926,1
3858927,1
3858928,1
3858947,1
3858948,1
3858949,1
3858950,1
3858951,1
3862372,1
3862373,1
3862374,1
3862375,1
3862376,1
3862377,1
3862378,1
3862379,1
3862380,1
3862381,1
3862382,1
3862383,1
3862384,1
3862385,1
3862386,1
3862387,1
3862388,1
3862389,1
3862390,1
3862391,1
3862392,1
3862393,1
3862394,1
3862395,1
3862396,1
3862397,1
3862398,1
3862399,1
3862400,1
3862401,1
3862402,1
3862403,1
3862404,1
3862405,1
3862406,1
3862407,1
3862408,1
3862409,1
3862410,1
3862411,1
3862412,1
3862413,1
3862414,1
3862415,1
3862416,1
3862417,1
3862418,1
3862419,1
3862420,1
3862421,1
3862422,1
3862423,1
3862424,1
3862425,1
3862426,1
3862427,1
3862428,1
3862429,1
3862430,1
3862431,1
3862495,1
3862496,1
3862497,1
3862498,1
3862499,1
3862500,1
3862501,1
3862502,1
3862503,1
3862504,1
3862505,1
3862506,1
3862507,1
3862508,1
3862509,1
3862510,1
3862511,1
3862512,1
3862513,1
3862514,1
3862515,1
3862516,1
3862517,1
3862518,1
3862519,1
3862520,1
3862521,1
3862522,1
3862523,1
3862524,1
3862525,1
3862526,1
3862527,1
3862528,1
3862529,1
3862530,1
3862531,1
3862532,1
3862533,1
3862534,1
3862535,1
3862536,1
3862537,1
3862538,1
3862539,1
3862540,1
3862541,1
3862542,1
3862543,1
3862544,1
3862564,1
3862565,1
3862566,1
3862567,1
3862568,1
3862790,1
3862791,1
3863028,1
3865988,1
3865989,1
3865990,1
3865991,1
3865992,1
3865993,1
3865994,1
3865995,1
3865996,1
3865997,1
3865998,1
3865999,1
3866000,1
3866001,1
3866002,1
3866003,1
3866004,1
3866005,1
3866006,1
3866007,1
3866008,1
3866009,1
3866010,1
3866011,1
3866012,1
3866013,1
3866014,1
3866015,1
3866016,1
3866017,1
3866018,1
3866019,1
3866020,1
3866021,1
3866022,1
3866023,1
3866024,1
3866025,1
3866026,1
3866027,1
3866028,1
3866029,1
3866030,1
3866031,1
3866032,1
3866033,1
3866034,1
3866035,1
3866036,1
3866037,1
3866038,1
3866039,1
3866040,1
3866041,1
3866042,1
3866043,1
3866044,1
3866045,1
3866046,1
3866047,1
3866048,1
3866112,1
3866113,1
3866114,1
3866115,1
3866116,1
3866117,1
3866118,1
3866119,1
3866120,1
3866121,1
3866122,1
3866123,1
3866124,1
3866125,1
3866126,1
3866127,1
3866128,1
3866129,1
3866130,1
3866131,1
3866132,1
3866133,1
3866134,1
3866135,1
3866136,1
3866137,1
3866138,1
3866139,1
3866140,1
3866141,1
3866142,1
3866143,1
3866144,1
3866145,1
3866146,1
3866147,1
3866148,1
3866149,1
3866150,1
3866151,1
3866152,1
3866153,1
3866154,1
3866155,1
3866156,1
3866157,1
3866158,1
3866159,1
3866160,1
3866161,1
3866181,1
3866182,1
3866183,1
3866184,1
3866185,1
3866406,1
3866407,1
3866408,1
3866645,1
3866646,1
3869605,1
3869606,1
3869607,1
3869608,1
3869609,1
3869610,1
3869611,1
3869612,1
3869613,1
3869614,1
3869615,1
3869616,1
3869617,1
3869618,1
3869619,1
3869620,1
3869621,1
3869622,1
3869623,1
3869624,1
3869625,1
3869626,1
3869627,1
3869628,1
3869629,1
3869630,1
3869631,1
3869632,1
3869633,1
3869634,1
3869635,1
3869636,1
3869637,1
3869638,1
3869639,1
3869640,1
3869641,1
3869642,1
3869643,1
3869644,1
3869645,1
3869646,1
3869647,1
3869648,1
3869649,1
3869650,1
3869651,1
3869652,1
3869653,1
3869654,1
3869655,1
3869656,1
3869657,1
3869658,1
3869659,1
3869660,1
3869661,1
3869662,1
3869663,1
3869664,1
3869665,1
3869724,1
3869726,1
3869728,1
3869729,1
3869730,1
3869731,1
3869732,1
3869733,1
3869734,1
3869735,1
3869736,1
3869737,1
3869738,1
3869739,1
3869740,1
3869741,1
3869742,1
3869743,1
3869744,1
3869745,1
3869746,1
3869747,1
3869748,1
3869749,1
3869750,1
3869751,1
3869752,1
3869753,1
3869754,1
3869755,1
3869756,1
3869757,1
3869758,1
3869759,1
3869760,1
3869761,1
3869762,1
3869763,1
3869764,1
3869765,1
3869766,1
3869767,1
3869768,1
3869769,1
3869770,1
3869771,1
3869772,1
3869773,1
3869774,1
3869775,1
3869776,1
3869777,1
3869778,1
3869798,1
3869799,1
3869800,1
3869801,1
3869802,1
3870023,1
3870025,1
3870262,1
3870264,1
3870391,1
3870392,1
3873221,1
3873222,1
3873223,1
3873224,1
3873225,1
3873226,1
3873227,1
3873228,1
3873229,1
3873230,1
3873231,1
3873232,1
3873233,1
3873234,1
3873235,1
3873236,1
3873237,1
3873238,1
3873239,1
3873240,1
3873241,1
3873242,1
3873243,1
3873244,1
3873245,1
3873246,1
3873247,1
3873248,1
3873249,1
3873250,1
3873251,1
3873252,1
3873253,1
3873254,1
3873255,1
3873256,1
3873257,1
3873258,1
3873259,1
3873260,1
3873261,1
3873262,1
3873263,1
3873264,1
3873265,1
3873266,1
3873267,1
3873268,1
3873269,1
3873270,1
3873271,1
3873272,1
3873273,1
3873274,1
3873275,1
3873276,1
3873277,1
3873278,1
3873279,1
3873280,1
3873281,1
3873282,1
3873339,1
3873341,1
3873342,1
3873344,1
3873345,1
3873346,1
3873347,1
3873348,1
3873349,1
3873350,1
3873351,1
3873352,1
3873353,1
3873354,1
3873355,1
3873356,1
3873357,1
3873358,1
3873359,1
3873360,1
3873361,1
3873362,1
3873363,1
3873364,1
3873365,1
3873366,1
3873367,1
3873368,1
3873369,1
3873370,1
3873371,1
3873372,1
3873373,1
3873374,1
3873375,1
3873376,1
3873377,1
3873378,1
3873379,1
3873380,1
3873381,1
3873382,1
3873383,1
3873384,1
3873385,1
3873386,1
3873387,1
3873388,1
3873389,1
3873390,1
3873391,1
3873392,1
3873393,1
3873394,1
3873395,1
3873414,1
3873415,1
3873416,1
3873417,1
3873418,1
3873419,1
3873641,1
3873642,1
3873651,1
3873879,1
3873881,1
3874009,1
3876836,1
3876837,1
3876838,1
3876839,1
3876840,1
3876841,1
3876842,1
3876843,1
3876844,1
3876845,1
3876846,1
3876847,1
3876848,1
3876849,1
3876850,1
3876851,1
3876852,1
3876853,1
3876854,1
3876855,1
3876856,1
3876857,1
3876858,1
3876859,1
3876860,1
3876861,1
3876862,1
3876863,1
3876864,1
3876865,1
3876866,1
3876867,1
3876868,1
3876869,1
3876870,1
3876871,1
3876872,1
3876873,1
3876874,1
3876875,1
3876876,1
3876877,1
3876878,1
3876879,1
3876880,1
3876881,1
3876882,1
3876883,1
3876884,1
3876885,1
3876886,1
3876887,1
3876888,1
3876889,1
3876890,1
3876891,1
3876892,1
3876893,1
3876894,1
3876895,1
3876896,1
3876897,1
3876898,1
3876899,1
3876956,1
3876957,1
3876958,1
3876959,1
3876960,1
3876961,1
3876962,1
3876963,1
3876964,1
3876965,1
3876966,1
3876967,1
3876968,1
3876969,1
3876970,1
3876971,1
3876972,1
3876973,1
3876974,1
3876975,1
3876976,1
3876977,1
3876978,1
3876979,1
3876980,1
3876981,1
3876982,1
3876983,1
3876984,1
3876985,1
3876986,1
3876987,1
3876988,1
3876989,1
3876990,1
3876991,1
3876992,1
3876993,1
3876994,1
3876995,1
3876996,1
3876997,1
3876998,1
3876999,1
3877000,1
3877001,1
3877002,1
3877003,1
3877004,1
3877005,1
3877006,1
3877007,1
3877008,1
3877009,1
3877010,1
3877011,1
3877012,1
3877031,1
3877032,1
3877033,1
3877034,1
3877035,1
3877036,1
3877257,1
3877258,1
3877259,1
3877497,1
3877531,1
3877532,1
3877533,1
3877534,1
3877535,1
3877536,1
3877537,1
3880453,1
3880454,1
3880455,1
3880456,1
3880457,1
3880458,1
3880459,1
3880460,1
3880461,1
3880462,1
3880463,1
3880464,1
3880465,1
3880466,1
3880467,1
3880468,1
3880469,1
3880470,1
3880471,1
3880472,1
3880473,1
3880474,1
3880475,1
3880476,1
3880477,1
3880478,1
3880479,1
3880480,1
3880481,1
3880482,1
3880483,1
3880484,1
3880485,1
3880486,1
3880487,1
3880488,1
3880489,1
3880490,1
3880491,1
3880492,1
3880493,1
3880494,1
3880495,1
3880496,1
3880497,1
3880498,1
3880499,1
3880500,1
3880501,1
3880502,1
3880503,1
3880504,1
3880505,1
3880506,1
3880507,1
3880508,1
3880509,1
3880510,1
3880511,1
3880512,1
3880513,1
3880514,1
3880515,1
3880573,1
3880574,1
3880575,1
3880576,1
3880577,1
3880578,1
3880579,1
3880580,1
3880581,1
3880582,1
3880583,1
3880584,1
3880585,1
3880586,1
3880587,1
3880588,1
3880589,1
3880590,1
3880591,1
3880592,1
3880593,1
3880594,1
3880595,1
3880596,1
3880597,1
3880598,1
3880599,1
3880600,1
3880601,1
3880602,1
3880603,1
3880604,1
3880605,1
3880606,1
3880607,1
3880608,1
3880609,1
3880610,1
3880611,1
3880612,1
3880613,1
3880614,1
3880615,1
3880616,1
3880617,1
3880618,1
3880619,1
3880620,1
3880621,1
3880622,1
3880623,1
3880624,1
3880625,1
3880626,1
3880627,1
3880628,1
3880648,1
3880649,1
3880650,1
3880651,1
3880652,1
3880653,1
3880875,1
3880876,1
3880881,1
3880882,1
3881147,1
3881148,1
3881154,1
3884070,1
3884071,1
3884072,1
3884073,1
3884074,1
3884075,1
3884076,1
3884077,1
3884078,1
3884079,1
3884080,1
3884081,1
3884082,1
3884083,1
3884084,1
3884085,1
3884086,1
3884087,1
3884088,1
3884089,1
3884090,1
3884091,1
3884092,1
3884093,1
3884094,1
3884095,1
3884096,1
3884097,1
3884098,1
3884099,1
3884100,1
3884101,1
3884102,1
3884103,1
3884104,1
3884105,1
3884106,1
3884107,1
3884108,1
3884109,1
3884110,1
3884111,1
3884112,1
3884113,1
3884114,1
3884115,1
3884116,1
3884117,1
3884118,1
3884119,1
3884120,1
3884121,1
3884122,1
3884123,1
3884124,1
3884125,1
3884126,1
3884127,1
3884128,1
3884130,1
3884189,1
3884190,1
3884191,1
3884192,1
3884193,1
3884194,1
3884195,1
3884196,1
3884197,1
3884198,1
3884199,1
3884200,1
3884201,1
3884202,1
3884203,1
3884204,1
3884205,1
3884206,1
3884207,1
3884208,1
3884209,1
3884210,1
3884211,1
3884212,1
3884213,1
3884214,1
3884215,1
3884216,1
3884217,1
3884218,1
3884219,1
3884220,1
3884221,1
3884222,1
3884223,1
3884224,1
3884225,1
3884226,1
3884227,1
3884228,1
3884229,1
3884230,1
3884231,1
3884232,1
3884233,1
3884234,1
3884235,1
3884236,1
3884237,1
3884238,1
3884239,1
3884240,1
3884241,1
3884242,1
3884243,1
3884244,1
3884265,1
3884266,1
3884267,1
3884268,1
3884269,1
3884270,1
3884492,1
3884493,1
3884497,1
3884498,1
3884499,1
3884500,1
3884765,1
3884766,1
3884772,1
3887687,1
3887688,1
3887689,1
3887690,1
3887691,1
3887692,1
3887693,1
3887694,1
3887695,1
3887696,1
3887697,1
3887698,1
3887699,1
3887700,1
3887701,1
3887702,1
3887703,1
3887704,1
3887705,1
3887706,1
3887707,1
3887708,1
3887709,1
3887710,1
3887711,1
3887712,1
3887713,1
3887714,1
3887715,1
3887716,1
3887717,1
3887718,1
3887719,1
3887720,1
3887721,1
3887722,1
3887723,1
3887724,1
3887725,1
3887726,1
3887727,1
3887728,1
3887729,1
3887730,1
3887731,1
3887732,1
3887733,1
3887734,1
3887735,1
3887736,1
3887737,1
3887738,1
3887739,1
3887740,1
3887741,1
3887742,1
3887743,1
3887744,1
3887745,1
3887805,1
3887806,1
3887807,1
3887808,1
3887809,1
3887810,1
3887811,1
3887812,1
3887813,1
3887814,1
3887815,1
3887816,1
3887817,1
3887818,1
3887819,1
3887820,1
3887821,1
3887822,1
3887823,1
3887824,1
3887825,1
3887826,1
3887827,1
3887828,1
3887829,1
3887830,1
3887831,1
3887832,1
3887833,1
3887834,1
3887835,1
3887836,1
3887837,1
3887838,1
3887839,1
3887840,1
3887841,1
3887842,1
3887843,1
3887844,1
3887845,1
3887846,1
3887847,1
3887848,1
3887849,1
3887850,1
3887851,1
3887852,1
3887853,1
3887854,1
3887855,1
3887856,1
3887857,1
3887858,1
3887859,1
3887860,1
3887881,1
3887882,1
3887883,1
3887884,1
3887885,1
3887886,1
3887887,1
3887888,1
3888115,1
3888116,1
3888118,1
3888119,1
3888383,1
3888384,1
3888389,1
3891303,1
3891304,1
3891305,1
3891306,1
3891307,1
3891308,1
3891309,1
3891310,1
3891311,1
3891312,1
3891313,1
3891314,1
3891315,1
3891316,1
3891317,1
3891318,1
3891319,1
3891320,1
3891321,1
3891322,1
3891323,1
3891324,1
3891325,1
3891326,1
3891327,1
3891328,1
3891329,1
3891330,1
3891331,1
3891332,1
3891333,1
3891334,1
3891335,1
3891336,1
3891337,1
3891338,1
3891339,1
3891340,1
3891341,1
3891342,1
3891343,1
3891344,1
3891345,1
3891346,1
3891347,1
3891348,1
3891349,1
3891350,1
3891351,1
3891352,1
3891353,1
3891354,1
3891355,1
3891356,1
3891357,1
3891358,1
3891359,1
3891360,1
3891361,1
3891423,1
3891424,1
3891426,1
3891427,1
3891428,1
3891429,1
3891431,1
3891433,1
3891434,1
3891435,1
3891436,1
3891437,1
3891438,1
3891439,1
3891440,1
3891441,1
3891442,1
3891443,1
3891444,1
3891445,1
3891446,1
3891447,1
3891448,1
3891449,1
3891450,1
3891451,1
3891452,1
3891453,1
3891454,1
3891455,1
3891456,1
3891457,1
3891458,1
3891459,1
3891460,1
3891461,1
3891462,1
3891463,1
3891464,1
3891465,1
3891466,1
3891467,1
3891468,1
3891469,1
3891470,1
3891471,1
3891472,1
3891473,1
3891474,1
3891475,1
3891476,1
3891477,1
3891498,1
3891499,1
3891500,1
3891501,1
3891502,1
3891503,1
3891504,1
3891732,1
3891733,1
3891734,1
3891735,1
3891736,1
3892001,1
3892002,1
3892005,1
3892006,1
3892007,1
3892008,1
3892009,1
3892010,1
3892011,1
3894919,1
3894920,1
3894921,1
3894922,1
3894923,1
3894924,1
3894925,1
3894926,1
3894927,1
3894928,1
3894929,1
3894930,1
3894931,1
3894932,1
3894933,1
3894934,1
3894935,1
3894936,1
3894937,1
3894938,1
3894939,1
3894940,1
3894941,1
3894942,1
3894943,1
3894944,1
3894945,1
3894946,1
3894947,1
3894948,1
3894949,1
3894952,1
3894953,1
3894954,1
3894955,1
3894956,1
3894957,1
3894958,1
3894959,1
3894960,1
3894961,1
3894962,1
3894963,1
3894964,1
3894965,1
3894966,1
3894967,1
3894968,1
3894969,1
3894970,1
3894971,1
3894972,1
3894973,1
3894974,1
3894975,1
3894976,1
3894977,1
3894978,1
3894979,1
3895040,1
3895043,1
3895044,1
3895047,1
3895048,1
3895049,1
3895050,1
3895051,1
3895052,1
3895053,1
3895054,1
3895055,1
3895056,1
3895057,1
3895058,1
3895059,1
3895060,1
3895061,1
3895062,1
3895063,1
3895064,1
3895065,1
3895066,1
3895067,1
3895068,1
3895069,1
3895070,1
3895071,1
3895072,1
3895073,1
3895074,1
3895075,1
3895076,1
3895077,1
3895078,1
3895079,1
3895080,1
3895081,1
3895082,1
3895083,1
3895084,1
3895085,1
3895086,1
3895087,1
3895088,1
3895089,1
3895090,1
3895091,1
3895092,1
3895093,1
3895115,1
3895116,1
3895117,1
3895118,1
3895119,1
3895120,1
3895121,1
3895122,1
3895348,1
3895351,1
3895352,1
3895619,1
3895620,1
3895621,1
3895622,1
3895623,1
3895624,1
3895625,1
3895629,1
3895630,1
3898536,1
3898537,1
3898538,1
3898539,1
3898540,1
3898541,1
3898542,1
3898543,1
3898544,1
3898545,1
3898546,1
3898547,1
3898548,1
3898549,1
3898550,1
3898551,1
3898552,1
3898553,1
3898554,1
3898555,1
3898556,1
3898557,1
3898558,1
3898559,1
3898560,1
3898561,1
3898562,1
3898563,1
3898564,1
3898565,1
3898569,1
3898570,1
3898571,1
3898572,1
3898573,1
3898574,1
3898575,1
3898576,1
3898577,1
3898578,1
3898579,1
3898580,1
3898581,1
3898582,1
3898583,1
3898584,1
3898585,1
3898586,1
3898587,1
3898588,1
3898589,1
3898590,1
3898591,1
3898592,1
3898593,1
3898594,1
3898657,1
3898659,1
3898666,1
3898667,1
3898668,1
3898669,1
3898670,1
3898671,1
3898672,1
3898673,1
3898674,1
3898675,1
3898676,1
3898677,1
3898678,1
3898679,1
3898680,1
3898681,1
3898682,1
3898683,1
3898684,1
3898685,1
3898686,1
3898687,1
3898688,1
3898689,1
3898690,1
3898691,1
3898692,1
3898693,1
3898694,1
3898695,1
3898696,1
3898697,1
3898698,1
3898699,1
3898700,1
3898701,1
3898702,1
3898703,1
3898704,1
3898705,1
3898706,1
3898707,1
3898708,1
3898709,1
3898710,1
3898732,1
3898733,1
3898734,1
3898735,1
3898736,1
3898737,1
3898738,1
3898739,1
3898740,1
3898965,1
3898968,1
3898969,1
3899241,1
3899242,1
3899248,1
3899249,1
3902152,1
3902153,1
3902154,1
3902155,1
3902156,1
3902157,1
3902158,1
3902159,1
3902160,1
3902161,1
3902162,1
3902163,1
3902164,1
3902165,1
3902166,1
3902167,1
3902168,1
3902169,1
3902170,1
3902171,1
3902172,1
3902173,1
3902174,1
3902176,1
3902177,1
3902178,1
3902179,1
3902180,1
3902181,1
3902182,1
3902186,1
3902189,1
3902190,1
3902191,1
3902192,1
3902193,1
3902194,1
3902195,1
3902196,1
3902197,1
3902198,1
3902199,1
3902200,1
3902201,1
3902202,1
3902203,1
3902204,1
3902205,1
3902206,1
3902207,1
3902208,1
3902209,1
3902210,1
3902211,1
3902273,1
3902274,1
3902275,1
3902276,1
3902277,1
3902282,1
3902283,1
3902284,1
3902285,1
3902286,1
3902287,1
3902288,1
3902289,1
3902290,1
3902291,1
3902292,1
3902293,1
3902294,1
3902295,1
3902296,1
3902297,1
3902298,1
3902299,1
3902300,1
3902301,1
3902302,1
3902303,1
3902304,1
3902305,1
3902306,1
3902307,1
3902308,1
3902309,1
3902310,1
3902311,1
3902312,1
3902313,1
3902314,1
3902315,1
3902316,1
3902317,1
3902318,1
3902319,1
3902320,1
3902321,1
3902322,1
3902323,1
3902324,1
3902325,1
3902326,1
3902327,1
3902349,1
3902350,1
3902351,1
3902352,1
3902353,1
3902354,1
3902355,1
3902356,1
3902357,1
3902358,1
3902359,1
3902582,1
3902584,1
3902585,1
3902859,1
3902860,1
3902861,1
3902862,1
3902866,1
3905766,1
3905767,1
3905768,1
3905769,1
3905770,1
3905771,1
3905772,1
3905773,1
3905774,1
3905775,1
3905776,1
3905777,1
3905778,1
3905779,1
3905780,1
3905781,1
3905782,1
3905783,1
3905784,1
3905785,1
3905786,1
3905787,1
3905788,1
3905789,1
3905790,1
3905791,1
3905792,1
3905794,1
3905795,1
3905797,1
3905798,1
3905807,1
3905808,1
3905809,1
3905810,1
3905811,1
3905812,1
3905813,1
3905814,1
3905815,1
3905816,1
3905817,1
3905818,1
3905819,1
3905820,1
3905821,1
3905822,1
3905823,1
3905824,1
3905825,1
3905826,1
3905827,1
3905828,1
3905890,1
3905891,1
3905892,1
3905893,1
3905894,1
3905898,1
3905899,1
3905900,1
3905901,1
3905902,1
3905903,1
3905904,1
3905905,1
3905906,1
3905907,1
3905908,1
3905909,1
3905910,1
3905911,1
3905912,1
3905913,1
3905914,1
3905915,1
3905916,1
3905917,1
3905918,1
3905919,1
3905920,1
3905921,1
3905922,1
3905923,1
3905924,1
3905925,1
3905926,1
3905927,1
3905928,1
3905929,1
3905930,1
3905931,1
3905932,1
3905933,1
3905934,1
3905935,1
3905936,1
3905937,1
3905938,1
3905939,1
3905940,1
3905941,1
3905942,1
3905943,1
3905944,1
3905966,1
3905967,1
3905968,1
3905969,1
3905970,1
3905971,1
3905972,1
3905973,1
3905974,1
3905975,1
3905976,1
3905977,1
3906199,1
3906200,1
3906478,1
3906479,1
3906480,1
3906481,1
3906482,1
3906483,1
3906484,1
3909383,1
3909384,1
3909385,1
3909386,1
3909387,1
3909388,1
3909389,1
3909390,1
3909391,1
3909392,1
3909393,1
3909394,1
3909395,1
3909396,1
3909397,1
3909398,1
3909399,1
3909400,1
3909401,1
3909402,1
3909403,1
3909404,1
3909405,1
3909406,1
3909407,1
3909408,1
3909409,1
3909410,1
3909411,1
3909413,1
3909414,1
3909415,1
3909424,1
3909425,1
3909426,1
3909427,1
3909428,1
3909429,1
3909430,1
3909431,1
3909432,1
3909433,1
3909434,1
3909435,1
3909436,1
3909437,1
3909438,1
3909439,1
3909440,1
3909441,1
3909442,1
3909506,1
3909507,1
3909508,1
3909509,1
3909510,1
3909515,1
3909516,1
3909517,1
3909518,1
3909519,1
3909520,1
3909521,1
3909522,1
3909523,1
3909524,1
3909525,1
3909526,1
3909527,1
3909528,1
3909529,1
3909530,1
3909531,1
3909532,1
3909533,1
3909534,1
3909535,1
3909536,1
3909537,1
3909538,1
3909539,1
3909540,1
3909541,1
3909542,1
3909543,1
3909544,1
3909545,1
3909546,1
3909547,1
3909548,1
3909549,1
3909550,1
3909551,1
3909552,1
3909553,1
3909554,1
3909555,1
3909556,1
3909557,1
3909558,1
3909559,1
3909560,1
3909561,1
3909583,1
3909584,1
3909585,1
3909586,1
3909587,1
3909588,1
3909589,1
3909590,1
3909591,1
3909592,1
3909593,1
3909594,1
3909815,1
3909816,1
3909817,1
3910034,1
3910035,1
3910117,1
3910118,1
3910119,1
3910120,1
3910121,1
3912998,1
3912999,1
3913000,1
3913001,1
3913002,1
3913003,1
3913004,1
3913005,1
3913006,1
3913007,1
3913008,1
3913009,1
3913010,1
3913011,1
3913012,1
3913013,1
3913014,1
3913015,1
3913016,1
3913017,1
3913018,1
3913019,1
3913020,1
3913021,1
3913022,1
3913024,1
3913025,1
3913026,1
3913027,1
3913028,1
3913031,1
3913042,1
3913043,1
3913044,1
3913045,1
3913046,1
3913047,1
3913048,1
3913049,1
3913050,1
3913051,1
3913052,1
3913053,1
3913054,1
3913055,1
3913056,1
3913057,1
3913058,1
3913059,1
3913060,1
3913123,1
3913124,1
3913125,1
3913126,1
3913127,1
3913131,1
3913132,1
3913133,1
3913134,1
3913135,1
3913136,1
3913137,1
3913138,1
3913139,1
3913140,1
3913141,1
3913142,1
3913143,1
3913144,1
3913145,1
3913146,1
3913147,1
3913148,1
3913149,1
3913150,1
3913151,1
3913152,1
3913153,1
3913154,1
3913155,1
3913156,1
3913157,1
3913158,1
3913159,1
3913160,1
3913161,1
3913162,1
3913163,1
3913164,1
3913165,1
3913166,1
3913167,1
3913168,1
3913169,1
3913170,1
3913171,1
3913172,1
3913173,1
3913174,1
3913175,1
3913176,1
3913177,1
3913178,1
3913200,1
3913201,1
3913202,1
3913203,1
3913204,1
3913205,1
3913206,1
3913208,1
3913209,1
3913210,1
3913211,1
3913212,1
3913432,1
3913433,1
3913434,1
3913435,1
3913651,1
3913652,1
3913653,1
3913654,1
3913724,1
3913725,1
3913726,1
3913727,1
3913734,1
3913735,1
3913736,1
3913738,1
3916612,1
3916613,1
3916614,1
3916615,1
3916616,1
3916617,1
3916618,1
3916619,1
3916620,1
3916621,1
3916622,1
3916623,1
3916624,1
3916625,1
3916626,1
3916627,1
3916628,1
3916629,1
3916630,1
3916631,1
3916632,1
3916633,1
3916634,1
3916635,1
3916636,1
3916637,1
3916639,1
3916640,1
3916641,1
3916642,1
3916659,1
3916660,1
3916661,1
3916662,1
3916663,1
3916664,1
3916665,1
3916666,1
3916667,1
3916668,1
3916669,1
3916670,1
3916671,1
3916672,1
3916673,1
3916674,1
3916675,1
3916738,1
3916739,1
3916740,1
3916741,1
3916742,1
3916743,1
3916744,1
3916745,1
3916750,1
3916751,1
3916752,1
3916753,1
3916754,1
3916755,1
3916756,1
3916757,1
3916758,1
3916759,1
3916760,1
3916761,1
3916762,1
3916763,1
3916764,1
3916765,1
3916766,1
3916767,1
3916768,1
3916769,1
3916770,1
3916771,1
3916772,1
3916773,1
3916774,1
3916775,1
3916776,1
3916777,1
3916778,1
3916779,1
3916780,1
3916781,1
3916782,1
3916783,1
3916784,1
3916785,1
3916786,1
3916787,1
3916788,1
3916789,1
3916790,1
3916791,1
3916792,1
3916793,1
3916794,1
3916795,1
3916817,1
3916818,1
3916819,1
3916820,1
3916821,1
3916822,1
3916823,1
3916825,1
3916826,1
3916827,1
3916828,1
3916829,1
3916830,1
3916831,1
3917048,1
3917051,1
3917268,1
3917269,1
3917270,1
3917271,1
3917341,1
3917343,1
3917344,1
3917353,1
3917354,1
3917355,1
3917586,1
3917587,1
3917596,1
3917597,1
3920227,1
3920228,1
3920229,1
3920230,1
3920231,1
3920232,1
3920233,1
3920234,1
3920235,1
3920236,1
3920237,1
3920238,1
3920239,1
3920240,1
3920241,1
3920242,1
3920243,1
3920244,1
3920245,1
3920246,1
3920247,1
3920248,1
3920249,1
3920250,1
3920251,1
3920252,1
3920253,1
3920254,1
3920256,1
3920257,1
3920259,1
3920277,1
3920278,1
3920279,1
3920280,1
3920281,1
3920282,1
3920283,1
3920284,1
3920285,1
3920286,1
3920287,1
3920288,1
3920289,1
3920290,1
3920291,1
3920354,1
3920355,1
3920356,1
3920357,1
3920358,1
3920359,1
3920360,1
3920361,1
3920362,1
3920363,1
3920364,1
3920365,1
3920366,1
3920367,1
3920368,1
3920369,1
3920370,1
3920371,1
3920372,1
3920373,1
3920374,1
3920375,1
3920376,1
3920377,1
3920378,1
3920379,1
3920380,1
3920381,1
3920382,1
3920383,1
3920384,1
3920385,1
3920386,1
3920387,1
3920388,1
3920389,1
3920390,1
3920391,1
3920392,1
3920393,1
3920394,1
3920395,1
3920396,1
3920397,1
3920398,1
3920399,1
3920400,1
3920401,1
3920402,1
3920403,1
3920404,1
3920405,1
3920406,1
3920407,1
3920408,1
3920409,1
3920410,1
3920411,1
3920433,1
3920434,1
3920435,1
3920436,1
3920437,1
3920442,1
3920443,1
3920444,1
3920445,1
3920446,1
3920447,1
3920448,1
3920449,1
3920450,1
3920665,1
3920666,1
3920667,1
3920668,1
3920887,1
3920888,1
3920958,1
3920959,1
3920960,1
3921199,1
3921200,1
3921201,1
3921202,1
3921203,1
3921204,1
3921212,1
3921213,1
3921214,1
3923842,1
3923843,1
3923844,1
3923845,1
3923846,1
3923847,1
3923848,1
3923849,1
3923850,1
3923851,1
3923852,1
3923853,1
3923854,1
3923855,1
3923856,1
3923857,1
3923858,1
3923859,1
3923860,1
3923861,1
3923862,1
3923863,1
3923864,1
3923865,1
3923866,1
3923867,1
3923869,1
3923870,1
3923871,1
3923872,1
3923873,1
3923874,1
3923875,1
3923894,1
3923895,1
3923896,1
3923897,1
3923898,1
3923899,1
3923900,1
3923901,1
3923902,1
3923903,1
3923904,1
3923905,1
3923906,1
3923907,1
3923908,1
3923971,1
3923972,1
3923973,1
3923974,1
3923975,1
3923976,1
3923977,1
3923978,1
3923979,1
3923980,1
3923981,1
3923982,1
3923983,1
3923984,1
3923985,1
3923986,1
3923987,1
3923988,1
3923989,1
3923990,1
3923991,1
3923992,1
3923993,1
3923994,1
3923995,1
3923996,1
3923997,1
3923998,1
3923999,1
3924000,1
3924001,1
3924002,1
3924003,1
3924004,1
3924005,1
3924006,1
3924007,1
3924008,1
3924009,1
3924010,1
3924011,1
3924012,1
3924013,1
3924014,1
3924015,1
3924016,1
3924017,1
3924018,1
3924019,1
3924020,1
3924021,1
3924022,1
3924023,1
3924024,1
3924025,1
3924026,1
3924027,1
3924051,1
3924052,1
3924053,1
3924059,1
3924060,1
3924061,1
3924062,1
3924063,1
3924064,1
3924065,1
3924066,1
3924067,1
3924288,1
3924816,1
3924817,1
3924818,1
3924819,1
3924820,1
3924821,1
3924828,1
3924829,1
3924830,1
3924831,1
3927458,1
3927459,1
3927460,1
3927461,1
3927462,1
3927463,1
3927464,1
3927465,1
3927466,1
3927467,1
3927468,1
3927469,1
3927470,1
3927471,1
3927472,1
3927473,1
3927474,1
3927475,1
3927476,1
3927477,1
3927478,1
3927479,1
3927480,1
3927481,1
3927483,1
3927485,1
3927486,1
3927487,1
3927489,1
3927491,1
3927492,1
3927511,1
3927512,1
3927513,1
3927514,1
3927515,1
3927516,1
3927517,1
3927518,1
3927519,1
3927520,1
3927521,1
3927522,1
3927523,1
3927524,1
3927525,1
3927587,1
3927588,1
3927589,1
3927590,1
3927591,1
3927592,1
3927593,1
3927594,1
3927595,1
3927596,1
3927597,1
3927598,1
3927599,1
3927600,1
3927601,1
3927602,1
3927603,1
3927604,1
3927605,1
3927606,1
3927607,1
3927608,1
3927609,1
3927610,1
3927611,1
3927612,1
3927613,1
3927614,1
3927615,1
3927616,1
3927617,1
3927618,1
3927619,1
3927620,1
3927621,1
3927622,1
3927623,1
3927624,1
3927625,1
3927626,1
3927627,1
3927628,1
3927629,1
3927630,1
3927631,1
3927632,1
3927633,1
3927634,1
3927635,1
3927636,1
3927637,1
3927638,1
3927639,1
3927640,1
3927641,1
3927642,1
3927643,1
3927644,1
3927676,1
3927677,1
3927678,1
3927679,1
3927680,1
3927681,1
3927682,1
3927683,1
3927684,1
3927685,1
3928434,1
3928444,1
3928445,1
3928446,1
3928447,1
3931074,1
3931075,1
3931076,1
3931077,1
3931078,1
3931079,1
3931080,1
3931081,1
3931082,1
3931083,1
3931084,1
3931085,1
3931086,1
3931087,1
3931088,1
3931089,1
3931090,1
3931091,1
3931092,1
3931093,1
3931094,1
3931095,1
3931096,1
3931097,1
3931098,1
3931099,1
3931101,1
3931103,1
3931128,1
3931129,1
3931130,1
3931131,1
3931132,1
3931133,1
3931134,1
3931135,1
3931136,1
3931137,1
3931138,1
3931139,1
3931140,1
3931141,1
3931142,1
3931143,1
3931144,1
3931145,1
3931203,1
3931204,1
3931205,1
3931206,1
3931207,1
3931208,1
3931209,1
3931210,1
3931211,1
3931212,1
3931213,1
3931214,1
3931215,1
3931216,1
3931217,1
3931218,1
3931219,1
3931220,1
3931221,1
3931222,1
3931223,1
3931224,1
3931225,1
3931226,1
3931227,1
3931228,1
3931229,1
3931230,1
3931231,1
3931232,1
3931233,1
3931234,1
3931235,1
3931236,1
3931237,1
3931238,1
3931239,1
3931240,1
3931241,1
3931242,1
3931243,1
3931244,1
3931245,1
3931246,1
3931247,1
3931248,1
3931249,1
3931250,1
3931251,1
3931252,1
3931253,1
3931254,1
3931255,1
3931256,1
3931257,1
3931258,1
3931259,1
3931260,1
3931261,1
3931294,1
3931295,1
3931296,1
3931297,1
3931298,1
3931299,1
3931300,1
3931301,1
3931302,1
3931506,1
3931507,1
3931508,1
3932061,1
3932062,1
3932063,1
3934689,1
3934690,1
3934691,1
3934692,1
3934693,1
3934694,1
3934695,1
3934696,1
3934697,1
3934698,1
3934699,1
3934700,1
3934701,1
3934702,1
3934703,1
3934704,1
3934705,1
3934706,1
3934707,1
3934708,1
3934709,1
3934710,1
3934711,1
3934712,1
3934713,1
3934714,1
3934715,1
3934716,1
3934717,1
3934718,1
3934747,1
3934748,1
3934749,1
3934750,1
3934751,1
3934752,1
3934753,1
3934754,1
3934755,1
3934756,1
3934757,1
3934758,1
3934759,1
3934760,1
3934819,1
3934820,1
3934821,1
3934822,1
3934823,1
3934824,1
3934825,1
3934826,1
3934827,1
3934828,1
3934829,1
3934830,1
3934831,1
3934832,1
3934833,1
3934834,1
3934835,1
3934836,1
3934837,1
3934838,1
3934839,1
3934840,1
3934841,1
3934842,1
3934843,1
3934844,1
3934845,1
3934846,1
3934847,1
3934848,1
3934849,1
3934850,1
3934851,1
3934852,1
3934853,1
3934854,1
3934855,1
3934856,1
3934857,1
3934858,1
3934859,1
3934860,1
3934861,1
3934862,1
3934863,1
3934864,1
3934865,1
3934866,1
3934867,1
3934868,1
3934869,1
3934870,1
3934871,1
3934872,1
3934873,1
3934874,1
3934875,1
3934876,1
3934877,1
3934878,1
3934912,1
3934913,1
3934914,1
3934915,1
3934916,1
3934917,1
3934918,1
3934919,1
3935123,1
3935125,1
3935678,1
3935679,1
3935680,1
3938305,1
3938306,1
3938307,1
3938308,1
3938309,1
3938310,1
3938311,1
3938312,1
3938313,1
3938314,1
3938315,1
3938316,1
3938317,1
3938318,1
3938319,1
3938320,1
3938321,1
3938322,1
3938323,1
3938324,1
3938325,1
3938326,1
3938327,1
3938328,1
3938329,1
3938330,1
3938331,1
3938332,1
3938333,1
3938365,1
3938366,1
3938367,1
3938368,1
3938369,1
3938370,1
3938371,1
3938372,1
3938373,1
3938374,1
3938375,1
3938376,1
3938377,1
3938378,1
3938435,1
3938436,1
3938437,1
3938438,1
3938439,1
3938440,1
3938441,1
3938442,1
3938443,1
3938444,1
3938445,1
3938446,1
3938447,1
3938448,1
3938449,1
3938450,1
3938451,1
3938452,1
3938453,1
3938454,1
3938455,1
3938456,1
3938457,1
3938458,1
3938459,1
3938460,1
3938461,1
3938462,1
3938463,1
3938464,1
3938465,1
3938466,1
3938467,1
3938468,1
3938469,1
3938470,1
3938471,1
3938472,1
3938473,1
3938474,1
3938475,1
3938476,1
3938477,1
3938478,1
3938479,1
3938480,1
3938481,1
3938482,1
3938483,1
3938484,1
3938485,1
3938486,1
3938487,1
3938488,1
3938489,1
3938490,1
3938491,1
3938492,1
3938493,1
3938494,1
3938529,1
3938530,1
3938531,1
3938532,1
3938533,1
3938534,1
3938535,1
3938536,1
3938739,1
3938740,1
3938742,1
3939262,1
3939263,1
3939264,1
3941919,1
3941920,1
3941921,1
3941922,1
3941923,1
3941924,1
3941925,1
3941926,1
3941927,1
3941928,1
3941929,1
3941930,1
3941931,1
3941932,1
3941933,1
3941934,1
3941935,1
3941936,1
3941937,1
3941938,1
3941939,1
3941940,1
3941941,1
3941942,1
3941943,1
3941944,1
3941945,1
3941946,1
3941947,1
3941948,1
3941949,1
3941950,1
3941981,1
3941982,1
3941986,1
3941987,1
3941988,1
3941989,1
3941990,1
3941991,1
3941992,1
3941993,1
3941995,1
3942052,1
3942053,1
3942054,1
3942055,1
3942056,1
3942057,1
3942058,1
3942059,1
3942060,1
3942061,1
3942062,1
3942063,1
3942064,1
3942065,1
3942066,1
3942067,1
3942068,1
3942069,1
3942070,1
3942071,1
3942072,1
3942073,1
3942074,1
3942075,1
3942076,1
3942077,1
3942078,1
3942079,1
3942080,1
3942081,1
3942082,1
3942083,1
3942084,1
3942085,1
3942086,1
3942087,1
3942088,1
3942089,1
3942090,1
3942091,1
3942092,1
3942093,1
3942094,1
3942095,1
3942096,1
3942097,1
3942098,1
3942099,1
3942100,1
3942101,1
3942102,1
3942103,1
3942104,1
3942105,1
3942106,1
3942107,1
3942108,1
3942109,1
3942110,1
3942111,1
3942147,1
3942148,1
3942149,1
3942150,1
3942151,1
3942152,1
3942153,1
3942356,1
3942359,1
3942371,1
3942372,1
3942879,1
3942880,1
3942881,1
3942884,1
3942885,1
3942886,1
3942887,1
3942888,1
3942889,1
3942890,1
3945535,1
3945536,1
3945537,1
3945538,1
3945539,1
3945540,1
3945541,1
3945542,1
3945543,1
3945544,1
3945545,1
3945546,1
3945547,1
3945548,1
3945549,1
3945550,1
3945551,1
3945552,1
3945553,1
3945554,1
3945555,1
3945556,1
3945557,1
3945558,1
3945559,1
3945560,1
3945561,1
3945562,1
3945563,1
3945564,1
3945565,1
3945566,1
3945567,1
3945568,1
3945597,1
3945598,1
3945599,1
3945606,1
3945607,1
3945609,1
3945610,1
3945611,1
3945669,1
3945670,1
3945671,1
3945672,1
3945673,1
3945674,1
3945675,1
3945676,1
3945677,1
3945678,1
3945679,1
3945680,1
3945681,1
3945682,1
3945683,1
3945684,1
3945685,1
3945686,1
3945687,1
3945688,1
3945689,1
3945690,1
3945691,1
3945692,1
3945693,1
3945694,1
3945695,1
3945696,1
3945697,1
3945698,1
3945699,1
3945700,1
3945701,1
3945702,1
3945703,1
3945704,1
3945705,1
3945706,1
3945707,1
3945708,1
3945709,1
3945710,1
3945711,1
3945712,1
3945713,1
3945714,1
3945715,1
3945716,1
3945717,1
3945718,1
3945719,1
3945720,1
3945721,1
3945722,1
3945723,1
3945724,1
3945725,1
3945726,1
3945727,1
3945728,1
3945765,1
3945766,1
3945767,1
3945768,1
3945769,1
3945973,1
3945976,1
3945977,1
3945978,1
3945979,1
3945980,1
3945988,1
3945989,1
3946498,1
3946502,1
3946503,1
3946504,1
3946505,1
3946506,1
3946507,1
3946508,1
3946509,1
3949151,1
3949152,1
3949153,1
3949154,1
3949155,1
3949156,1
3949157,1
3949158,1
3949159,1
3949160,1
3949161,1
3949162,1
3949163,1
3949164,1
3949165,1
3949166,1
3949167,1
3949168,1
3949169,1
3949170,1
3949171,1
3949172,1
3949173,1
3949174,1
3949175,1
3949176,1
3949177,1
3949178,1
3949179,1
3949180,1
3949181,1
3949182,1
3949184,1
3949185,1
3949213,1
3949214,1
3949224,1
3949227,1
3949286,1
3949287,1
3949288,1
3949289,1
3949290,1
3949291,1
3949292,1
3949293,1
3949294,1
3949295,1
3949296,1
3949297,1
3949298,1
3949299,1
3949300,1
3949301,1
3949302,1
3949303,1
3949304,1
3949305,1
3949306,1
3949307,1
3949308,1
3949309,1
3949310,1
3949311,1
3949312,1
3949313,1
3949314,1
3949315,1
3949316,1
3949317,1
3949318,1
3949319,1
3949320,1
3949321,1
3949322,1
3949323,1
3949324,1
3949325,1
3949326,1
3949327,1
3949328,1
3949329,1
3949330,1
3949331,1
3949332,1
3949333,1
3949334,1
3949335,1
3949336,1
3949337,1
3949338,1
3949339,1
3949340,1
3949341,1
3949342,1
3949343,1
3949344,1
3949345,1
3949383,1
3949384,1
3949385,1
3949386,1
3949590,1
3949593,1
3949594,1
3949596,1
3949597,1
3949605,1
3949606,1
3950119,1
3950120,1
3950121,1
3950122,1
3950123,1
3950124,1
3950126,1
3950127,1
3950128,1
3952767,1
3952768,1
3952769,1
3952770,1
3952771,1
3952772,1
3952773,1
3952774,1
3952775,1
3952776,1
3952777,1
3952778,1
3952779,1
3952780,1
3952781,1
3952782,1
3952783,1
3952784,1
3952785,1
3952786,1
3952787,1
3952788,1
3952789,1
3952790,1
3952791,1
3952792,1
3952793,1
3952794,1
3952795,1
3952796,1
3952797,1
3952798,1
3952799,1
3952802,1
3952844,1
3952904,1
3952905,1
3952906,1
3952907,1
3952908,1
3952909,1
3952910,1
3952911,1
3952912,1
3952913,1
3952914,1
3952915,1
3952916,1
3952917,1
3952918,1
3952919,1
3952920,1
3952921,1
3952922,1
3952923,1
3952924,1
3952925,1
3952926,1
3952927,1
3952928,1
3952929,1
3952930,1
3952931,1
3952932,1
3952933,1
3952934,1
3952935,1
3952936,1
3952937,1
3952938,1
3952939,1
3952940,1
3952941,1
3952942,1
3952943,1
3952944,1
3952945,1
3952946,1
3952947,1
3952948,1
3952949,1
3952950,1
3952951,1
3952952,1
3952953,1
3952954,1
3952955,1
3952956,1
3952957,1
3952958,1
3952959,1
3952960,1
3952961,1
3952962,1
3952999,1
3953000,1
3953001,1
3953002,1
3953003,1
3953207,1
3953210,1
3953212,1
3953213,1
3953221,1
3953223,1
3953736,1
3953737,1
3953739,1
3953740,1
3953741,1
3953742,1
3953743,1
3953744,1
3953745,1
3953746,1
3953747,1
3953753,1
3956384,1
3956385,1
3956386,1
3956387,1
3956388,1
3956389,1
3956390,1
3956391,1
3956392,1
3956393,1
3956394,1
3956395,1
3956396,1
3956397,1
3956398,1
3956399,1
3956400,1
3956401,1
3956402,1
3956403,1
3956404,1
3956405,1
3956406,1
3956407,1
3956408,1
3956409,1
3956410,1
3956411,1
3956412,1
3956413,1
3956414,1
3956419,1
3956420,1
3956457,1
3956461,1
3956522,1
3956523,1
3956524,1
3956525,1
3956526,1
3956527,1
3956528,1
3956529,1
3956530,1
3956531,1
3956532,1
3956533,1
3956534,1
3956535,1
3956536,1
3956537,1
3956538,1
3956539,1
3956540,1
3956541,1
3956542,1
3956543,1
3956544,1
3956545,1
3956546,1
3956547,1
3956548,1
3956549,1
3956550,1
3956551,1
3956552,1
3956553,1
3956554,1
3956555,1
3956556,1
3956557,1
3956558,1
3956559,1
3956560,1
3956561,1
3956562,1
3956563,1
3956564,1
3956565,1
3956566,1
3956567,1
3956568,1
3956569,1
3956570,1
3956571,1
3956572,1
3956573,1
3956574,1
3956575,1
3956576,1
3956577,1
3956578,1
3956615,1
3956616,1
3956617,1
3956618,1
3956619,1
3956823,1
3956826,1
3956827,1
3956830,1
3956838,1
3956840,1
3957358,1
3957359,1
3957360,1
3957361,1
3957362,1
3957363,1
3957364,1
3957367,1
3957368,1
3957369,1
3957370,1
3957371,1
3959999,1
3960000,1
3960001,1
3960002,1
3960003,1
3960004,1
3960005,1
3960006,1
3960007,1
3960008,1
3960009,1
3960010,1
3960011,1
3960012,1
3960013,1
3960014,1
3960015,1
3960016,1
3960017,1
3960018,1
3960019,1
3960020,1
3960021,1
3960022,1
3960023,1
3960024,1
3960025,1
3960026,1
3960027,1
3960028,1
3960029,1
3960030,1
3960031,1
3960063,1
3960064,1
3960140,1
3960141,1
3960142,1
3960143,1
3960144,1
3960145,1
3960146,1
3960147,1
3960148,1
3960149,1
3960150,1
3960151,1
3960152,1
3960153,1
3960154,1
3960155,1
3960156,1
3960157,1
3960158,1
3960159,1
3960160,1
3960161,1
3960162,1
3960163,1
3960164,1
3960165,1
3960166,1
3960167,1
3960168,1
3960169,1
3960170,1
3960171,1
3960172,1
3960173,1
3960174,1
3960175,1
3960176,1
3960177,1
3960178,1
3960179,1
3960180,1
3960181,1
3960182,1
3960183,1
3960184,1
3960185,1
3960186,1
3960187,1
3960188,1
3960189,1
3960190,1
3960191,1
3960192,1
3960193,1
3960194,1
3960195,1
3960233,1
3960234,1
3960235,1
3960236,1
3960440,1
3960446,1
3960447,1
3960452,1
3960453,1
3960454,1
3960455,1
3960457,1
3960976,1
3960979,1
3960980,1
3960981,1
3960985,1
3960986,1
3960987,1
3960988,1
3960989,1
3960990,1
3960991,1
3960992,1
3963616,1
3963617,1
3963618,1
3963619,1
3963620,1
3963621,1
3963622,1
3963623,1
3963624,1
3963625,1
3963626,1
3963627,1
3963628,1
3963629,1
3963630,1
3963631,1
3963632,1
3963633,1
3963634,1
3963635,1
3963636,1
3963637,1
3963638,1
3963639,1
3963640,1
3963641,1
3963642,1
3963644,1
3963645,1
3963646,1
3963647,1
3963648,1
3963650,1
3963758,1
3963759,1
3963760,1
3963761,1
3963762,1
3963763,1
3963764,1
3963765,1
3963766,1
3963767,1
3963768,1
3963769,1
3963770,1
3963771,1
3963772,1
3963773,1
3963774,1
3963775,1
3963776,1
3963777,1
3963778,1
3963779,1
3963780,1
3963781,1
3963782,1
3963783,1
3963784,1
3963785,1
3963786,1
3963787,1
3963788,1
3963789,1
3963790,1
3963791,1
3963792,1
3963793,1
3963794,1
3963795,1
3963796,1
3963797,1
3963798,1
3963799,1
3963800,1
3963801,1
3963802,1
3963803,1
3963804,1
3963805,1
3963806,1
3963807,1
3963808,1
3963809,1
3963810,1
3963811,1
3963849,1
3963850,1
3963851,1
3963852,1
3963853,1
3964056,1
3964057,1
3964063,1
3964067,1
3964068,1
3964069,1
3964071,1
3964073,1
3964603,1
3964606,1
3964607,1
3964608,1
3964609,1
3964615,1
3964616,1
3967234,1
3967235,1
3967236,1
3967237,1
3967238,1
3967239,1
3967240,1
3967241,1
3967242,1
3967243,1
3967244,1
3967245,1
3967246,1
3967247,1
3967248,1
3967249,1
3967250,1
3967251,1
3967252,1
3967253,1
3967254,1
3967255,1
3967256,1
3967257,1
3967258,1
3967259,1
3967260,1
3967261,1
3967266,1
3967376,1
3967377,1
3967378,1
3967379,1
3967380,1
3967381,1
3967382,1
3967383,1
3967384,1
3967385,1
3967386,1
3967387,1
3967388,1
3967389,1
3967390,1
3967391,1
3967392,1
3967393,1
3967394,1
3967395,1
3967396,1
3967397,1
3967398,1
3967399,1
3967400,1
3967401,1
3967402,1
3967403,1
3967404,1
3967405,1
3967406,1
3967407,1
3967408,1
3967409,1
3967410,1
3967411,1
3967412,1
3967413,1
3967414,1
3967415,1
3967416,1
3967417,1
3967418,1
3967419,1
3967420,1
3967421,1
3967422,1
3967423,1
3967424,1
3967425,1
3967426,1
3967427,1
3967465,1
3967466,1
3967467,1
3967468,1
3967469,1
3967673,1
3967680,1
3967683,1
3967684,1
3967687,1
3967688,1
3967690,1
3967938,1
3968220,1
3968223,1
3968224,1
3968225,1
3968226,1
3968232,1
3968233,1
3968234,1
3970850,1
3970851,1
3970852,1
3970853,1
3970854,1
3970855,1
3970856,1
3970857,1
3970858,1
3970859,1
3970860,1
3970861,1
3970862,1
3970863,1
3970864,1
3970865,1
3970866,1
3970867,1
3970868,1
3970869,1
3970870,1
3970871,1
3970872,1
3970873,1
3970874,1
3970875,1
3970876,1
3970877,1
3970878,1
3970883,1
3970993,1
3970994,1
3970995,1
3970996,1
3970997,1
3970998,1
3970999,1
3971000,1
3971001,1
3971002,1
3971003,1
3971004,1
3971005,1
3971006,1
3971007,1
3971008,1
3971009,1
3971010,1
3971011,1
3971012,1
3971013,1
3971014,1
3971015,1
3971016,1
3971017,1
3971018,1
3971019,1
3971020,1
3971021,1
3971022,1
3971023,1
3971024,1
3971025,1
3971026,1
3971027,1
3971028,1
3971029,1
3971030,1
3971031,1
3971032,1
3971033,1
3971034,1
3971035,1
3971036,1
3971037,1
3971038,1
3971039,1
3971040,1
3971041,1
3971042,1
3971043,1
3971044,1
3971082,1
3971083,1
3971084,1
3971085,1
3971086,1
3971290,1
3971297,1
3971300,1
3971301,1
3971302,1
3971303,1
3971304,1
3971305,1
3971306,1
3971554,1
3971555,1
3971556,1
3971841,1
3971842,1
3971843,1
3971850,1
3971851,1
3974463,1
3974464,1
3974465,1
3974466,1
3974467,1
3974468,1
3974469,1
3974470,1
3974471,1
3974472,1
3974473,1
3974474,1
3974475,1
3974476,1
3974477,1
3974478,1
3974479,1
3974480,1
3974481,1
3974482,1
3974483,1
3974484,1
3974485,1
3974486,1
3974487,1
3974488,1
3974489,1
3974490,1
3974491,1
3974492,1
3974493,1
3974610,1
3974611,1
3974612,1
3974614,1
3974616,1
3974617,1
3974618,1
3974619,1
3974620,1
3974621,1
3974622,1
3974623,1
3974624,1
3974625,1
3974626,1
3974627,1
3974628,1
3974629,1
3974630,1
3974631,1
3974632,1
3974633,1
3974634,1
3974635,1
3974636,1
3974637,1
3974638,1
3974639,1
3974640,1
3974641,1
3974642,1
3974643,1
3974644,1
3974645,1
3974646,1
3974647,1
3974648,1
3974649,1
3974650,1
3974651,1
3974652,1
3974653,1
3974654,1
3974655,1
3974656,1
3974657,1
3974658,1
3974659,1
3974660,1
3974699,1
3974700,1
3974701,1
3974702,1
3974907,1
3974908,1
3974912,1
3974913,1
3974914,1
3974918,1
3974919,1
3974920,1
3974921,1
3974923,1
3975171,1
3975172,1
3975173,1
3975454,1
3975455,1
3975456,1
3975459,1
3975467,1
3975468,1
3978077,1
3978079,1
3978080,1
3978081,1
3978082,1
3978083,1
3978084,1
3978085,1
3978086,1
3978087,1
3978088,1
3978089,1
3978090,1
3978091,1
3978092,1
3978093,1
3978094,1
3978095,1
3978096,1
3978097,1
3978098,1
3978099,1
3978100,1
3978101,1
3978102,1
3978103,1
3978104,1
3978105,1
3978106,1
3978107,1
3978108,1
3978109,1
3978110,1
3978228,1
3978230,1
3978231,1
3978233,1
3978235,1
3978236,1
3978237,1
3978238,1
3978239,1
3978240,1
3978241,1
3978242,1
3978243,1
3978244,1
3978245,1
3978246,1
3978247,1
3978248,1
3978249,1
3978250,1
3978251,1
3978252,1
3978253,1
3978254,1
3978255,1
3978256,1
3978257,1
3978258,1
3978259,1
3978260,1
3978261,1
3978262,1
3978263,1
3978264,1
3978265,1
3978266,1
3978267,1
3978268,1
3978269,1
3978270,1
3978271,1
3978272,1
3978273,1
3978274,1
3978275,1
3978276,1
3978277,1
3978315,1
3978316,1
3978317,1
3978318,1
3978319,1
3978524,1
3978526,1
3978527,1
3978528,1
3978530,1
3978531,1
3978538,1
3978540,1
3978748,1
3978996,1
3978997,1
3979058,1
3979072,1
3979073,1
3979074,1
3979075,1
3979076,1
3979078,1
3979088,1
3979089,1
3979093,1
3979094,1
3981694,1
3981695,1
3981696,1
3981697,1
3981698,1
3981699,1
3981700,1
3981701,1
3981702,1
3981703,1
3981704,1
3981705,1
3981706,1
3981707,1
3981708,1
3981709,1
3981710,1
3981711,1
3981712,1
3981713,1
3981714,1
3981715,1
3981716,1
3981717,1
3981718,1
3981719,1
3981720,1
3981721,1
3981722,1
3981723,1
3981724,1
3981725,1
3981726,1
3981846,1
3981849,1
3981850,1
3981851,1
3981852,1
3981853,1
3981854,1
3981855,1
3981856,1
3981857,1
3981858,1
3981859,1
3981860,1
3981861,1
3981862,1
3981863,1
3981864,1
3981865,1
3981866,1
3981867,1
3981868,1
3981869,1
3981870,1
3981871,1
3981872,1
3981873,1
3981874,1
3981875,1
3981876,1
3981877,1
3981878,1
3981879,1
3981880,1
3981881,1
3981882,1
3981883,1
3981884,1
3981885,1
3981886,1
3981887,1
3981888,1
3981889,1
3981890,1
3981891,1
3981892,1
3981893,1
3981933,1
3981934,1
3981935,1
3981936,1
3981973,1
3981974,1
3982142,1
3982143,1
3982144,1
3982145,1
3982147,1
3982154,1
3982156,1
3982426,1
3982427,1
3982613,1
3982614,1
3982615,1
3982675,1
3982676,1
3982690,1
3982691,1
3982692,1
3982693,1
3982695,1
3982696,1
3982697,1
3982698,1
3982699,1
3982705,1
3982706,1
3982707,1
3982710,1
3982711,1
3985311,1
3985312,1
3985313,1
3985314,1
3985315,1
3985316,1
3985317,1
3985318,1
3985319,1
3985320,1
3985321,1
3985322,1
3985323,1
3985324,1
3985325,1
3985326,1
3985327,1
3985328,1
3985329,1
3985330,1
3985331,1
3985332,1
3985333,1
3985334,1
3985335,1
3985336,1
3985337,1
3985338,1
3985339,1
3985340,1
3985341,1
3985342,1
3985343,1
3985346,1
3985464,1
3985465,1
3985466,1
3985467,1
3985468,1
3985469,1
3985470,1
3985471,1
3985472,1
3985473,1
3985474,1
3985475,1
3985476,1
3985477,1
3985478,1
3985479,1
3985480,1
3985481,1
3985482,1
3985483,1
3985484,1
3985485,1
3985486,1
3985487,1
3985488,1
3985489,1
3985490,1
3985491,1
3985492,1
3985493,1
3985494,1
3985495,1
3985496,1
3985497,1
3985498,1
3985499,1
3985500,1
3985501,1
3985502,1
3985503,1
3985504,1
3985505,1
3985506,1
3985507,1
3985508,1
3985509,1
3985510,1
3985549,1
3985550,1
3985551,1
3985552,1
3985590,1
3985591,1
3985592,1
3985762,1
3985763,1
3985764,1
3985771,1
3985773,1
3985774,1
3986043,1
3986044,1
3986231,1
3986292,1
3986293,1
3986307,1
3986308,1
3986309,1
3986310,1
3986312,1
3986313,1
3986314,1
3986315,1
3986316,1
3986322,1
3986323,1
3986324,1
3986351,1
3988927,1
3988928,1
3988929,1
3988930,1
3988931,1
3988932,1
3988933,1
3988934,1
3988935,1
3988936,1
3988937,1
3988938,1
3988939,1
3988940,1
3988941,1
3988942,1
3988943,1
3988944,1
3988945,1
3988946,1
3988947,1
3988948,1
3988949,1
3988950,1
3988951,1
3988952,1
3988953,1
3988954,1
3988955,1
3988956,1
3988957,1
3988958,1
3988959,1
3988960,1
3988961,1
3988962,1
3989081,1
3989082,1
3989084,1
3989085,1
3989086,1
3989087,1
3989088,1
3989089,1
3989090,1
3989091,1
3989092,1
3989093,1
3989094,1
3989095,1
3989096,1
3989097,1
3989098,1
3989099,1
3989100,1
3989101,1
3989102,1
3989103,1
3989104,1
3989105,1
3989106,1
3989107,1
3989108,1
3989109,1
3989110,1
3989111,1
3989112,1
3989113,1
3989114,1
3989115,1
3989116,1
3989117,1
3989118,1
3989119,1
3989120,1
3989121,1
3989122,1
3989123,1
3989124,1
3989125,1
3989126,1
3989166,1
3989167,1
3989168,1
3989169,1
3989206,1
3989207,1
3989208,1
3989378,1
3989379,1
3989380,1
3989381,1
3989388,1
3989390,1
3989605,1
3989606,1
3989660,1
3989661,1
3989930,1
3989931,1
3989932,1
3989933,1
3989935,1
3989936,1
3989939,1
3989940,1
3989941,1
3989966,1
3989967,1
3989968,1
3992544,1
3992545,1
3992546,1
3992547,1
3992548,1
3992549,1
3992550,1
3992551,1
3992552,1
3992553,1
3992554,1
3992555,1
3992556,1
3992557,1
3992558,1
3992559,1
3992560,1
3992561,1
3992562,1
3992563,1
3992564,1
3992565,1
3992566,1
3992567,1
3992568,1
3992569,1
3992570,1
3992571,1
3992572,1
3992573,1
3992574,1
3992575,1
3992576,1
3992577,1
3992579,1
3992702,1
3992703,1
3992704,1
3992705,1
3992706,1
3992707,1
3992708,1
3992709,1
3992710,1
3992711,1
3992712,1
3992713,1
3992714,1
3992715,1
3992716,1
3992717,1
3992718,1
3992719,1
3992720,1
3992721,1
3992722,1
3992723,1
3992724,1
3992725,1
3992726,1
3992727,1
3992728,1
3992729,1
3992730,1
3992731,1
3992732,1
3992733,1
3992734,1
3992735,1
3992736,1
3992737,1
3992738,1
3992739,1
3992740,1
3992741,1
3992742,1
3992743,1
3992783,1
3992784,1
3992785,1
3992786,1
3992787,1
3992823,1
3992824,1
3992825,1
3992994,1
3992995,1
3992998,1
3993005,1
3993006,1
3993007,1
3993217,1
3993218,1
3993220,1
3993221,1
3993223,1
3993224,1
3993225,1
3993277,1
3993278,1
3993545,1
3993546,1
3993547,1
3993550,1
3993552,1
3993553,1
3993554,1
3993560,1
3993561,1
3993583,1
3993584,1
3993585,1
3996161,1
3996162,1
3996163,1
3996164,1
3996165,1
3996166,1
3996167,1
3996168,1
3996169,1
3996170,1
3996171,1
3996172,1
3996173,1
3996174,1
3996175,1
3996176,1
3996177,1
3996178,1
3996179,1
3996180,1
3996181,1
3996182,1
3996183,1
3996184,1
3996185,1
3996186,1
3996187,1
3996188,1
3996189,1
3996190,1
3996191,1
3996192,1
3996193,1
3996194,1
3996195,1
3996320,1
3996321,1
3996322,1
3996323,1
3996324,1
3996325,1
3996326,1
3996327,1
3996328,1
3996329,1
3996330,1
3996331,1
3996332,1
3996333,1
3996334,1
3996335,1
3996336,1
3996337,1
3996338,1
3996339,1
3996340,1
3996341,1
3996342,1
3996343,1
3996344,1
3996345,1
3996346,1
3996347,1
3996348,1
3996349,1
3996350,1
3996351,1
3996352,1
3996353,1
3996354,1
3996355,1
3996356,1
3996357,1
3996358,1
3996359,1
3996360,1
3996400,1
3996401,1
3996402,1
3996403,1
3996440,1
3996443,1
3996444,1
3996611,1
3996615,1
3996621,1
3996622,1
3996623,1
3996835,1
3996837,1
3996838,1
3996839,1
3996841,1
3996842,1
3996843,1
3997162,1
3997164,1
3997168,1
3997169,1
3997170,1
3997171,1
3997172,1
3997177,1
3997178,1
3997179,1
3997200,1
3997201,1
3997202,1
3999777,1
3999778,1
3999779,1
3999780,1
3999781,1
3999782,1
3999783,1
3999784,1
3999785,1
3999786,1
3999787,1
3999788,1
3999789,1
3999790,1
3999791,1
3999792,1
3999793,1
3999794,1
3999795,1
3999796,1
3999797,1
3999798,1
3999799,1
3999800,1
3999801,1
3999802,1
3999803,1
3999806,1
3999807,1
3999808,1
3999809,1
3999810,1
3999938,1
3999939,1
3999940,1
3999941,1
3999942,1
3999943,1
3999944,1
3999945,1
3999946,1
3999947,1
3999948,1
3999949,1
3999950,1
3999951,1
3999952,1
3999953,1
3999954,1
3999955,1
3999956,1
3999957,1
3999958,1
3999959,1
3999960,1
3999961,1
3999962,1
3999963,1
3999964,1
3999965,1
3999966,1
3999967,1
3999968,1
3999969,1
3999970,1
3999971,1
3999972,1
3999973,1
3999974,1
3999975,1
3999976,1
4000017,1
4000018,1
4000019,1
4000020,1
4000056,1
4000057,1
4000058,1
4000060,1
4000061,1
4000228,1
4000230,1
4000232,1
4000235,1
4000236,1
4000237,1
4000239,1
4000345,1
4000346,1
4000348,1
4000349,1
4000350,1
4000351,1
4000352,1
4000353,1
4000452,1
4000457,1
4000458,1
4000459,1
4000727,1
4000728,1
4000780,1
4000781,1
4000786,1
4000787,1
4000788,1
4000789,1
4000790,1
4000794,1
4000795,1
4000796,1
4000818,1
4000819,1
4003394,1
4003395,1
4003396,1
4003397,1
4003398,1
4003399,1
4003400,1
4003401,1
4003402,1
4003403,1
4003404,1
4003405,1
4003406,1
4003407,1
4003408,1
4003409,1
4003410,1
4003411,1
4003412,1
4003413,1
4003414,1
4003415,1
4003416,1
4003417,1
4003418,1
4003419,1
4003422,1
4003423,1
4003424,1
4003425,1
4003426,1
4003556,1
4003557,1
4003558,1
4003559,1
4003560,1
4003561,1
4003562,1
4003563,1
4003564,1
4003565,1
4003566,1
4003567,1
4003568,1
4003569,1
4003570,1
4003571,1
4003572,1
4003573,1
4003574,1
4003575,1
4003576,1
4003577,1
4003578,1
4003579,1
4003580,1
4003581,1
4003582,1
4003583,1
4003584,1
4003585,1
4003586,1
4003587,1
4003588,1
4003589,1
4003590,1
4003591,1
4003592,1
4003633,1
4003634,1
4003635,1
4003636,1
4003637,1
4003638,1
4003673,1
4003674,1
4003675,1
4003676,1
4003677,1
4003678,1
4003845,1
4003846,1
4003847,1
4003849,1
4003850,1
4003851,1
4003852,1
4003856,1
4003857,1
4003955,1
4003956,1
4003957,1
4003958,1
4003959,1
4003960,1
4003961,1
4003962,1
4003963,1
4003964,1
4003965,1
4003966,1
4003967,1
4003968,1
4003969,1
4003970,1
4004071,1
4004074,1
4004075,1
4004076,1
4004344,1
4004404,1
4004405,1
4004406,1
4004407,1
4004416,1
4004417,1
4004418,1
4004428,1
4004429,1
4004430,1
4007010,1
4007011,1
4007012,1
4007013,1
4007014,1
4007015,1
4007016,1
4007017,1
4007018,1
4007019,1
4007020,1
4007021,1
4007022,1
4007023,1
4007024,1
4007025,1
4007026,1
4007027,1
4007028,1
4007029,1
4007030,1
4007031,1
4007032,1
4007033,1
4007034,1
4007035,1
4007038,1
4007039,1
4007042,1
4007043,1
4007175,1
4007176,1
4007177,1
4007178,1
4007179,1
4007180,1
4007181,1
4007182,1
4007183,1
4007184,1
4007185,1
4007186,1
4007187,1
4007188,1
4007189,1
4007190,1
4007191,1
4007192,1
4007193,1
4007194,1
4007195,1
4007196,1
4007197,1
4007198,1
4007199,1
4007200,1
4007201,1
4007202,1
4007203,1
4007204,1
4007205,1
4007206,1
4007207,1
4007208,1
4007209,1
4007250,1
4007251,1
4007252,1
4007253,1
4007254,1
4007289,1
4007290,1
4007291,1
4007292,1
4007293,1
4007463,1
4007467,1
4007468,1
4007469,1
4007473,1
4007474,1
4007569,1
4007570,1
4007571,1
4007572,1
4007573,1
4007574,1
4007575,1
4007576,1
4007577,1
4007578,1
4007579,1
4007580,1
4007581,1
4007586,1
4007687,1
4007688,1
4007691,1
4007692,1
4007693,1
4007694,1
4007958,1
4007959,1
4007962,1
4008021,1
4008022,1
4008023,1
4008024,1
4008033,1
4008034,1
4008035,1
4008036,1
4008037,1
4008039,1
4008040,1
4008046,1
4008047,1
4008048,1
4010627,1
4010628,1
4010629,1
4010630,1
4010631,1
4010632,1
4010633,1
4010634,1
4010635,1
4010636,1
4010637,1
4010638,1
4010639,1
4010640,1
4010641,1
4010642,1
4010643,1
4010644,1
4010645,1
4010646,1
4010647,1
4010648,1
4010649,1
4010650,1
4010651,1
4010652,1
4010655,1
4010656,1
4010659,1
4010660,1
4010661,1
4010662,1
4010663,1
4010792,1
4010793,1
4010794,1
4010795,1
4010796,1
4010797,1
4010798,1
4010799,1
4010800,1
4010801,1
4010802,1
4010803,1
4010804,1
4010805,1
4010806,1
4010807,1
4010808,1
4010809,1
4010810,1
4010811,1
4010812,1
4010813,1
4010814,1
4010815,1
4010816,1
4010817,1
4010818,1
4010819,1
4010820,1
4010821,1
4010822,1
4010823,1
4010824,1
4010825,1
4010866,1
4010867,1
4010868,1
4010869,1
4010870,1
4010871,1
4010906,1
4010907,1
4010908,1
4010909,1
4010910,1
4011080,1
4011085,1
4011086,1
4011087,1
4011088,1
4011089,1
4011090,1
4011185,1
4011186,1
4011187,1
4011188,1
4011189,1
4011190,1
4011191,1
4011192,1
4011193,1
4011194,1
4011195,1
4011196,1
4011197,1
4011202,1
4011203,1
4011306,1
4011307,1
4011308,1
4011309,1
4011552,1
4011574,1
4011575,1
4011576,1
4011579,1
4011580,1
4011581,1
4011640,1
4011641,1
4011642,1
4011651,1
4011652,1
4011653,1
4011654,1
4011656,1
4011658,1
4011664,1
4014243,1
4014244,1
4014245,1
4014246,1
4014247,1
4014248,1
4014249,1
4014250,1
4014251,1
4014252,1
4014253,1
4014254,1
4014255,1
4014256,1
4014257,1
4014258,1
4014259,1
4014260,1
4014261,1
4014262,1
4014264,1
4014265,1
4014266,1
4014267,1
4014268,1
4014269,1
4014409,1
4014410,1
4014411,1
4014412,1
4014413,1
4014414,1
4014415,1
4014416,1
4014417,1
4014418,1
4014419,1
4014420,1
4014421,1
4014422,1
4014423,1
4014427,1
4014428,1
4014429,1
4014430,1
4014431,1
4014432,1
4014433,1
4014434,1
4014435,1
4014436,1
4014437,1
4014438,1
4014439,1
4014440,1
4014441,1
4014442,1
4014483,1
4014484,1
4014485,1
4014486,1
4014487,1
4014488,1
4014525,1
4014526,1
4014696,1
4014697,1
4014702,1
4014704,1
4014705,1
4014706,1
4014707,1
4014800,1
4014801,1
4014802,1
4014803,1
4014804,1
4014805,1
4014806,1
4014807,1
4014808,1
4014809,1
4014810,1
4014818,1
4014819,1
4014820,1
4014922,1
4014923,1
4014924,1
4014925,1
4014926,1
4014927,1
4014928,1
4015169,1
4015196,1
4015197,1
4015198,1
4015199,1
4015200,1
4015201,1
4015258,1
4015270,1
4015271,1
4015274,1
4015275,1
4015276,1
4015277,1
4015278,1
4015279,1
4017860,1
4017861,1
4017862,1
4017863,1
4017864,1
4017865,1
4017866,1
4017867,1
4017868,1
4017869,1
4017870,1
4017871,1
4017872,1
4017873,1
4017874,1
4017875,1
4017876,1
4017877,1
4017878,1
4017880,1
4017881,1
4017882,1
4017883,1
4017884,1
4018027,1
4018028,1
4018029,1
4018030,1
4018031,1
4018032,1
4018033,1
4018034,1
4018035,1
4018036,1
4018037,1
4018038,1
4018042,1
4018043,1
4018044,1
4018045,1
4018046,1
4018047,1
4018048,1
4018049,1
4018050,1
4018051,1
4018052,1
4018053,1
4018054,1
4018055,1
4018056,1
4018057,1
4018058,1
4018100,1
4018101,1
4018102,1
4018103,1
4018104,1
4018105,1
4018106,1
4018141,1
4018313,1
4018316,1
4018318,1
4018320,1
4018321,1
4018322,1
4018323,1
4018324,1
4018416,1
4018417,1
4018418,1
4018419,1
4018420,1
4018421,1
4018422,1
4018423,1
4018424,1
4018425,1
4018433,1
4018434,1
4018436,1
4018540,1
4018541,1
4018542,1
4018544,1
4018816,1
4018818,1
4018822,1
4018823,1
4018877,1
4018878,1
4018888,1
4018889,1
4018890,1
4018893,1
4018894,1
4018895,1
4018896,1
4018897,1
4018902,1
4021477,1
4021478,1
4021479,1
4021480,1
4021481,1
4021482,1
4021483,1
4021484,1
4021485,1
4021486,1
4021487,1
4021488,1
4021489,1
4021490,1
4021491,1
4021492,1
4021493,1
4021494,1
4021498,1
4021499,1
4021500,1
4021501,1
4021502,1
4021645,1
4021646,1
4021647,1
4021648,1
4021649,1
4021650,1
4021651,1
4021652,1
4021653,1
4021654,1
4021658,1
4021659,1
4021660,1
4021661,1
4021662,1
4021663,1
4021664,1
4021665,1
4021666,1
4021667,1
4021668,1
4021669,1
4021670,1
4021671,1
4021672,1
4021673,1
4021674,1
4021717,1
4021718,1
4021719,1
4021720,1
4021721,1
4021722,1
4021723,1
4021724,1
4021931,1
4021932,1
4021933,1
4021934,1
4021936,1
4021937,1
4021939,1
4022027,1
4022028,1
4022029,1
4022030,1
4022031,1
4022032,1
4022033,1
4022034,1
4022035,1
4022036,1
4022037,1
4022038,1
4022039,1
4022040,1
4022049,1
4022050,1
4022052,1
4022053,1
4022157,1
4022158,1
4022159,1
4022160,1
4022161,1
4022162,1
4022166,1
4022411,1
4022412,1
4022434,1
4022435,1
4022436,1
4022439,1
4022440,1
4022495,1
4022496,1
4022497,1
4022499,1
4022500,1
4022505,1
4022506,1
4022507,1
4022508,1
4022511,1
4022512,1
4022513,1
4022514,1
4022519,1
4022520,1
4025094,1
4025095,1
4025096,1
4025097,1
4025098,1
4025099,1
4025100,1
4025101,1
4025102,1
4025103,1
4025104,1
4025105,1
4025106,1
4025107,1
4025108,1
4025109,1
4025110,1
4025115,1
4025116,1
4025117,1
4025118,1
4025119,1
4025263,1
4025264,1
4025265,1
4025266,1
4025267,1
4025268,1
4025269,1
4025270,1
4025273,1
4025274,1
4025275,1
4025276,1
4025277,1
4025278,1
4025279,1
4025280,1
4025281,1
4025282,1
4025283,1
4025284,1
4025285,1
4025286,1
4025287,1
4025288,1
4025289,1
4025290,1
4025335,1
4025336,1
4025337,1
4025338,1
4025339,1
4025340,1
4025341,1
4025377,1
4025380,1
4025553,1
4025556,1
4025557,1
4025642,1
4025643,1
4025644,1
4025645,1
4025646,1
4025647,1
4025648,1
4025649,1
4025650,1
4025651,1
4025652,1
4025653,1
4025654,1
4025655,1
4025662,1
4025665,1
4025666,1
4025669,1
4025776,1
4025777,1
4026028,1
4026029,1
4026051,1
4026052,1
4026053,1
4026054,1
4026056,1
4026058,1
4026116,1
4026117,1
4026118,1
4026119,1
4026120,1
4026123,1
4026124,1
4026125,1
4028710,1
4028711,1
4028712,1
4028713,1
4028714,1
4028715,1
4028716,1
4028717,1
4028718,1
4028719,1
4028720,1
4028721,1
4028722,1
4028723,1
4028724,1
4028725,1
4028732,1
4028733,1
4028734,1
4028735,1
4028736,1
4028737,1
4028883,1
4028884,1
4028885,1
4028886,1
4028887,1
4028888,1
4028889,1
4028890,1
4028891,1
4028892,1
4028893,1
4028894,1
4028895,1
4028896,1
4028897,1
4028898,1
4028899,1
4028900,1
4028901,1
4028902,1
4028903,1
4028904,1
4028905,1
4028906,1
4028952,1
4028953,1
4028954,1
4028955,1
4028956,1
4028957,1
4028958,1
4028994,1
4028996,1
4028997,1
4029170,1
4029174,1
4029175,1
4029257,1
4029258,1
4029259,1
4029260,1
4029261,1
4029263,1
4029269,1
4029270,1
4029271,1
4029278,1
4029279,1
4029283,1
4029284,1
4029285,1
4029286,1
4029393,1
4029394,1
4029395,1
4029645,1
4029646,1
4029669,1
4029671,1
4029673,1
4029674,1
4029675,1
4029733,1
4029734,1
4029735,1
4029736,1
4029737,1
4029740,1
4032327,1
4032328,1
4032329,1
4032330,1
4032331,1
4032332,1
4032333,1
4032334,1
4032335,1
4032336,1
4032337,1
4032338,1
4032339,1
4032340,1
4032341,1
4032342,1
4032349,1
4032350,1
4032351,1
4032352,1
4032353,1
4032354,1
4032502,1
4032503,1
4032504,1
4032505,1
4032506,1
4032507,1
4032508,1
4032509,1
4032510,1
4032511,1
4032512,1
4032513,1
4032514,1
4032515,1
4032516,1
4032517,1
4032518,1
4032519,1
4032520,1
4032521,1
4032522,1
4032569,1
4032570,1
4032571,1
4032572,1
4032573,1
4032574,1
4032609,1
4032610,1
4032611,1
4032612,1
4032613,1
4032787,1
4032788,1
4032789,1
4032790,1
4032791,1
4032792,1
4032874,1
4032875,1
4032876,1
4032877,1
4032878,1
4032879,1
4032886,1
4032887,1
4032888,1
4032889,1
4032892,1
4032894,1
4032895,1
4032896,1
4032897,1
4032898,1
4032899,1
4032901,1
4032902,1
4033010,1
4033016,1
4033286,1
4033287,1
4033288,1
4033305,1
4033306,1
4033352,1
4033353,1
4033354,1
4033355,1
4033366,1
4033367,1
4033368,1
4033369,1
4033370,1
4035943,1
4035944,1
4035945,1
4035946,1
4035947,1
4035948,1
4035949,1
4035950,1
4035951,1
4035952,1
4035953,1
4035954,1
4035955,1
4035956,1
4035957,1
4035958,1
4035959,1
4035966,1
4035967,1
4035968,1
4035969,1
4035970,1
4035971,1
4036121,1
4036122,1
4036123,1
4036124,1
4036125,1
4036126,1
4036127,1
4036128,1
4036129,1
4036130,1
4036131,1
4036132,1
4036133,1
4036134,1
4036135,1
4036136,1
4036137,1
4036138,1
4036187,1
4036188,1
4036189,1
4036190,1
4036191,1
4036192,1
4036217,1
4036218,1
4036219,1
4036225,1
4036226,1
4036227,1
4036228,1
4036229,1
4036230,1
4036407,1
4036408,1
4036409,1
4036490,1
4036491,1
4036492,1
4036493,1
4036494,1
4036495,1
4036503,1
4036504,1
4036505,1
4036506,1
4036508,1
4036509,1
4036510,1
4036511,1
4036518,1
4036627,1
4036634,1
4036636,1
4036637,1
4036922,1
4036923,1
4036974,1
4036985,1
4036986,1
4036987,1
4039560,1
4039561,1
4039562,1
4039563,1
4039564,1
4039565,1
4039566,1
4039567,1
4039568,1
4039569,1
4039570,1
4039571,1
4039572,1
4039573,1
4039583,1
4039584,1
4039585,1
4039587,1
4039589,1
4039738,1
4039739,1
4039740,1
4039742,1
4039743,1
4039744,1
4039745,1
4039746,1
4039747,1
4039748,1
4039749,1
4039750,1
4039751,1
4039752,1
4039753,1
4039754,1
4039755,1
4039804,1
4039805,1
4039806,1
4039807,1
4039808,1
4039809,1
4039810,1
4039834,1
4039835,1
4039839,1
4039840,1
4039841,1
4039842,1
4039843,1
4039844,1
4039845,1
4039846,1
4039863,1
4040021,1
4040022,1
4040023,1
4040024,1
4040025,1
4040106,1
4040107,1
4040108,1
4040109,1
4040110,1
4040111,1
4040112,1
4040122,1
4040123,1
4040124,1
4040125,1
4040126,1
4040127,1
4040134,1
4040135,1
4040251,1
4040252,1
4040253,1
4040254,1
4040255,1
4040256,1
4040604,1
4043176,1
4043177,1
4043178,1
4043179,1
4043180,1
4043181,1
4043182,1
4043183,1
4043184,1
4043185,1
4043186,1
4043187,1
4043188,1
4043189,1
4043200,1
4043201,1
4043202,1
4043355,1
4043356,1
4043357,1
4043358,1
4043359,1
4043360,1
4043361,1
4043362,1
4043363,1
4043364,1
4043365,1
4043366,1
4043367,1
4043368,1
4043369,1
4043370,1
4043371,1
4043421,1
4043422,1
4043423,1
4043424,1
4043425,1
4043426,1
4043456,1
4043457,1
4043458,1
4043459,1
4043460,1
4043461,1
4043477,1
4043478,1
4043479,1
4043480,1
4043481,1
4043638,1
4043639,1
4043640,1
4043722,1
4043723,1
4043724,1
4043725,1
4043726,1
4043727,1
4043728,1
4043729,1
4043730,1
4043731,1
4043732,1
4043733,1
4043738,1
4043739,1
4043740,1
4043743,1
4043744,1
4043865,1
4043866,1
4043867,1
4043869,1
4043870,1
4043871,1
4043872,1
4043873,1
4046793,1
4046794,1
4046795,1
4046796,1
4046797,1
4046798,1
4046799,1
4046800,1
4046801,1
4046802,1
4046803,1
4046804,1
4046805,1
4046817,1
4046818,1
4046819,1
4046822,1
4046972,1
4046973,1
4046974,1
4046975,1
4046976,1
4046977,1
4046978,1
4046979,1
4046980,1
4046981,1
4046982,1
4046983,1
4046984,1
4046985,1
4046986,1
4046987,1
4046988,1
4047038,1
4047039,1
4047040,1
4047041,1
4047042,1
4047043,1
4047044,1
4047074,1
4047075,1
4047076,1
4047077,1
4047093,1
4047094,1
4047095,1
4047096,1
4047097,1
4047256,1
4047339,1
4047340,1
4047341,1
4047342,1
4047343,1
4047344,1
4047345,1
4047346,1
4047347,1
4047348,1
4047349,1
4047350,1
4047351,1
4047352,1
4047353,1
4047355,1
4047356,1
4047357,1
4047362,1
4047363,1
4047364,1
4047482,1
4047483,1
4047484,1
4047486,1
4047487,1
4047488,1
4047489,1
4047490,1
4047491,1
4047814,1
4047815,1
4047854,1
4050408,1
4050409,1
4050410,1
4050411,1
4050412,1
4050413,1
4050414,1
4050415,1
4050416,1
4050417,1
4050418,1
4050419,1
4050420,1
4050421,1
4050422,1
4050434,1
4050435,1
4050436,1
4050589,1
4050590,1
4050591,1
4050592,1
4050593,1
4050594,1
4050595,1
4050596,1
4050597,1
4050598,1
4050599,1
4050600,1
4050601,1
4050602,1
4050603,1
4050604,1
4050655,1
4050656,1
4050657,1
4050658,1
4050659,1
4050660,1
4050691,1
4050692,1
4050693,1
4050694,1
4050709,1
4050710,1
4050711,1
4050712,1
4050713,1
4050714,1
4050873,1
4050956,1
4050957,1
4050958,1
4050959,1
4050960,1
4050961,1
4050962,1
4050963,1
4050964,1
4050965,1
4050966,1
4050967,1
4050969,1
4050971,1
4050972,1
4050973,1
4050979,1
4050980,1
4050981,1
4051100,1
4051104,1
4051105,1
4051106,1
4051107,1
4051108,1
4051431,1
4051432,1
4051433,1
4051434,1
4051452,1
4051453,1
4051471,1
4051472,1
4054025,1
4054026,1
4054027,1
4054028,1
4054029,1
4054030,1
4054031,1
4054032,1
4054033,1
4054034,1
4054035,1
4054036,1
4054037,1
4054038,1
4054052,1
4054206,1
4054207,1
4054208,1
4054209,1
4054210,1
4054211,1
4054212,1
4054213,1
4054214,1
4054215,1
4054216,1
4054217,1
4054218,1
4054219,1
4054220,1
4054272,1
4054273,1
4054274,1
4054275,1
4054276,1
4054277,1
4054309,1
4054310,1
4054313,1
4054314,1
4054315,1
4054318,1
4054319,1
4054320,1
4054321,1
4054324,1
4054325,1
4054326,1
4054327,1
4054328,1
4054329,1
4054330,1
4054367,1
4054487,1
4054488,1
4054489,1
4054572,1
4054573,1
4054574,1
4054575,1
4054576,1
4054577,1
4054578,1
4054579,1
4054580,1
4054581,1
4054582,1
4054585,1
4054586,1
4054587,1
4054589,1
4054590,1
4054591,1
4054595,1
4054597,1
4054718,1
4054719,1
4054721,1
4054723,1
4054725,1
4055006,1
4055007,1
4055008,1
4055009,1
4055010,1
4055011,1
4055012,1
4055013,1
4055048,1
4055049,1
4055050,1
4055051,1
4055052,1
4055069,1
4055070,1
4055071,1
4055078,1
4055089,1
4057642,1
4057643,1
4057644,1
4057645,1
4057646,1
4057647,1
4057648,1
4057649,1
4057650,1
4057651,1
4057652,1
4057653,1
4057654,1
4057655,1
4057669,1
4057825,1
4057826,1
4057827,1
4057828,1
4057829,1
4057830,1
4057831,1
4057832,1
4057833,1
4057834,1
4057835,1
4057836,1
4057837,1
4057889,1
4057890,1
4057891,1
4057892,1
4057893,1
4057894,1
4057926,1
4057927,1
4057928,1
4057929,1
4057930,1
4057931,1
4057932,1
4057933,1
4057934,1
4057935,1
4057936,1
4057937,1
4057938,1
4057939,1
4057940,1
4057941,1
4057942,1
4057943,1
4057944,1
4057945,1
4057983,1
4058103,1
4058104,1
4058106,1
4058107,1
4058189,1
4058190,1
4058191,1
4058192,1
4058193,1
4058194,1
4058195,1
4058203,1
4058207,1
4058208,1
4058209,1
4058212,1
4058213,1
4058339,1
4058340,1
4058342,1
4058343,1
4058344,1
4058623,1
4058624,1
4058626,1
4058627,1
4058630,1
4058631,1
4058667,1
4058668,1
4058669,1
4058687,1
4058694,1
4058695,1
4058696,1
4061259,1
4061260,1
4061261,1
4061262,1
4061263,1
4061264,1
4061265,1
4061266,1
4061267,1
4061268,1
4061269,1
4061270,1
4061271,1
4061443,1
4061444,1
4061445,1
4061446,1
4061447,1
4061448,1
4061449,1
4061450,1
4061451,1
4061452,1
4061505,1
4061506,1
4061507,1
4061508,1
4061509,1
4061510,1
4061511,1
4061541,1
4061542,1
4061543,1
4061544,1
4061545,1
4061546,1
4061547,1
4061548,1
4061549,1
4061550,1
4061551,1
4061552,1
4061553,1
4061555,1
4061556,1
4061557,1
4061558,1
4061559,1
4061560,1
4061600,1
4061719,1
4061720,1
4061721,1
4061723,1
4061805,1
4061806,1
4061807,1
4061808,1
4061809,1
4061810,1
4061820,1
4061821,1
4061822,1
4061823,1
4061824,1
4061825,1
4061826,1
4061960,1
4061961,1
4061962,1
4062234,1
4062235,1
4062241,1
4062242,1
4062243,1
4062244,1
4062248,1
4062312,1
4062313,1
4062314,1
4064876,1
4064877,1
4064878,1
4064879,1
4064880,1
4064881,1
4064882,1
4064883,1
4064884,1
4064885,1
4064886,1
4064887,1
4064888,1
4065062,1
4065063,1
4065064,1
4065065,1
4065066,1
4065067,1
4065122,1
4065123,1
4065124,1
4065125,1
4065126,1
4065127,1
4065128,1
4065144,1
4065145,1
4065161,1
4065162,1
4065163,1
4065164,1
4065165,1
4065166,1
4065167,1
4065168,1
4065169,1
4065173,1
4065174,1
4065336,1
4065340,1
4065341,1
4065422,1
4065423,1
4065424,1
4065425,1
4065426,1
4065437,1
4065438,1
4065439,1
4065440,1
4065441,1
4065442,1
4065573,1
4065574,1
4065577,1
4065578,1
4065579,1
4065851,1
4065852,1
4065861,1
4065862,1
4065865,1
4065866,1
4065867,1
4065930,1
4068492,1
4068493,1
4068494,1
4068495,1
4068496,1
4068497,1
4068498,1
4068499,1
4068500,1
4068501,1
4068502,1
4068503,1
4068504,1
4068505,1
4068679,1
4068680,1
4068681,1
4068739,1
4068740,1
4068741,1
4068742,1
4068743,1
4068744,1
4068745,1
4068778,1
4068779,1
4068780,1
4068781,1
4068782,1
4068783,1
4068784,1
4068952,1
4068957,1
4069039,1
4069040,1
4069041,1
4069042,1
4069055,1
4069057,1
4069058,1
4069059,1
4069060,1
4069061,1
4069062,1
4069190,1
4069191,1
4069195,1
4069196,1
4069197,1
4069479,1
4069480,1
4069481,1
4069482,1
4069484,1
4069485,1
4069543,1
4069544,1
4072100,1
4072101,1
4072108,1
4072109,1
4072110,1
4072111,1
4072112,1
4072113,1
4072114,1
4072115,1
4072116,1
4072117,1
4072118,1
4072119,1
4072120,1
4072121,1
4072122,1
4072355,1
4072356,1
4072357,1
4072358,1
4072359,1
4072360,1
4072361,1
4072362,1
4072394,1
4072395,1
4072396,1
4072397,1
4072398,1
4072399,1
4072400,1
4072401,1
4072569,1
4072570,1
4072574,1
4072656,1
4072657,1
4072658,1
4072671,1
4072672,1
4072673,1
4072674,1
4072676,1
4072678,1
4072679,1
4072817,1
4072818,1
4072819,1
4073099,1
4073100,1
4073102,1
4073112,1
4073160,1
4073161,1
4075716,1
4075717,1
4075718,1
4075724,1
4075725,1
4075726,1
4075727,1
4075728,1
4075729,1
4075730,1
4075731,1
4075732,1
4075733,1
4075734,1
4075735,1
4075736,1
4075737,1
4075738,1
4075739,1
4075972,1
4075973,1
4075974,1
4075975,1
4075976,1
4075977,1
4075978,1
4075979,1
4076011,1
4076012,1
4076013,1
4076014,1
4076015,1
4076016,1
4076187,1
4076188,1
4076189,1
4076190,1
4076273,1
4076274,1
4076275,1
4076288,1
4076289,1
4076290,1
4076293,1
4076294,1
4076295,1
4076296,1
4076427,1
4076428,1
4076429,1
4076434,1
4076435,1
4076436,1
4076718,1
4076777,1
4076778,1
4076786,1
4076787,1
4079330,1
4079331,1
4079332,1
4079333,1
4079334,1
4079335,1
4079340,1
4079341,1
4079342,1
4079343,1
4079344,1
4079345,1
4079346,1
4079347,1
4079348,1
4079349,1
4079350,1
4079351,1
4079352,1
4079353,1
4079354,1
4079355,1
4079588,1
4079589,1
4079590,1
4079591,1
4079592,1
4079593,1
4079594,1
4079595,1
4079596,1
4079628,1
4079629,1
4079890,1
4079904,1
4079905,1
4079909,1
4079910,1
4079911,1
4080045,1
4080046,1
4080051,1
4080052,1
4080053,1
4080091,1
4080092,1
4080402,1
4080403,1
4080404,1
4082946,1
4082947,1
4082948,1
4082949,1
4082950,1
4082951,1
4082952,1
4082953,1
4082956,1
4082957,1
4082958,1
4082959,1
4082960,1
4082961,1
4082962,1
4082963,1
4082964,1
4082965,1
4082966,1
4082967,1
4082968,1
4082969,1
4082970,1
4082971,1
4082972,1
4082973,1
4082974,1
4083205,1
4083206,1
4083207,1
4083208,1
4083209,1
4083210,1
4083211,1
4083212,1
4083213,1
4083214,1
4083507,1
4083522,1
4083526,1
4083528,1
4083665,1
4083666,1
4083711,1
4084020,1
4084021,1
4084032,1
4086556,1
4086557,1
4086562,1
4086563,1
4086564,1
4086565,1
4086566,1
4086567,1
4086568,1
4086569,1
4086570,1
4086571,1
4086572,1
4086573,1
4086574,1
4086575,1
4086576,1
4086577,1
4086578,1
4086579,1
4086580,1
4086581,1
4086582,1
4086583,1
4086584,1
4086585,1
4086586,1
4086587,1
4086588,1
4086589,1
4086590,1
4086821,1
4086822,1
4086823,1
4086824,1
4086825,1
4086826,1
4086827,1
4086828,1
4086829,1
4086830,1
4086831,1
4086832,1
4087124,1
4087136,1
4087137,1
4087138,1
4087139,1
4087143,1
4087145,1
4087282,1
4087284,1
4087639,1
4087650,1
4090173,1
4090174,1
4090175,1
4090177,1
4090178,1
4090179,1
4090180,1
4090181,1
4090182,1
4090183,1
4090184,1
4090185,1
4090186,1
4090187,1
4090188,1
4090189,1
4090190,1
4090191,1
4090192,1
4090193,1
4090194,1
4090195,1
4090196,1
4090197,1
4090198,1
4090199,1
4090200,1
4090201,1
4090202,1
4090203,1
4090204,1
4090205,1
4090206,1
4090437,1
4090438,1
4090439,1
4090440,1
4090441,1
4090442,1
4090443,1
4090444,1
4090445,1
4090446,1
4090447,1
4090448,1
4090449,1
4090450,1
4090741,1
4090742,1
4090743,1
4090744,1
4090750,1
4090751,1
4090752,1
4090753,1
4090754,1
4090761,1
4090899,1
4090900,1
4090901,1
4090902,1
4091256,1
4091267,1
4091268,1
4093791,1
4093792,1
4093793,1
4093794,1
4093795,1
4093796,1
4093797,1
4093798,1
4093799,1
4093800,1
4093801,1
4093802,1
4093803,1
4093804,1
4093805,1
4093806,1
4093807,1
4093808,1
4093809,1
4093810,1
4093811,1
4093812,1
4093813,1
4093814,1
4093815,1
4093816,1
4093817,1
4093818,1
4093819,1
4093820,1
4093821,1
4094054,1
4094057,1
4094058,1
4094059,1
4094060,1
4094061,1
4094062,1
4094063,1
4094064,1
4094065,1
4094066,1
4094360,1
4094361,1
4094362,1
4094363,1
4094364,1
4094365,1
4094366,1
4094367,1
4094369,1
4094514,1
4094518,1
4094519,1
4094874,1
4094886,1
4097403,1
4097404,1
4097407,1
4097408,1
4097409,1
4097410,1
4097411,1
4097412,1
4097413,1
4097414,1
4097415,1
4097416,1
4097417,1
4097418,1
4097419,1
4097420,1
4097421,1
4097422,1
4097423,1
4097424,1
4097425,1
4097426,1
4097427,1
4097428,1
4097429,1
4097430,1
4097431,1
4097432,1
4097433,1
4097434,1
4097435,1
4097436,1
4097437,1
4097674,1
4097675,1
4097676,1
4097677,1
4097678,1
4097679,1
4097680,1
4097681,1
4097682,1
4097683,1
4097684,1
4097685,1
4097980,1
4097981,1
4097982,1
4097983,1
4098139,1
4101019,1
4101020,1
4101021,1
4101023,1
4101024,1
4101025,1
4101026,1
4101027,1
4101028,1
4101029,1
4101030,1
4101031,1
4101032,1
4101033,1
4101034,1
4101035,1
4101036,1
4101037,1
4101038,1
4101039,1
4101040,1
4101041,1
4101042,1
4101043,1
4101044,1
4101045,1
4101046,1
4101047,1
4101048,1
4101049,1
4101050,1
4101051,1
4101052,1
4101053,1
4101290,1
4101291,1
4101292,1
4101293,1
4101294,1
4101295,1
4101296,1
4101297,1
4101298,1
4101299,1
4101300,1
4101301,1
4101302,1
4101303,1
4101592,1
4101593,1
4101594,1
4101596,1
4101597,1
4101598,1
4101599,1
4101753,1
4101799,1
4101800,1
4101801,1
4104636,1
4104637,1
4104640,1
4104641,1
4104642,1
4104643,1
4104644,1
4104645,1
4104646,1
4104647,1
4104648,1
4104649,1
4104650,1
4104651,1
4104652,1
4104653,1
4104654,1
4104655,1
4104656,1
4104657,1
4104658,1
4104659,1
4104660,1
4104661,1
4104662,1
4104663,1
4104664,1
4104665,1
4104666,1
4104667,1
4104668,1
4104907,1
4104908,1
4104909,1
4104910,1
4104911,1
4104912,1
4104913,1
4104914,1
4104915,1
4104916,1
4104917,1
4104918,1
4104919,1
4104920,1
4104921,1
4105209,1
4105211,1
4105213,1
4105214,1
4105230,1
4105231,1
4105232,1
4105371,1
4105372,1
4105373,1
4105374,1
4105416,1
4105418,1
4105419,1
4108251,1
4108252,1
4108253,1
4108254,1
4108256,1
4108257,1
4108258,1
4108259,1
4108260,1
4108261,1
4108262,1
4108263,1
4108264,1
4108265,1
4108266,1
4108267,1
4108268,1
4108269,1
4108270,1
4108271,1
4108272,1
4108273,1
4108274,1
4108275,1
4108276,1
4108277,1
4108278,1
4108279,1
4108280,1
4108281,1
4108282,1
4108283,1
4108284,1
4108523,1
4108524,1
4108525,1
4108526,1
4108527,1
4108528,1
4108529,1
4108530,1
4108531,1
4108532,1
4108533,1
4108534,1
4108535,1
4108536,1
4108537,1
4108538,1
4108539,1
4108742,1
4108743,1
4108744,1
4108826,1
4108827,1
4108835,1
4108847,1
4108849,1
4108989,1
4108990,1
4108991,1
4109033,1
4109034,1
4109035,1
4109036,1
4111864,1
4111865,1
4111866,1
4111867,1
4111868,1
4111869,1
4111870,1
4111871,1
4111873,1
4111874,1
4111875,1
4111876,1
4111877,1
4111878,1
4111879,1
4111880,1
4111881,1
4111882,1
4111883,1
4111884,1
4111885,1
4111886,1
4111887,1
4111888,1
4111889,1
4111890,1
4111891,1
4111892,1
4111893,1
4111894,1
4111895,1
4111896,1
4111897,1
4111898,1
4111899,1
4111900,1
4111901,1
4112140,1
4112141,1
4112142,1
4112143,1
4112144,1
4112145,1
4112146,1
4112147,1
4112148,1
4112149,1
4112150,1
4112151,1
4112152,1
4112153,1
4112154,1
4112155,1
4112156,1
4112157,1
4112305,1
4112358,1
4112359,1
4112361,1
4112362,1
4112443,1
4112452,1
4112464,1
4112465,1
4112603,1
4112609,1
4112645,1
4112646,1
4112647,1
4112651,1
4112652,1
4112653,1
4112790,1
4112791,1
4115479,1
4115480,1
4115481,1
4115482,1
4115483,1
4115484,1
4115485,1
4115486,1
4115487,1
4115488,1
4115489,1
4115490,1
4115491,1
4115492,1
4115493,1
4115494,1
4115495,1
4115496,1
4115497,1
4115498,1
4115499,1
4115500,1
4115501,1
4115502,1
4115503,1
4115504,1
4115505,1
4115506,1
4115507,1
4115508,1
4115509,1
4115510,1
4115511,1
4115512,1
4115513,1
4115514,1
4115515,1
4115516,1
4115756,1
4115757,1
4115758,1
4115760,1
4115761,1
4115762,1
4115763,1
4115764,1
4115765,1
4115766,1
4115767,1
4115768,1
4115769,1
4115770,1
4115771,1
4115772,1
4115773,1
4115774,1
4115775,1
4115874,1
4115875,1
4115876,1
4115877,1
4115919,1
4115920,1
4115921,1
4115922,1
4115923,1
4115975,1
4115979,1
4116067,1
4116068,1
4116213,1
4116214,1
4116222,1
4116223,1
4116262,1
4116263,1
4116264,1
4116268,1
4116269,1
4116270,1
4116407,1
4116408,1
4119094,1
4119095,1
4119096,1
4119097,1
4119098,1
4119099,1
4119100,1
4119101,1
4119102,1
4119103,1
4119104,1
4119106,1
4119107,1
4119108,1
4119109,1
4119110,1
4119111,1
4119112,1
4119113,1
4119114,1
4119115,1
4119116,1
4119117,1
4119118,1
4119119,1
4119120,1
4119121,1
4119122,1
4119123,1
4119124,1
4119125,1
4119126,1
4119127,1
4119128,1
4119129,1
4119130,1
4119131,1
4119132,1
4119133,1
4119373,1
4119374,1
4119375,1
4119376,1
4119377,1
4119378,1
4119379,1
4119380,1
4119381,1
4119382,1
4119383,1
4119384,1
4119385,1
4119386,1
4119387,1
4119388,1
4119389,1
4119390,1
4119391,1
4119392,1
4119393,1
4119394,1
4119490,1
4119491,1
4119492,1
4119493,1
4119494,1
4119495,1
4119535,1
4119536,1
4119537,1
4119538,1
4119539,1
4119591,1
4119592,1
4119595,1
4119596,1
4119682,1
4119683,1
4119684,1
4119685,1
4119830,1
4119831,1
4119832,1
4119839,1
4119840,1
4119843,1
4119844,1
4119927,1
4119928,1
4119929,1
4120024,1
4120025,1
4122708,1
4122709,1
4122710,1
4122711,1
4122712,1
4122713,1
4122714,1
4122715,1
4122716,1
4122717,1
4122718,1
4122719,1
4122720,1
4122721,1
4122722,1
4122723,1
4122724,1
4122725,1
4122726,1
4122727,1
4122728,1
4122729,1
4122730,1
4122731,1
4122732,1
4122733,1
4122734,1
4122735,1
4122736,1
4122737,1
4122738,1
4122739,1
4122740,1
4122741,1
4122742,1
4122743,1
4122744,1
4122745,1
4122746,1
4122747,1
4122748,1
4122749,1
4122990,1
4122991,1
4122992,1
4122993,1
4122994,1
4122995,1
4122996,1
4122997,1
4122998,1
4122999,1
4123000,1
4123001,1
4123002,1
4123003,1
4123004,1
4123005,1
4123006,1
4123007,1
4123008,1
4123009,1
4123010,1
4123011,1
4123012,1
4123013,1
4123106,1
4123107,1
4123108,1
4123109,1
4123110,1
4123111,1
4123150,1
4123151,1
4123152,1
4123153,1
4123154,1
4123155,1
4123156,1
4123208,1
4123209,1
4123212,1
4123213,1
4123297,1
4123298,1
4123299,1
4123300,1
4123301,1
4123302,1
4123447,1
4123448,1
4123449,1
4123456,1
4123457,1
4123458,1
4123504,1
4123505,1
4123544,1
4123546,1
4126324,1
4126325,1
4126326,1
4126327,1
4126328,1
4126329,1
4126330,1
4126331,1
4126332,1
4126333,1
4126334,1
4126335,1
4126336,1
4126337,1
4126338,1
4126339,1
4126340,1
4126341,1
4126342,1
4126343,1
4126344,1
4126345,1
4126346,1
4126347,1
4126348,1
4126349,1
4126350,1
4126351,1
4126352,1
4126353,1
4126354,1
4126355,1
4126356,1
4126357,1
4126358,1
4126359,1
4126360,1
4126361,1
4126362,1
4126363,1
4126364,1
4126365,1
4126607,1
4126608,1
4126609,1
4126610,1
4126611,1
4126612,1
4126613,1
4126614,1
4126615,1
4126616,1
4126617,1
4126618,1
4126619,1
4126620,1
4126621,1
4126622,1
4126623,1
4126624,1
4126625,1
4126626,1
4126627,1
4126628,1
4126629,1
4126630,1
4126631,1
4126632,1
4126722,1
4126723,1
4126724,1
4126725,1
4126726,1
4126727,1
4126728,1
4126729,1
4126737,1
4126767,1
4126768,1
4126769,1
4126770,1
4126771,1
4126772,1
4126773,1
4126827,1
4126828,1
4126829,1
4126912,1
4126913,1
4126915,1
4126917,1
4126918,1
4127077,1
4127078,1
4127079,1
4127080,1
4127081,1
4127161,1
4127163,1
4127439,1
4127444,1
4127445,1
4127446,1
4129936,1
4129937,1
4129938,1
4129939,1
4129940,1
4129941,1
4129942,1
4129943,1
4129944,1
4129945,1
4129946,1
4129947,1
4129948,1
4129949,1
4129950,1
4129951,1
4129952,1
4129953,1
4129954,1
4129955,1
4129956,1
4129957,1
4129958,1
4129959,1
4129960,1
4129961,1
4129962,1
4129963,1
4129964,1
4129965,1
4129966,1
4129967,1
4129968,1
4129969,1
4129970,1
4129971,1
4129972,1
4129973,1
4129974,1
4129975,1
4129976,1
4129977,1
4129978,1
4129979,1
4129980,1
4129981,1
4129982,1
4130224,1
4130225,1
4130226,1
4130227,1
4130228,1
4130229,1
4130230,1
4130231,1
4130232,1
4130233,1
4130234,1
4130235,1
4130236,1
4130237,1
4130238,1
4130239,1
4130240,1
4130241,1
4130242,1
4130243,1
4130244,1
4130245,1
4130246,1
4130247,1
4130248,1
4130249,1
4130250,1
4130339,1
4130340,1
4130341,1
4130342,1
4130343,1
4130344,1
4130345,1
4130346,1
4130353,1
4130354,1
4130355,1
4130384,1
4130385,1
4130386,1
4130387,1
4130388,1
4130389,1
4130390,1
4130391,1
4130392,1
4130528,1
4130531,1
4130532,1
4130533,1
4130534,1
4130545,1
4130546,1
4130547,1
4130694,1
4130695,1
4130696,1
4130697,1
4130698,1
4130778,1
4130779,1
4130780,1
4130781,1
4130885,1
4130886,1
4131056,1
4131057,1
4131061,1
4131062,1
4131063,1
4133551,1
4133552,1
4133553,1
4133554,1
4133555,1
4133556,1
4133557,1
4133558,1
4133559,1
4133560,1
4133561,1
4133562,1
4133563,1
4133564,1
4133565,1
4133566,1
4133567,1
4133568,1
4133569,1
4133570,1
4133571,1
4133572,1
4133573,1
4133574,1
4133575,1
4133576,1
4133577,1
4133578,1
4133579,1
4133580,1
4133581,1
4133582,1
4133583,1
4133584,1
4133585,1
4133586,1
4133587,1
4133588,1
4133589,1
4133590,1
4133591,1
4133592,1
4133593,1
4133594,1
4133595,1
4133596,1
4133597,1
4133598,1
4133842,1
4133843,1
4133844,1
4133845,1
4133846,1
4133847,1
4133848,1
4133849,1
4133850,1
4133851,1
4133852,1
4133853,1
4133854,1
4133855,1
4133856,1
4133857,1
4133858,1
4133859,1
4133860,1
4133861,1
4133862,1
4133863,1
4133864,1
4133865,1
4133866,1
4133867,1
4133868,1
4133869,1
4133955,1
4133956,1
4133957,1
4133958,1
4133959,1
4133960,1
4133961,1
4133962,1
4133963,1
4133970,1
4133971,1
4134001,1
4134002,1
4134003,1
4134004,1
4134005,1
4134006,1
4134007,1
4134008,1
4134145,1
4134146,1
4134147,1
4134148,1
4134163,1
4134314,1
4134315,1
4134502,1
4134504,1
4134673,1
4134674,1
4137166,1
4137167,1
4137168,1
4137169,1
4137170,1
4137171,1
4137172,1
4137173,1
4137174,1
4137175,1
4137176,1
4137177,1
4137178,1
4137179,1
4137180,1
4137181,1
4137182,1
4137183,1
4137184,1
4137185,1
4137186,1
4137187,1
4137188,1
4137189,1
4137190,1
4137191,1
4137192,1
4137193,1
4137194,1
4137195,1
4137196,1
4137197,1
4137198,1
4137199,1
4137200,1
4137201,1
4137202,1
4137203,1
4137204,1
4137205,1
4137206,1
4137207,1
4137208,1
4137209,1
4137210,1
4137211,1
4137212,1
4137213,1
4137214,1
4137461,1
4137463,1
4137464,1
4137465,1
4137466,1
4137467,1
4137468,1
4137469,1
4137470,1
4137471,1
4137472,1
4137473,1
4137474,1
4137475,1
4137476,1
4137477,1
4137478,1
4137479,1
4137480,1
4137481,1
4137482,1
4137483,1
4137484,1
4137485,1
4137486,1
4137487,1
4137571,1
4137572,1
4137573,1
4137574,1
4137575,1
4137576,1
4137577,1
4137578,1
4137579,1
4137586,1
4137588,1
4137617,1
4137618,1
4137619,1
4137620,1
4137621,1
4137622,1
4137623,1
4137624,1
4137625,1
4137676,1
4137677,1
4137678,1
4137680,1
4137681,1
4137762,1
4137779,1
4137780,1
4138120,1
4140779,1
4140780,1
4140781,1
4140782,1
4140783,1
4140784,1
4140785,1
4140786,1
4140787,1
4140788,1
4140789,1
4140790,1
4140791,1
4140792,1
4140793,1
4140794,1
4140795,1
4140796,1
4140797,1
4140798,1
4140799,1
4140800,1
4140801,1
4140802,1
4140803,1
4140804,1
4140805,1
4140806,1
4140807,1
4140808,1
4140809,1
4140810,1
4140811,1
4140812,1
4140813,1
4140814,1
4140815,1
4140816,1
4140817,1
4140818,1
4140819,1
4140820,1
4140821,1
4140822,1
4140823,1
4140824,1
4140825,1
4140826,1
4140827,1
4140828,1
4140829,1
4140830,1
4141080,1
4141081,1
4141082,1
4141083,1
4141084,1
4141085,1
4141086,1
4141087,1
4141088,1
4141089,1
4141090,1
4141091,1
4141092,1
4141093,1
4141094,1
4141095,1
4141096,1
4141097,1
4141098,1
4141099,1
4141100,1
4141101,1
4141102,1
4141103,1
4141104,1
4141105,1
4141106,1
4141187,1
4141188,1
4141189,1
4141190,1
4141191,1
4141192,1
4141193,1
4141194,1
4141195,1
4141196,1
4141203,1
4141204,1
4141235,1
4141236,1
4141237,1
4141238,1
4141239,1
4141240,1
4141241,1
4141242,1
4141292,1
4141293,1
4141295,1
4141296,1
4144395,1
4144396,1
4144397,1
4144398,1
4144399,1
4144400,1
4144401,1
4144402,1
4144403,1
4144404,1
4144405,1
4144406,1
4144407,1
4144408,1
4144409,1
4144410,1
4144411,1
4144412,1
4144413,1
4144414,1
4144415,1
4144416,1
4144417,1
4144418,1
4144419,1
4144420,1
4144421,1
4144422,1
4144423,1
4144424,1
4144425,1
4144426,1
4144427,1
4144428,1
4144429,1
4144430,1
4144431,1
4144432,1
4144433,1
4144434,1
4144435,1
4144436,1
4144437,1
4144438,1
4144439,1
4144440,1
4144441,1
4144442,1
4144443,1
4144444,1
4144445,1
4144446,1
4144700,1
4144701,1
4144702,1
4144703,1
4144704,1
4144705,1
4144706,1
4144707,1
4144708,1
4144709,1
4144710,1
4144711,1
4144712,1
4144713,1
4144714,1
4144715,1
4144716,1
4144717,1
4144718,1
4144719,1
4144720,1
4144721,1
4144722,1
4144723,1
4144803,1
4144804,1
4144805,1
4144806,1
4144807,1
4144808,1
4144809,1
4144810,1
4144811,1
4144819,1
4144820,1
4144851,1
4144852,1
4144853,1
4144854,1
4144855,1
4144856,1
4144857,1
4144858,1
4144859,1
4144909,1
4144912,1
4145205,1
4145206,1
4145207,1
4145208,1
4148009,1
4148010,1
4148011,1
4148012,1
4148013,1
4148014,1
4148015,1
4148016,1
4148017,1
4148018,1
4148019,1
4148020,1
4148021,1
4148022,1
4148023,1
4148024,1
4148025,1
4148026,1
4148027,1
4148028,1
4148029,1
4148030,1
4148031,1
4148032,1
4148033,1
4148034,1
4148035,1
4148036,1
4148037,1
4148038,1
4148039,1
4148040,1
4148041,1
4148042,1
4148043,1
4148044,1
4148045,1
4148046,1
4148047,1
4148048,1
4148049,1
4148050,1
4148051,1
4148052,1
4148053,1
4148054,1
4148055,1
4148056,1
4148057,1
4148058,1
4148059,1
4148060,1
4148061,1
4148317,1
4148318,1
4148319,1
4148320,1
4148321,1
4148322,1
4148323,1
4148324,1
4148325,1
4148326,1
4148327,1
4148328,1
4148329,1
4148330,1
4148331,1
4148332,1
4148333,1
4148334,1
4148335,1
4148336,1
4148337,1
4148338,1
4148339,1
4148340,1
4148341,1
4148419,1
4148420,1
4148421,1
4148422,1
4148423,1
4148424,1
4148425,1
4148426,1
4148427,1
4148428,1
4148468,1
4148469,1
4148470,1
4148471,1
4148472,1
4148473,1
4148474,1
4148475,1
4148525,1
4148526,1
4148529,1
4148535,1
4148817,1
4148818,1
4148822,1
4148823,1
4148824,1
4148825,1
4148826,1
4149151,1
4149152,1
4149153,1
4151623,1
4151624,1
4151625,1
4151626,1
4151627,1
4151628,1
4151629,1
4151630,1
4151631,1
4151632,1
4151633,1
4151634,1
4151635,1
4151636,1
4151637,1
4151638,1
4151639,1
4151640,1
4151641,1
4151642,1
4151643,1
4151644,1
4151645,1
4151646,1
4151647,1
4151648,1
4151649,1
4151650,1
4151651,1
4151652,1
4151653,1
4151654,1
4151655,1
4151656,1
4151657,1
4151658,1
4151659,1
4151660,1
4151661,1
4151662,1
4151663,1
4151664,1
4151665,1
4151666,1
4151667,1
4151668,1
4151669,1
4151670,1
4151671,1
4151672,1
4151673,1
4151674,1
4151675,1
4151676,1
4151677,1
4151934,1
4151935,1
4151936,1
4151937,1
4151938,1
4151939,1
4151940,1
4151941,1
4151942,1
4151943,1
4151944,1
4151945,1
4151946,1
4151947,1
4151948,1
4151949,1
4151950,1
4151951,1
4151952,1
4151953,1
4151954,1
4151955,1
4151956,1
4151957,1
4151958,1
4152036,1
4152037,1
4152038,1
4152039,1
4152040,1
4152041,1
4152042,1
4152043,1
4152044,1
4152086,1
4152087,1
4152088,1
4152089,1
4152090,1
4152091,1
4152092,1
4152093,1
4152143,1
4152146,1
4152434,1
4152435,1
4152436,1
4152440,1
4152441,1
4152442,1
4152443,1
4152769,1
4152770,1
4155240,1
4155241,1
4155242,1
4155243,1
4155244,1
4155245,1
4155246,1
4155247,1
4155248,1
4155249,1
4155250,1
4155251,1
4155252,1
4155253,1
4155254,1
4155255,1
4155256,1
4155257,1
4155258,1
4155259,1
4155260,1
4155261,1
4155262,1
4155263,1
4155264,1
4155265,1
4155266,1
4155267,1
4155268,1
4155269,1
4155270,1
4155271,1
4155272,1
4155273,1
4155274,1
4155275,1
4155276,1
4155277,1
4155278,1
4155279,1
4155280,1
4155281,1
4155282,1
4155283,1
4155284,1
4155285,1
4155286,1
4155287,1
4155288,1
4155289,1
4155290,1
4155291,1
4155292,1
4155550,1
4155551,1
4155552,1
4155553,1
4155554,1
4155555,1
4155556,1
4155557,1
4155558,1
4155559,1
4155560,1
4155561,1
4155562,1
4155563,1
4155564,1
4155565,1
4155566,1
4155567,1
4155568,1
4155569,1
4155570,1
4155571,1
4155572,1
4155573,1
4155574,1
4155575,1
4155652,1
4155653,1
4155654,1
4155655,1
4155656,1
4155657,1
4155658,1
4155659,1
4155660,1
4155661,1
4155702,1
4155703,1
4155704,1
4155705,1
4155706,1
4155707,1
4155708,1
4155709,1
4155725,1
4155759,1
4155760,1
4155761,1
4155762,1
4156021,1
4156022,1
4156023,1
4156051,1
4156053,1
4156055,1
4156056,1
4156057,1
4156058,1
4156059,1
4156060,1
4156214,1
4156215,1
4156219,1
4156220,1
4156221,1
4158856,1
4158857,1
4158858,1
4158859,1
4158860,1
4158861,1
4158862,1
4158863,1
4158864,1
4158865,1
4158866,1
4158867,1
4158868,1
4158869,1
4158870,1
4158871,1
4158872,1
4158873,1
4158874,1
4158875,1
4158876,1
4158877,1
4158878,1
4158879,1
4158880,1
4158881,1
4158882,1
4158883,1
4158884,1
4158885,1
4158886,1
4158887,1
4158888,1
4158889,1
4158890,1
4158891,1
4158892,1
4158893,1
4158894,1
4158895,1
4158896,1
4158897,1
4158898,1
4158899,1
4158900,1
4158901,1
4158902,1
4158903,1
4158904,1
4158905,1
4158906,1
4159167,1
4159168,1
4159170,1
4159171,1
4159172,1
4159173,1
4159174,1
4159175,1
4159176,1
4159177,1
4159178,1
4159179,1
4159180,1
4159181,1
4159182,1
4159183,1
4159184,1
4159185,1
4159186,1
4159187,1
4159188,1
4159189,1
4159190,1
4159191,1
4159192,1
4159269,1
4159270,1
4159271,1
4159272,1
4159273,1
4159274,1
4159275,1
4159276,1
4159277,1
4159320,1
4159321,1
4159323,1
4159324,1
4159325,1
4159326,1
4159340,1
4159341,1
4159342,1
4159343,1
4159639,1
4159640,1
4159669,1
4159670,1
4159673,1
4159674,1
4159675,1
4159677,1
4159831,1
4159832,1
4159836,1
4159837,1
4159838,1
4159960,1
4162471,1
4162472,1
4162473,1
4162474,1
4162475,1
4162476,1
4162477,1
4162478,1
4162479,1
4162480,1
4162481,1
4162482,1
4162483,1
4162484,1
4162485,1
4162486,1
4162487,1
4162488,1
4162489,1
4162490,1
4162491,1
4162492,1
4162493,1
4162494,1
4162495,1
4162496,1
4162497,1
4162498,1
4162499,1
4162500,1
4162501,1
4162502,1
4162503,1
4162504,1
4162505,1
4162506,1
4162507,1
4162508,1
4162509,1
4162510,1
4162511,1
4162512,1
4162513,1
4162514,1
4162515,1
4162516,1
4162517,1
4162518,1
4162519,1
4162520,1
4162521,1
4162787,1
4162788,1
4162789,1
4162790,1
4162791,1
4162792,1
4162793,1
4162794,1
4162795,1
4162796,1
4162797,1
4162798,1
4162799,1
4162800,1
4162801,1
4162802,1
4162803,1
4162804,1
4162805,1
4162806,1
4162807,1
4162808,1
4162809,1
4162810,1
4162886,1
4162887,1
4162888,1
4162889,1
4162890,1
4162891,1
4162892,1
4162893,1
4162894,1
4162936,1
4162937,1
4162938,1
4162939,1
4162940,1
4162941,1
4162942,1
4162943,1
4162957,1
4162958,1
4162959,1
4162960,1
4163290,1
4163291,1
4163292,1
4163293,1
4163294,1
4163450,1
4163451,1
4163452,1
4163454,1
4163578,1
4166087,1
4166088,1
4166089,1
4166090,1
4166091,1
4166092,1
4166093,1
4166094,1
4166095,1
4166096,1
4166097,1
4166098,1
4166099,1
4166100,1
4166101,1
4166102,1
4166103,1
4166104,1
4166105,1
4166106,1
4166107,1
4166108,1
4166109,1
4166110,1
4166111,1
4166112,1
4166113,1
4166114,1
4166115,1
4166116,1
4166117,1
4166118,1
4166119,1
4166120,1
4166121,1
4166122,1
4166123,1
4166124,1
4166125,1
4166126,1
4166127,1
4166128,1
4166129,1
4166130,1
4166131,1
4166132,1
4166133,1
4166134,1
4166405,1
4166406,1
4166407,1
4166408,1
4166409,1
4166410,1
4166411,1
4166412,1
4166413,1
4166414,1
4166415,1
4166416,1
4166417,1
4166418,1
4166419,1
4166420,1
4166421,1
4166422,1
4166423,1
4166424,1
4166425,1
4166426,1
4166427,1
4166428,1
4166503,1
4166504,1
4166505,1
4166506,1
4166507,1
4166508,1
4166509,1
4166510,1
4166554,1
4166555,1
4166556,1
4166557,1
4166558,1
4166559,1
4166560,1
4166561,1
4166573,1
4166574,1
4166575,1
4166576,1
4166577,1
4166908,1
4166909,1
4166910,1
4166911,1
4167067,1
4167068,1
4167069,1
4169704,1
4169705,1
4169706,1
4169707,1
4169708,1
4169709,1
4169710,1
4169711,1
4169712,1
4169713,1
4169714,1
4169715,1
4169716,1
4169717,1
4169718,1
4169719,1
4169720,1
4169721,1
4169722,1
4169723,1
4169724,1
4169725,1
4169726,1
4169727,1
4169728,1
4169729,1
4169730,1
4169731,1
4169732,1
4169733,1
4169734,1
4169735,1
4169736,1
4169737,1
4169738,1
4169739,1
4169740,1
4169741,1
4169745,1
4169746,1
4169747,1
4170023,1
4170024,1
4170025,1
4170026,1
4170027,1
4170028,1
4170029,1
4170030,1
4170031,1
4170032,1
4170033,1
4170034,1
4170035,1
4170036,1
4170037,1
4170038,1
4170039,1
4170040,1
4170041,1
4170042,1
4170043,1
4170044,1
4170045,1
4170046,1
4170120,1
4170121,1
4170122,1
4170123,1
4170124,1
4170125,1
4170126,1
4170127,1
4170139,1
4170140,1
4170141,1
4170171,1
4170172,1
4170173,1
4170174,1
4170175,1
4170176,1
4170177,1
4170178,1
4170192,1
4170525,1
4170685,1
4170686,1
4170693,1
4170694,1
4173319,1
4173320,1
4173321,1
4173322,1
4173323,1
4173324,1
4173325,1
4173326,1
4173327,1
4173328,1
4173329,1
4173330,1
4173331,1
4173332,1
4173333,1
4173334,1
4173335,1
4173336,1
4173337,1
4173338,1
4173339,1
4173340,1
4173341,1
4173342,1
4173343,1
4173344,1
4173345,1
4173346,1
4173347,1
4173348,1
4173349,1
4173350,1
4173351,1
4173352,1
4173353,1
4173354,1
4173355,1
4173356,1
4173357,1
4173640,1
4173641,1
4173642,1
4173643,1
4173644,1
4173645,1
4173647,1
4173648,1
4173649,1
4173650,1
4173651,1
4173652,1
4173653,1
4173654,1
4173655,1
4173656,1
4173657,1
4173658,1
4173659,1
4173660,1
4173661,1
4173662,1
4173663,1
4173737,1
4173738,1
4173739,1
4173740,1
4173741,1
4173742,1
4173743,1
4173744,1
4173755,1
4173756,1
4173789,1
4173790,1
4173791,1
4173792,1
4173793,1
4173794,1
4173795,1
4173846,1
4173847,1
4173848,1
4174143,1
4174310,1
4174311,1
4176936,1
4176937,1
4176938,1
4176939,1
4176940,1
4176941,1
4176942,1
4176943,1
4176944,1
4176945,1
4176946,1
4176947,1
4176948,1
4176949,1
4176950,1
4176951,1
4176952,1
4176953,1
4176954,1
4176955,1
4176956,1
4176957,1
4176958,1
4176959,1
4176960,1
4176961,1
4176962,1
4176963,1
4176964,1
4176965,1
4176966,1
4176967,1
4176968,1
4176969,1
4176970,1
4176971,1
4176972,1
4177260,1
4177261,1
4177262,1
4177263,1
4177264,1
4177265,1
4177266,1
4177267,1
4177268,1
4177269,1
4177270,1
4177271,1
4177272,1
4177273,1
4177274,1
4177275,1
4177276,1
4177277,1
4177278,1
4177279,1
4177280,1
4177353,1
4177354,1
4177355,1
4177356,1
4177357,1
4177358,1
4177359,1
4177360,1
4177361,1
4177371,1
4177405,1
4177406,1
4177407,1
4177408,1
4177409,1
4177410,1
4177411,1
4177412,1
4177462,1
4177463,1
4177465,1
4177759,1
4177760,1
4177761,1
4177762,1
4177763,1
4177928,1
4180552,1
4180553,1
4180554,1
4180555,1
4180556,1
4180557,1
4180558,1
4180559,1
4180560,1
4180561,1
4180562,1
4180563,1
4180564,1
4180565,1
4180566,1
4180567,1
4180568,1
4180569,1
4180570,1
4180571,1
4180572,1
4180573,1
4180574,1
4180575,1
4180576,1
4180577,1
4180578,1
4180579,1
4180580,1
4180581,1
4180582,1
4180583,1
4180584,1
4180585,1
4180586,1
4180587,1
4180588,1
4180877,1
4180879,1
4180880,1
4180881,1
4180882,1
4180883,1
4180884,1
4180885,1
4180886,1
4180887,1
4180888,1
4180889,1
4180890,1
4180891,1
4180892,1
4180893,1
4180894,1
4180895,1
4180896,1
4180897,1
4180898,1
4180970,1
4180971,1
4180972,1
4180973,1
4180974,1
4180975,1
4180976,1
4180977,1
4181023,1
4181024,1
4181027,1
4181028,1
4181029,1
4181079,1
4181080,1
4181081,1
4181082,1
4181371,1
4181372,1
4181377,1
4181378,1
4181379,1
4181380,1
4181381,1
4184167,1
4184168,1
4184169,1
4184170,1
4184171,1
4184172,1
4184173,1
4184174,1
4184175,1
4184176,1
4184177,1
4184178,1
4184179,1
4184180,1
4184181,1
4184182,1
4184183,1
4184184,1
4184185,1
4184186,1
4184187,1
4184188,1
4184189,1
4184190,1
4184191,1
4184192,1
4184193,1
4184194,1
4184195,1
4184196,1
4184197,1
4184198,1
4184199,1
4184200,1
4184201,1
4184495,1
4184496,1
4184497,1
4184498,1
4184499,1
4184500,1
4184501,1
4184502,1
4184503,1
4184504,1
4184505,1
4184506,1
4184507,1
4184508,1
4184509,1
4184510,1
4184511,1
4184512,1
4184513,1
4184514,1
4184515,1
4184516,1
4184517,1
4184586,1
4184587,1
4184588,1
4184589,1
4184590,1
4184591,1
4184592,1
4184593,1
4184640,1
4184641,1
4184642,1
4184646,1
4184647,1
4184664,1
4184665,1
4184666,1
4184995,1
4184996,1
4184997,1
4184998,1
4187784,1
4187785,1
4187786,1
4187787,1
4187788,1
4187789,1
4187790,1
4187791,1
4187792,1
4187793,1
4187794,1
4187795,1
4187796,1
4187797,1
4187798,1
4187799,1
4187800,1
4187801,1
4187802,1
4187803,1
4187804,1
4187805,1
4187806,1
4187807,1
4187808,1
4187809,1
4187810,1
4187811,1
4187812,1
4187813,1
4187814,1
4188112,1
4188113,1
4188114,1
4188115,1
4188116,1
4188117,1
4188118,1
4188119,1
4188120,1
4188121,1
4188122,1
4188123,1
4188124,1
4188125,1
4188126,1
4188127,1
4188128,1
4188129,1
4188130,1
4188131,1
4188132,1
4188133,1
4188134,1
4188203,1
4188204,1
4188205,1
4188206,1
4188207,1
4188208,1
4188209,1
4188258,1
4188264,1
4188265,1
4188279,1
4188280,1
4188281,1
4188283,1
4188284,1
4188575,1
4188576,1
4188606,1
4188607,1
4188612,1
4188613,1
4188614,1
4188615,1
4191400,1
4191401,1
4191402,1
4191403,1
4191404,1
4191405,1
4191406,1
4191407,1
4191408,1
4191409,1
4191410,1
4191411,1
4191412,1
4191413,1
4191414,1
4191415,1
4191416,1
4191417,1
4191418,1
4191419,1
4191421,1
4191422,1
4191423,1
4191424,1
4191425,1
4191426,1
4191427,1
4191428,1
4191429,1
4191430,1
4191727,1
4191729,1
4191730,1
4191731,1
4191732,1
4191733,1
4191734,1
4191735,1
4191736,1
4191737,1
4191738,1
4191739,1
4191740,1
4191741,1
4191742,1
4191743,1
4191744,1
4191745,1
4191746,1
4191747,1
4191748,1
4191749,1
4191750,1
4191751,1
4191819,1
4191820,1
4191821,1
4191822,1
4191823,1
4191824,1
4191825,1
4191874,1
4191875,1
4191881,1
4191882,1
4191883,1
4191894,1
4191895,1
4191896,1
4191897,1
4191898,1
4191899,1
4191900,1
4192192,1
4192193,1
4192224,1
4192225,1
4192230,1
4192231,1
4192232,1
4192233,1
4195017,1
4195018,1
4195019,1
4195020,1
4195021,1
4195022,1
4195023,1
4195024,1
4195025,1
4195026,1
4195027,1
4195028,1
4195029,1
4195030,1
4195031,1
4195032,1
4195034,1
4195035,1
4195037,1
4195038,1
4195039,1
4195040,1
4195041,1
4195042,1
4195043,1
4195044,1
4195045,1
4195046,1
4195343,1
4195344,1
4195345,1
4195346,1
4195347,1
4195348,1
4195349,1
4195350,1
4195351,1
4195352,1
4195353,1
4195354,1
4195355,1
4195356,1
4195357,1
4195358,1
4195359,1
4195360,1
4195361,1
4195362,1
4195363,1
4195364,1
4195365,1
4195366,1
4195367,1
4195368,1
4195369,1
4195436,1
4195437,1
4195438,1
4195439,1
4195440,1
4195441,1
4195442,1
4195490,1
4195491,1
4195492,1
4195498,1
4195499,1
4195511,1
4195512,1
4195513,1
4195514,1
4195515,1
4195516,1
4195520,1
4195521,1
4195809,1
4195810,1
4195811,1
4198634,1
4198635,1
4198636,1
4198637,1
4198638,1
4198639,1
4198640,1
4198641,1
4198642,1
4198643,1
4198644,1
4198645,1
4198646,1
4198647,1
4198648,1
4198649,1
4198650,1
4198651,1
4198653,1
4198654,1
4198657,1
4198658,1
4198659,1
4198660,1
4198661,1
4198662,1
4198960,1
4198961,1
4198962,1
4198963,1
4198965,1
4198966,1
4198967,1
4198968,1
4198969,1
4198970,1
4198971,1
4198972,1
4198973,1
4198974,1
4198975,1
4198976,1
4198977,1
4198978,1
4198979,1
4198980,1
4198981,1
4198982,1
4198983,1
4198984,1
4198985,1
4198986,1
4198987,1
4198988,1
4199052,1
4199053,1
4199054,1
4199055,1
4199056,1
4199057,1
4199058,1
4199059,1
4199108,1
4199109,1
4199116,1
4199117,1
4199118,1
4199128,1
4199129,1
4199130,1
4199132,1
4199133,1
4199135,1
4199136,1
4199137,1
4199138,1
4199139,1
4202249,1
4202250,1
4202251,1
4202252,1
4202253,1
4202254,1
4202255,1
4202257,1
4202258,1
4202259,1
4202260,1
4202261,1
4202262,1
4202263,1
4202264,1
4202265,1
4202266,1
4202577,1
4202578,1
4202579,1
4202580,1
4202581,1
4202582,1
4202583,1
4202584,1
4202585,1
4202586,1
4202587,1
4202588,1
4202589,1
4202590,1
4202591,1
4202592,1
4202593,1
4202594,1
4202595,1
4202596,1
4202597,1
4202598,1
4202599,1
4202600,1
4202601,1
4202602,1
4202603,1
4202604,1
4202605,1
4202606,1
4202607,1
4202669,1
4202670,1
4202671,1
4202672,1
4202673,1
4202674,1
4202675,1
4202676,1
4202725,1
4202726,1
4202734,1
4202735,1
4202736,1
4202737,1
4202746,1
4202747,1
4202748,1
4202749,1
4202752,1
4202755,1
4202756,1
4205866,1
4205867,1
4205868,1
4205869,1
4205870,1
4205871,1
4205873,1
4205874,1
4205875,1
4205876,1
4205877,1
4205878,1
4205879,1
4205880,1
4205881,1
4206194,1
4206195,1
4206196,1
4206197,1
4206198,1
4206199,1
4206200,1
4206201,1
4206202,1
4206203,1
4206204,1
4206205,1
4206206,1
4206207,1
4206208,1
4206209,1
4206210,1
4206211,1
4206212,1
4206213,1
4206214,1
4206215,1
4206216,1
4206217,1
4206218,1
4206219,1
4206220,1
4206221,1
4206222,1
4206223,1
4206224,1
4206225,1
4206287,1
4206288,1
4206289,1
4206290,1
4206291,1
4206292,1
4206343,1
4206352,1
4206353,1
4206354,1
4206368,1
4206369,1
4206371,1
4206372,1
4206663,1
4206697,1
4206698,1
4209483,1
4209484,1
4209485,1
4209486,1
4209487,1
4209488,1
4209489,1
4209490,1
4209491,1
4209492,1
4209493,1
4209494,1
4209495,1
4209496,1
4209813,1
4209814,1
4209815,1
4209817,1
4209818,1
4209819,1
4209820,1
4209821,1
4209822,1
4209823,1
4209824,1
4209825,1
4209826,1
4209827,1
4209828,1
4209829,1
4209830,1
4209831,1
4209832,1
4209833,1
4209834,1
4209835,1
4209836,1
4209837,1
4209838,1
4209839,1
4209840,1
4209841,1
4209842,1
4209843,1
4209844,1
4209845,1
4209846,1
4209847,1
4209903,1
4209904,1
4209905,1
4209906,1
4209907,1
4209908,1
4209960,1
4209961,1
4209969,1
4209970,1
4209971,1
4209988,1
4209989,1
4210279,1
4210280,1
4210281,1
4210313,1
4210314,1
4210315,1
4210316,1
4210317,1
4213098,1
4213099,1
4213100,1
4213101,1
4213102,1
4213103,1
4213104,1
4213105,1
4213106,1
4213107,1
4213108,1
4213109,1
4213110,1
4213111,1
4213112,1
4213430,1
4213431,1
4213432,1
4213433,1
4213434,1
4213435,1
4213436,1
4213437,1
4213438,1
4213439,1
4213440,1
4213441,1
4213442,1
4213443,1
4213444,1
4213445,1
4213446,1
4213447,1
4213448,1
4213449,1
4213450,1
4213451,1
4213452,1
4213453,1
4213454,1
4213455,1
4213456,1
4213457,1
4213458,1
4213459,1
4213460,1
4213461,1
4213462,1
4213463,1
4213464,1
4213465,1
4213521,1
4213522,1
4213523,1
4213524,1
4213525,1
4213578,1
4213579,1
4213586,1
4213587,1
4213588,1
4213601,1
4213605,1
4213606,1
4213608,1
4213609,1
4213897,1
4213898,1
4213899,1
4213930,1
4213931,1
4213932,1
4213933,1
4213934,1
4216715,1
4216716,1
4216717,1
4216718,1
4216719,1
4216720,1
4216721,1
4216722,1
4216723,1
4216724,1
4216725,1
4216726,1
4216727,1
4217047,1
4217048,1
4217049,1
4217050,1
4217051,1
4217052,1
4217053,1
4217054,1
4217055,1
4217056,1
4217057,1
4217058,1
4217059,1
4217060,1
4217061,1
4217062,1
4217063,1
4217064,1
4217065,1
4217066,1
4217067,1
4217068,1
4217069,1
4217070,1
4217071,1
4217072,1
4217073,1
4217074,1
4217075,1
4217076,1
4217077,1
4217078,1
4217079,1
4217080,1
4217081,1
4217082,1
4217138,1
4217139,1
4217140,1
4217141,1
4217142,1
4217195,1
4217196,1
4217203,1
4217204,1
4217205,1
4217218,1
4217219,1
4217222,1
4217223,1
4217225,1
4217226,1
4217547,1
4217548,1
4217550,1
4217551,1
4217552,1
4217697,1
4217698,1
4217699,1
4220331,1
4220332,1
4220333,1
4220334,1
4220335,1
4220336,1
4220337,1
4220338,1
4220339,1
4220340,1
4220341,1
4220342,1
4220343,1
4220664,1
4220665,1
4220666,1
4220667,1
4220668,1
4220669,1
4220670,1
4220671,1
4220672,1
4220673,1
4220674,1
4220675,1
4220676,1
4220677,1
4220678,1
4220679,1
4220680,1
4220681,1
4220682,1
4220683,1
4220684,1
4220685,1
4220686,1
4220687,1
4220688,1
4220689,1
4220690,1
4220691,1
4220692,1
4220693,1
4220694,1
4220695,1
4220696,1
4220697,1
4220698,1
4220755,1
4220756,1
4220757,1
4220758,1
4220759,1
4220811,1
4220812,1
4220813,1
4220821,1
4220822,1
4220823,1
4220836,1
4220837,1
4220838,1
4220839,1
4220840,1
4220841,1
4220842,1
4221165,1
4221166,1
4221167,1
4221168,1
4221169,1
4221170,1
4221171,1
4221314,1
4221316,1
4223946,1
4223947,1
4223948,1
4223949,1
4223950,1
4223951,1
4223952,1
4223953,1
4223954,1
4223955,1
4223956,1
4223957,1
4223958,1
4223959,1
4224280,1
4224281,1
4224282,1
4224283,1
4224284,1
4224285,1
4224286,1
4224287,1
4224288,1
4224289,1
4224290,1
4224291,1
4224292,1
4224293,1
4224294,1
4224295,1
4224296,1
4224297,1
4224298,1
4224299,1
4224300,1
4224301,1
4224302,1
4224303,1
4224304,1
4224305,1
4224306,1
4224307,1
4224308,1
4224309,1
4224310,1
4224311,1
4224312,1
4224313,1
4224314,1
4224315,1
4224372,1
4224373,1
4224374,1
4224375,1
4224376,1
4224429,1
4224430,1
4224438,1
4224439,1
4224440,1
4224441,1
4224455,1
4224456,1
4224457,1
4224458,1
4224459,1
4224460,1
4224784,1
4224785,1
4224786,1
4224788,1
4227562,1
4227563,1
4227564,1
4227565,1
4227566,1
4227567,1
4227568,1
4227569,1
4227570,1
4227571,1
4227572,1
4227573,1
4227574,1
4227898,1
4227899,1
4227900,1
4227901,1
4227902,1
4227903,1
4227904,1
4227905,1
4227906,1
4227907,1
4227908,1
4227909,1
4227910,1
4227911,1
4227912,1
4227913,1
4227914,1
4227915,1
4227916,1
4227917,1
4227918,1
4227919,1
4227920,1
4227921,1
4227922,1
4227923,1
4227924,1
4227925,1
4227926,1
4227927,1
4227928,1
4227929,1
4227930,1
4227931,1
4227989,1
4227990,1
4227991,1
4227992,1
4228046,1
4228047,1
4228056,1
4228057,1
4228058,1
4228059,1
4228072,1
4228075,1
4228076,1
4228077,1
4228078,1
4228404,1
4228406,1
4231177,1
4231178,1
4231179,1
4231180,1
4231181,1
4231182,1
4231183,1
4231184,1
4231185,1
4231186,1
4231187,1
4231188,1
4231189,1
4231190,1
4231514,1
4231515,1
4231516,1
4231517,1
4231518,1
4231519,1
4231520,1
4231521,1
4231522,1
4231523,1
4231524,1
4231525,1
4231526,1
4231527,1
4231528,1
4231529,1
4231530,1
4231531,1
4231532,1
4231533,1
4231534,1
4231535,1
4231536,1
4231537,1
4231538,1
4231539,1
4231540,1
4231541,1
4231542,1
4231543,1
4231544,1
4231545,1
4231546,1
4231547,1
4231548,1
4231549,1
4231606,1
4231607,1
4231608,1
4231664,1
4231665,1
4231674,1
4231675,1
4231676,1
4231691,1
4231693,1
4231694,1
4231695,1
4232021,1
4232022,1
4232023,1
4234793,1
4234794,1
4234795,1
4234796,1
4234797,1
4234798,1
4234799,1
4234800,1
4234801,1
4234802,1
4234803,1
4234804,1
4234805,1
4234806,1
4235132,1
4235133,1
4235134,1
4235135,1
4235136,1
4235137,1
4235138,1
4235139,1
4235140,1
4235141,1
4235142,1
4235143,1
4235144,1
4235145,1
4235146,1
4235147,1
4235148,1
4235149,1
4235150,1
4235151,1
4235152,1
4235153,1
4235154,1
4235155,1
4235156,1
4235157,1
4235158,1
4235159,1
4235160,1
4235161,1
4235162,1
4235163,1
4235164,1
4235165,1
4235282,1
4235290,1
4235291,1
4235292,1
4235293,1
4235294,1
4235307,1
4235311,1
4235312,1
4238410,1
4238411,1
4238412,1
4238413,1
4238414,1
4238415,1
4238416,1
4238417,1
4238418,1
4238419,1
4238420,1
4238421,1
4238749,1
4238750,1
4238751,1
4238752,1
4238753,1
4238754,1
4238755,1
4238756,1
4238757,1
4238758,1
4238759,1
4238760,1
4238761,1
4238762,1
4238763,1
4238764,1
4238765,1
4238766,1
4238767,1
4238768,1
4238769,1
4238770,1
4238771,1
4238772,1
4238773,1
4238774,1
4238775,1
4238776,1
4238777,1
4238778,1
4238779,1
4238780,1
4238781,1
4238782,1
4238790,1
4238898,1
4238899,1
4238900,1
4238909,1
4238910,1
4238924,1
4238927,1
4238928,1
4242025,1
4242026,1
4242027,1
4242028,1
4242029,1
4242030,1
4242031,1
4242032,1
4242033,1
4242034,1
4242035,1
4242365,1
4242366,1
4242367,1
4242368,1
4242369,1
4242370,1
4242371,1
4242372,1
4242373,1
4242374,1
4242375,1
4242376,1
4242377,1
4242378,1
4242379,1
4242380,1
4242381,1
4242382,1
4242383,1
4242384,1
4242385,1
4242386,1
4242387,1
4242388,1
4242389,1
4242390,1
4242391,1
4242392,1
4242393,1
4242394,1
4242395,1
4242396,1
4242397,1
4242398,1
4242402,1
4242403,1
4242404,1
4242405,1
4242406,1
4242407,1
4242516,1
4242517,1
4242518,1
4242527,1
4242528,1
4242541,1
4242542,1
4242543,1
4242544,1
4245641,1
4245642,1
4245643,1
4245644,1
4245645,1
4245646,1
4245647,1
4245648,1
4245649,1
4245981,1
4245982,1
4245983,1
4245984,1
4245985,1
4245986,1
4245987,1
4245988,1
4245989,1
4245990,1
4245991,1
4245992,1
4245993,1
4245994,1
4245995,1
4245996,1
4245997,1
4245998,1
4245999,1
4246000,1
4246001,1
4246002,1
4246003,1
4246004,1
4246005,1
4246006,1
4246007,1
4246008,1
4246009,1
4246010,1
4246011,1
4246012,1
4246013,1
4246014,1
4246015,1
4246018,1
4246019,1
4246020,1
4246021,1
4246022,1
4246023,1
4246134,1
4246135,1
4246136,1
4246144,1
4246145,1
4246146,1
4246655,1
4246656,1
4246657,1
4246686,1
4246687,1
4249257,1
4249258,1
4249260,1
4249261,1
4249262,1
4249263,1
4249264,1
4249599,1
4249600,1
4249601,1
4249602,1
4249603,1
4249604,1
4249605,1
4249606,1
4249607,1
4249608,1
4249609,1
4249610,1
4249611,1
4249612,1
4249613,1
4249614,1
4249615,1
4249616,1
4249617,1
4249618,1
4249619,1
4249620,1
4249621,1
4249622,1
4249623,1
4249624,1
4249625,1
4249626,1
4249627,1
4249628,1
4249629,1
4249630,1
4249631,1
4249632,1
4249635,1
4249636,1
4249637,1
4249638,1
4249639,1
4249753,1
4249754,1
4249762,1
4249763,1
4250272,1
4250274,1
4252873,1
4252874,1
4252877,1
4252878,1
4252879,1
4252880,1
4252881,1
4253215,1
4253216,1
4253217,1
4253218,1
4253219,1
4253220,1
4253221,1
4253222,1
4253223,1
4253224,1
4253225,1
4253226,1
4253227,1
4253228,1
4253229,1
4253230,1
4253231,1
4253232,1
4253233,1
4253234,1
4253235,1
4253236,1
4253237,1
4253238,1
4253239,1
4253240,1
4253241,1
4253242,1
4253243,1
4253244,1
4253245,1
4253246,1
4253247,1
4253248,1
4253249,1
4253254,1
4253255,1
4253370,1
4253371,1
4253373,1
4253379,1
4253380,1
4253381,1
4253890,1
4253891,1
4256490,1
4256493,1
4256494,1
4256495,1
4256496,1
4256832,1
4256833,1
4256834,1
4256835,1
4256836,1
4256837,1
4256838,1
4256839,1
4256840,1
4256841,1
4256842,1
4256843,1
4256844,1
4256845,1
4256846,1
4256847,1
4256848,1
4256849,1
4256850,1
4256851,1
4256852,1
4256853,1
4256854,1
4256855,1
4256856,1
4256857,1
4256858,1
4256859,1
4256860,1
4256861,1
4256862,1
4256863,1
4256864,1
4256865,1
4256866,1
4256870,1
4256871,1
4256987,1
4256988,1
4256990,1
4256997,1
4256998,1
4260106,1
4260107,1
4260110,1
4260111,1
4260112,1
4260113,1
4260448,1
4260449,1
4260450,1
4260451,1
4260452,1
4260453,1
4260454,1
4260455,1
4260456,1
4260457,1
4260458,1
4260459,1
4260460,1
4260461,1
4260462,1
4260463,1
4260464,1
4260465,1
4260466,1
4260467,1
4260468,1
4260469,1
4260470,1
4260471,1
4260472,1
4260473,1
4260474,1
4260475,1
4260476,1
4260477,1
4260478,1
4260479,1
4260480,1
4260481,1
4260482,1
4260487,1
4260604,1
4260605,1
4260606,1
4260615,1
4263722,1
4263723,1
4263726,1
4263727,1
4263728,1
4263729,1
4264065,1
4264066,1
4264067,1
4264068,1
4264070,1
4264071,1
4264072,1
4264073,1
4264074,1
4264075,1
4264076,1
4264077,1
4264078,1
4264079,1
4264080,1
4264081,1
4264082,1
4264083,1
4264084,1
4264085,1
4264086,1
4264087,1
4264088,1
4264089,1
4264090,1
4264091,1
4264092,1
4264093,1
4264094,1
4264095,1
4264096,1
4264097,1
4264098,1
4264099,1
4264100,1
4264222,1
4264223,1
4264224,1
4264231,1
4264232,1
4267339,1
4267343,1
4267344,1
4267345,1
4267682,1
4267683,1
4267684,1
4267687,1
4267688,1
4267689,1
4267691,1
4267692,1
4267693,1
4267694,1
4267695,1
4267696,1
4267697,1
4267698,1
4267699,1
4267700,1
4267701,1
4267702,1
4267703,1
4267704,1
4267705,1
4267706,1
4267707,1
4267708,1
4267709,1
4267710,1
4267711,1
4267712,1
4267713,1
4267714,1
4267715,1
4267716,1
4267839,1
4267840,1
4267841,1
4267843,1
4267848,1
4267849,1
4267888,1
4267889,1
4270954,1
4270955,1
4270956,1
4270960,1
4270961,1
4271299,1
4271300,1
4271301,1
4271304,1
4271305,1
4271306,1
4271308,1
4271309,1
4271310,1
4271311,1
4271312,1
4271313,1
4271314,1
4271315,1
4271316,1
4271317,1
4271318,1
4271319,1
4271320,1
4271321,1
4271322,1
4271323,1
4271324,1
4271325,1
4271326,1
4271327,1
4271328,1
4271329,1
4271330,1
4271331,1
4271332,1
4271333,1
4271334,1
4271457,1
4271458,1
4271459,1
4271460,1
4271461,1
4271465,1
4271505,1
4271512,1
4272040,1
4272041,1
4272042,1
4274571,1
4274572,1
4274576,1
4274577,1
4274578,1
4274916,1
4274917,1
4274922,1
4274923,1
4274925,1
4274926,1
4274927,1
4274928,1
4274929,1
4274930,1
4274931,1
4274932,1
4274933,1
4274934,1
4274935,1
4274936,1
4274937,1
4274938,1
4274939,1
4274940,1
4274941,1
4274942,1
4274943,1
4274944,1
4274945,1
4274946,1
4274947,1
4274948,1
4274949,1
4274950,1
4275074,1
4275075,1
4275076,1
4275077,1
4275078,1
4275079,1
4275080,1
4275081,1
4275082,1
4275083,1
4275084,1
4275085,1
4275129,1
4275657,1
4275658,1
4278187,1
4278188,1
4278193,1
4278534,1
4278539,1
4278540,1
4278542,1
4278543,1
4278544,1
4278545,1
4278546,1
4278547,1
4278548,1
4278549,1
4278550,1
4278551,1
4278552,1
4278553,1
4278554,1
4278555,1
4278556,1
4278557,1
4278558,1
4278559,1
4278560,1
4278561,1
4278562,1
4278563,1
4278564,1
4278565,1
4278566,1
4278693,1
4278694,1
4278695,1
4278696,1
4278697,1
4278698,1
4278699,1
4278700,1
4278701,1
4278702,1
4279275,1
4279276,1
4281803,1
4281804,1
4282151,1
4282158,1
4282159,1
4282160,1
4282161,1
4282162,1
4282163,1
4282164,1
4282165,1
4282166,1
4282167,1
4282168,1
4282169,1
4282170,1
4282171,1
4282172,1
4282173,1
4282174,1
4282175,1
4282176,1
4282177,1
4282178,1
4282179,1
4282180,1
4282181,1
4282309,1
4282310,1
4282311,1
4282312,1
4282313,1
4282314,1
4282315,1
4282316,1
4282317,1
4282319,1
4282879,1
4282880,1
4285420,1
4285421,1
4285776,1
4285777,1
4285778,1
4285779,1
4285780,1
4285781,1
4285782,1
4285783,1
4285784,1
4285785,1
4285786,1
4285787,1
4285788,1
4285789,1
4285790,1
4285791,1
4285792,1
4285793,1
4285794,1
4285795,1
4285796,1
4285927,1
4285928,1
4285929,1
4285930,1
4285931,1
4285932,1
4285933,1
4285935,1
4285936,1
4289037,1
4289038,1
4289392,1
4289393,1
4289394,1
4289395,1
4289396,1
4289397,1
4289398,1
4289399,1
4289400,1
4289401,1
4289402,1
4289403,1
4289404,1
4289405,1
4289406,1
4289407,1
4289408,1
4289409,1
4289410,1
4289549,1
4289550,1
4289551,1
4289552,1
4292652,1
4292653,1
4292654,1
4292655,1
4293009,1
4293010,1
4293011,1
4293012,1
4293013,1
4293014,1
4293015,1
4293016,1
4293017,1
4293018,1
4293019,1
4293020,1
4293021,1
4293022,1
4293023,1
4293024,1
4293025,1
4293026,1
4293168,1
4293169,1
4296269,1
4296270,1
4296271,1
4296272,1
4296625,1
4296626,1
4296627,1
4296628,1
4296629,1
4296630,1
4296631,1
4296632,1
4296633,1
4296634,1
4296635,1
4296636,1
4296637,1
4296638,1
4296639,1
4296640,1
4296641,1
4299884,1
4299885,1
4299886,1
4299887,1
4299888,1
4300241,1
4300242,1
4300243,1
4300244,1
4300245,1
4300246,1
4300247,1
4300248,1
4300249,1
4300250,1
4300251,1
4300252,1
4300253,1
4300254,1
4300255,1
4300256,1
4300257,1
4303501,1
4303502,1
4303503,1
4303504,1
4303505,1
4303858,1
4303859,1
4303860,1
4303861,1
4303862,1
4303863,1
4303864,1
4303865,1
4303866,1
4303867,1
4303868,1
4303869,1
4303870,1
4303871,1
4303872,1
4303873,1
4303874,1
4307118,1
4307119,1
4307120,1
4307121,1
4307474,1
4307475,1
4307476,1
4307477,1
4307478,1
4307479,1
4307480,1
4307481,1
4307482,1
4307483,1
4307484,1
4307485,1
4307486,1
4307487,1
4307488,1
4307489,1
4310733,1
4310734,1
4310735,1
4310736,1
4310737,1
4310738,1
4311091,1
4311092,1
4311093,1
4311094,1
4311095,1
4311096,1
4311097,1
4311098,1
4311099,1
4311100,1
4311101,1
4311102,1
4311103,1
4311104,1
4311851,1
4311852,1
4311853,1
4314350,1
4314351,1
4314352,1
4314353,1
4314354,1
4314707,1
4314708,1
4314709,1
4314710,1
4314711,1
4314712,1
4314713,1
4314714,1
4314715,1
4314716,1
4314717,1
4314718,1
4314719,1
4314720,1
4315468,1
4315469,1
4315470,1
4317965,1
4317966,1
4317967,1
4317968,1
4317969,1
4317970,1
4317971,1
4318324,1
4318325,1
4318326,1
4318327,1
4318328,1
4318329,1
4318330,1
4318331,1
4318332,1
4318333,1
4318334,1
4318335,1
4318336,1
4318337,1
4321582,1
4321583,1
4321584,1
4321585,1
4321586,1
4321587,1
4321941,1
4321943,1
4321944,1
4321945,1
4321946,1
4321947,1
4321948,1
4321949,1
4321950,1
4321951,1
4321952,1
4321953,1
4321954,1
4325199,1
4325200,1
4325201,1
4325202,1
4325203,1
4325561,1
4325562,1
4325563,1
4325564,1
4325565,1
4325566,1
4325567,1
4325568,1
4325569,1
4325570,1
4325571,1
4328813,1
4328814,1
4328815,1
4328816,1
4328817,1
4328818,1
4328819,1
4329178,1
4329179,1
4329180,1
4329181,1
4329182,1
4329183,1
4329184,1
4329185,1
4329186,1
4329187,1
4332430,1
4332431,1
4332432,1
4332433,1
4332434,1
4332435,1
4332794,1
4332795,1
4332796,1
4332797,1
4332798,1
4332799,1
4332800,1
4332801,1
4332802,1
4332803,1
4332804,1
4332805,1
4336045,1
4336046,1
4336047,1
4336048,1
4336049,1
4336050,1
4336051,1
4336410,1
4336411,1
4336412,1
4336413,1
4336414,1
4336415,1
4336416,1
4336417,1
4336418,1
4336419,1
4336420,1
4336421,1
4336422,1
4336423,1
4339661,1
4339662,1
4339663,1
4339664,1
4339665,1
4339666,1
4339667,1
4340027,1
4340028,1
4340029,1
4340030,1
4340031,1
4340032,1
4340033,1
4340034,1
4340035,1
4340036,1
4340037,1
4340038,1
4340039,1
4343278,1
4343279,1
4343280,1
4343281,1
4343282,1
4343283,1
4343284,1
4343645,1
4343647,1
4343648,1
4343649,1
4343650,1
4343651,1
4343652,1
4343653,1
4343654,1
4343655,1
4343656,1
4343657,1
4343658,1
4343659,1
4346894,1
4346895,1
4346896,1
4346897,1
4346898,1
4346899,1
4346900,1
4347263,1
4347264,1
4347265,1
4347266,1
4347267,1
4347268,1
4347269,1
4347270,1
4347271,1
4347272,1
4347273,1
4347274,1
4347275,1
4350509,1
4350510,1
4350511,1
4350512,1
4350513,1
4350514,1
4350515,1
4350516,1
4350517,1
4350882,1
4350883,1
4350884,1
4350885,1
4350886,1
4350887,1
4350888,1
4350889,1
4350890,1
4350891,1
4350892,1
4354125,1
4354126,1
4354127,1
4354128,1
4354129,1
4354130,1
4354131,1
4354132,1
4354133,1
4354499,1
4354500,1
4354501,1
4354502,1
4354503,1
4354504,1
4354505,1
4354506,1
4354507,1
4354508,1
4354509,1
4354510,1
4357741,1
4357742,1
4357743,1
4357744,1
4357745,1
4357746,1
4357747,1
4357748,1
4357749,1
4357750,1
4358116,1
4358117,1
4358118,1
4358119,1
4358120,1
4358121,1
4358122,1
4358123,1
4358124,1
4358125,1
4358126,1
4358127,1
4361358,1
4361359,1
4361360,1
4361361,1
4361362,1
4361363,1
4361364,1
4361365,1
4361366,1
4361732,1
4361733,1
4361734,1
4361735,1
4361736,1
4361737,1
4361738,1
4361739,1
4361740,1
4361741,1
4361742,1
4361743,1
4361744,1
4364973,1
4364974,1
4364975,1
4364976,1
4364977,1
4364978,1
4364979,1
4364980,1
4364981,1
4364982,1
4364983,1
4365349,1
4365350,1
4365351,1
4365352,1
4365353,1
4365354,1
4365355,1
4365356,1
4365357,1
4365358,1
4365359,1
4365360,1
4365361,1
4365362,1
4368590,1
4368591,1
4368592,1
4368593,1
4368594,1
4368595,1
4368596,1
4368597,1
4368598,1
4368599,1
4368600,1
4368966,1
4368967,1
4368968,1
4368969,1
4368970,1
4368971,1
4368972,1
4368973,1
4368974,1
4368975,1
4368976,1
4368977,1
4368978,1
4368979,1
4372206,1
4372207,1
4372208,1
4372209,1
4372210,1
4372211,1
4372212,1
4372213,1
4372214,1
4372215,1
4372216,1
4372217,1
4372583,1
4372584,1
4372585,1
4372586,1
4372587,1
4372588,1
4372589,1
4372590,1
4372591,1
4372592,1
4372593,1
4372594,1
4372595,1
4375823,1
4375824,1
4375825,1
4375826,1
4375827,1
4375828,1
4375829,1
4375830,1
4375831,1
4375832,1
4375833,1
4375834,1
4376201,1
4376202,1
4376203,1
4376204,1
4376205,1
4376206,1
4376207,1
4376208,1
4376210,1
4376211,1
4376212,1
4379439,1
4379440,1
4379441,1
4379442,1
4379443,1
4379444,1
4379445,1
4379446,1
4379448,1
4379449,1
4379450,1
4379451,1
4379819,1
4379820,1
4379821,1
4379822,1
4379823,1
4379824,1
4379826,1
4379827,1
4379828,1
4383055,1
4383056,1
4383057,1
4383058,1
4383059,1
4383060,1
4383061,1
4383062,1
4383063,1
4383064,1
4383065,1
4383066,1
4383067,1
4383068,1
4383435,1
4383436,1
4383437,1
4383438,1
4383439,1
4383440,1
4383441,1
4383443,1
4383444,1
4383445,1
4383446,1
4386672,1
4386673,1
4386674,1
4386675,1
4386676,1
4386677,1
4386678,1
4386679,1
4386680,1
4386681,1
4386682,1
4386683,1
4386684,1
4387052,1
4387053,1
4387054,1
4387055,1
4387056,1
4387057,1
4387060,1
4387061,1
4387062,1
4387063,1
4390288,1
4390289,1
4390290,1
4390291,1
4390292,1
4390293,1
4390294,1
4390295,1
4390296,1
4390297,1
4390298,1
4390299,1
4390300,1
4390301,1
4390669,1
4390670,1
4390671,1
4390672,1
4390673,1
4390676,1
4390677,1
4390678,1
4390679,1
4393905,1
4393906,1
4393907,1
4393908,1
4393909,1
4393910,1
4393911,1
4393912,1
4393913,1
4393914,1
4393915,1
4393916,1
4393917,1
4393918,1
4393919,1
4394285,1
4394286,1
4394287,1
4394288,1
4394292,1
4394293,1
4394294,1
4394295,1
4394296,1
4397521,1
4397522,1
4397523,1
4397524,1
4397525,1
4397526,1
4397527,1
4397528,1
4397530,1
4397531,1
4397532,1
4397533,1
4397534,1
4397535,1
4397536,1
4397903,1
4397904,1
4397905,1
4397908,1
4397909,1
4397910,1
4397911,1
4397912,1
4401138,1
4401139,1
4401140,1
4401141,1
4401142,1
4401143,1
4401144,1
4401145,1
4401146,1
4401147,1
4401148,1
4401149,1
4401150,1
4401151,1
4401152,1
4401153,1
4401521,1
4401524,1
4401525,1
4401526,1
4401527,1
4401528,1
4404754,1
4404755,1
4404756,1
4404757,1
4404758,1
4404759,1
4404760,1
4404761,1
4404762,1
4404763,1
4404764,1
4404765,1
4404766,1
4404767,1
4404768,1
4404769,1
4404770,1
4405137,1
4405140,1
4405141,1
4405142,1
4405143,1
4405144,1
4405145,1
4408371,1
4408372,1
4408373,1
4408374,1
4408375,1
4408376,1
4408377,1
4408379,1
4408380,1
4408381,1
4408382,1
4408383,1
4408384,1
4408385,1
4408386,1
4408387,1
4408754,1
4408756,1
4408757,1
4408758,1
4408759,1
4408760,1
4408761,1
4408762,1
4411987,1
4411988,1
4411989,1
4411990,1
4411991,1
4411992,1
4411993,1
4411995,1
4411996,1
4411997,1
4411998,1
4412000,1
4412001,1
4412002,1
4412003,1
4412004,1
4412372,1
4412373,1
4412374,1
4412375,1
4412376,1
4412377,1
4412378,1
4415604,1
4415605,1
4415606,1
4415607,1
4415608,1
4415609,1
4415610,1
4415612,1
4415613,1
4415614,1
4415617,1
4415618,1
4415619,1
4415620,1
4415621,1
4415986,1
4415988,1
4415989,1
4415990,1
4415991,1
4415992,1
4415993,1
4415994,1
4415995,1
4419220,1
4419221,1
4419222,1
4419223,1
4419224,1
4419225,1
4419226,1
4419227,1
4419229,1
4419230,1
4419231,1
4419234,1
4419235,1
4419236,1
4419237,1
4419238,1
4419605,1
4419606,1
4419607,1
4419608,1
4419609,1
4419610,1
4419611,1
4422838,1
4422839,1
4422840,1
4422841,1
4422842,1
4422843,1
4422844,1
4422846,1
4422847,1
4422848,1
4422851,1
4422852,1
4422853,1
4422854,1
4422855,1
4423220,1
4423221,1
4423222,1
4423223,1
4423224,1
4423225,1
4423226,1
4423227,1
4423228,1
4426454,1
4426455,1
4426456,1
4426457,1
4426458,1
4426459,1
4426460,1
4426461,1
4426462,1
4426463,1
4426464,1
4426465,1
4426468,1
4426469,1
4426470,1
4426471,1
4426472,1
4426838,1
4426839,1
4426840,1
4426841,1
4426842,1
4426843,1
4426844,1
4430071,1
4430072,1
4430073,1
4430074,1
4430075,1
4430076,1
4430077,1
4430078,1
4430080,1
4430081,1
4430082,1
4430084,1
4430085,1
4430086,1
4430087,1
4430088,1
4430454,1
4430455,1
4430456,1
4430457,1
4430458,1
4430459,1
4430460,1
4433688,1
4433689,1
4433690,1
4433691,1
4433692,1
4433693,1
4433694,1
4433695,1
4433696,1
4433697,1
4433698,1
4433699,1
4433701,1
4433703,1
4433704,1
4433705,1
4434070,1
4434071,1
4434072,1
4434073,1
4434074,1
4434075,1
4434076,1
4434077,1
4437305,1
4437306,1
4437307,1
4437308,1
4437309,1
4437310,1
4437311,1
4437315,1
4437316,1
4437317,1
4437319,1
4437320,1
4437321,1
4437686,1
4437687,1
4437688,1
4437689,1
4437690,1
4437691,1
4437692,1
4437693,1
4440922,1
4440923,1
4440924,1
4440925,1
4440926,1
4440927,1
4440928,1
4440929,1
4440932,1
4440933,1
4440934,1
4440936,1
4440937,1
4440938,1
4441303,1
4441304,1
4441305,1
4441306,1
4441307,1
4441308,1
4441309,1
4444539,1
4444540,1
4444541,1
4444542,1
4444543,1
4444544,1
4444545,1
4444548,1
4444549,1
4444550,1
4444551,1
4444553,1
4444554,1
4444919,1
4444920,1
4444921,1
4444922,1
4444923,1
4444924,1
4444925,1
4444926,1
4448156,1
4448157,1
4448158,1
4448159,1
4448160,1
4448161,1
4448162,1
4448165,1
4448166,1
4448167,1
4448170,1
4448535,1
4448536,1
4448537,1
4448538,1
4448539,1
4448540,1
4448541,1
4448542,1
4451772,1
4451773,1
4451774,1
4451775,1
4451776,1
4451777,1
4451778,1
4451779,1
4451780,1
4451782,1
4451783,1
4451784,1
4452152,1
4452153,1
4452154,1
4452155,1
4452156,1
4452157,1
4455390,1
4455391,1
4455392,1
4455393,1
4455394,1
4455395,1
4455396,1
4455397,1
4455399,1
4455768,1
4455769,1
4455770,1
4455771,1
4455772,1
4455773,1
4459006,1
4459007,1
4459008,1
4459009,1
4459010,1
4459011,1
4459012,1
4459013,1
4459014,1
4459385,1
4459386,1
4459387,1
4459388,1
4459389,1
4462623,1
4462624,1
4462625,1
4462626,1
4462627,1
4462628,1
4462629,1
4462630,1
4462631,1
4463001,1
4463002,1
4463003,1
4463004,1
4463005,1
4463006,1
4466240,1
4466241,1
4466242,1
4466243,1
4466244,1
4466245,1
4466246,1
4466247,1
4466248,1
4466249,1
4466617,1
4466618,1
4466619,1
4466620,1
4466621,1
4466622,1
4469857,1
4469858,1
4469859,1
4469860,1
4469861,1
4469862,1
4469863,1
4469864,1
4469865,1
4469866,1
4470234,1
4470235,1
4470236,1
4470237,1
4470238,1
4473474,1
4473475,1
4473476,1
4473477,1
4473478,1
4473479,1
4473480,1
4473481,1
4473482,1
4473483,1
4473851,1
4473852,1
4473853,1
4473854,1
4473855,1
4477090,1
4477091,1
4477092,1
4477093,1
4477094,1
4477095,1
4477096,1
4477097,1
4477098,1
4477099,1
4477100,1
4477466,1
4477467,1
4477468,1
4477470,1
4477471,1
4477472,1
4480708,1
4480709,1
4480710,1
4480711,1
4480712,1
4480713,1
4480714,1
4480715,1
4480716,1
4480717,1
4481082,1
4481083,1
4481084,1
4481086,1
4481087,1
4481088,1
4484325,1
4484326,1
4484327,1
4484328,1
4484329,1
4484330,1
4484331,1
4484332,1
4484333,1
4484334,1
4484699,1
4484700,1
4484701,1
4484702,1
4484703,1
4484704,1
4487942,1
4487943,1
4487944,1
4487945,1
4487946,1
4487947,1
4487948,1
4487949,1
4487950,1
4487951,1
4488316,1
4488317,1
4488318,1
4488319,1
4488320,1
4488321,1
4491559,1
4491560,1
4491561,1
4491562,1
4491563,1
4491564,1
4491565,1
4491566,1
4491567,1
4491932,1
4491933,1
4491934,1
4491936,1
4491937,1
4495176,1
4495177,1
4495178,1
4495179,1
4495180,1
4495181,1
4495182,1
4495183,1
4495184,1
4495550,1
4495552,1
4495553,1
4495554,1
4498791,1
4498792,1
4498793,1
4498794,1
4498795,1
4498796,1
4498797,1
4498798,1
4498799,1
4498800,1
4498801,1
4499168,1
4499169,1
4499170,1
4499171,1
4502409,1
4502410,1
4502411,1
4502412,1
4502413,1
4502414,1
4502415,1
4502416,1
4502417,1
4502418,1
4502782,1
4502784,1
4502785,1
4502786,1
4502787,1
4506025,1
4506026,1
4506027,1
4506028,1
4506029,1
4506030,1
4506031,1
4506032,1
4506033,1
4506034,1
4506400,1
4506401,1
4506402,1
4506403,1
4509642,1
4509643,1
4509644,1
4509645,1
4509646,1
4509647,1
4509648,1
4509649,1
4509650,1
4510016,1
4510017,1
4510018,1
4510019,1
4510020,1
4513259,1
4513260,1
4513261,1
4513262,1
4513263,1
4513264,1
4513265,1
4513266,1
4513267,1
4513632,1
4513633,1
4513634,1
4513635,1
4513636,1
4516876,1
4516877,1
4516878,1
4516879,1
4516880,1
4516881,1
4516882,1
4516883,1
4516884,1
4517249,1
4517250,1
4517251,1
4517252,1
4520492,1
4520493,1
4520494,1
4520495,1
4520496,1
4520497,1
4520498,1
4520499,1
4520500,1
4520866,1
4520867,1
4520868,1
4524110,1
4524111,1
4524112,1
4524113,1
4524114,1
4524115,1
4524116,1
4524117,1
4524118,1
4524483,1
4524484,1
4524485,1
4527726,1
4527727,1
4527728,1
4527729,1
4527730,1
4527731,1
4527732,1
4527733,1
4527734,1
4527735,1
4528099,1
4528100,1
4528101,1
4531342,1
4531343,1
4531344,1
4531345,1
4531346,1
4531347,1
4531348,1
4531349,1
4531350,1
4531351,1
4531352,1
4531715,1
4531716,1
4531717,1
4534960,1
4534961,1
4534962,1
4534963,1
4534964,1
4534965,1
4534966,1
4534967,1
4534968,1
4534969,1
4535332,1
4535333,1
4535334,1
4538576,1
4538577,1
4538578,1
4538579,1
4538580,1
4538581,1
4538582,1
4538583,1
4538584,1
4538585,1
4538586,1
4538948,1
4538949,1
4538950,1
4542194,1
4542195,1
4542196,1
4542197,1
4542198,1
4542199,1
4542200,1
4542201,1
4542202,1
4542203,1
4542565,1
4542566,1
4545811,1
4545812,1
4545813,1
4545814,1
4545815,1
4545816,1
4545817,1
4545818,1
4545819,1
4545820,1
4546181,1
4546182,1
4549428,1
4549429,1
4549430,1
4549431,1
4549432,1
4549433,1
4549434,1
4549435,1
4549436,1
4549797,1
4549798,1
4549799,1
4553045,1
4553046,1
4553047,1
4553048,1
4553049,1
4553050,1
4553051,1
4553052,1
4553053,1
4553413,1
4553414,1
4553415,1
4556661,1
4556662,1
4556663,1
4556664,1
4556665,1
4556666,1
4556667,1
4556668,1
4556669,1
4556670,1
4557029,1
4557030,1
4557031,1
4560278,1
4560279,1
4560280,1
4560281,1
4560282,1
4560283,1
4560284,1
4560285,1
4560286,1
4560287,1
4560644,1
4560645,1
4560646,1
4560647,1
4560648,1
4563895,1
4563896,1
4563897,1
4563898,1
4563899,1
4563900,1
4563901,1
4563902,1
4563903,1
4563904,1
4564261,1
4564262,1
4564263,1
4564264,1
4567513,1
4567514,1
4567515,1
4567516,1
4567517,1
4567518,1
4567519,1
4567520,1
4567521,1
4567876,1
4567877,1
4567878,1
4567879,1
4567880,1
4571130,1
4571131,1
4571132,1
4571133,1
4571134,1
4571135,1
4571136,1
4571137,1
4571138,1
4571492,1
4571493,1
4571494,1
4571495,1
4571496,1
4574747,1
4574748,1
4574749,1
4574750,1
4574751,1
4574752,1
4574753,1
4574754,1
4575108,1
4575109,1
4575110,1
4575111,1
4575112,1
4575161,1
4578364,1
4578365,1
4578366,1
4578367,1
4578368,1
4578369,1
4578370,1
4578371,1
4578725,1
4578726,1
4578727,1
4578728,1
4578729,1
4578777,1
4578778,1
4581980,1
4581981,1
4581982,1
4581983,1
4581984,1
4581985,1
4581986,1
4581987,1
4582341,1
4582342,1
4582343,1
4582344,1
4582345,1
4585598,1
4585599,1
4585600,1
4585601,1
4585602,1
4585603,1
4585604,1
4585957,1
4585958,1
4585959,1
4585960,1
4585961,1
4589215,1
4589216,1
4589217,1
4589218,1
4589219,1
4589573,1
4589574,1
4589575,1
4589576,1
4589577,1
4592832,1
4593189,1
4593190,1
4593191,1
4593192,1
4596806,1
4596807,1
4596808,1
4600421,1
4600422,1
4600423,1
4600424,1
4604037,1
4604038,1
4604039,1
4604040,1
4607654,1
4607655,1
4607656,1
4611269,1
4611270,1
4611271,1
4614885,1
4614886,1
4614887,1
4614888,1
4618503,1
