cell_id,therm_prs
1966138,0
1967028,0
1967029,0
1967031,0
1969756,0
1970640,0
1970645,0
1970646,0
1970647,0
1970648,0
1970650,0
1973372,0
1973373,0
1973374,0
1974263,0
1974266,0
1974267,0
1976989,0
1976990,0
1976991,0
1977881,0
1977882,0
1977883,0
1977884,0
1980606,0
1980607,0
1980608,0
1981500,0
1981501,0
1984224,0
1984225,0
1984226,0
1985117,0
1985118,0
1987842,0
1987843,0
1987863,0
1988734,0
1988735,0
1991460,0
1991461,0
1991480,0
1992348,0
1995077,0
1995078,0
1995079,0
1995097,0
1995963,0
1995966,0
1995968,0
1998695,0
1998696,0
1998697,0
1998713,0
1998714,0
1999583,0
1999584,0
1999585,0
2002312,0
2002313,0
2002314,0
2002315,0
2002330,0
2002331,0
2003202,0
2005929,0
2005930,0
2005931,0
2005932,0
2005933,0
2005948,0
2009546,0
2009547,0
2009548,0
2009549,0
2009550,0
2009564,0
2009565,0
2010434,0
2010435,0
2010442,0
2010443,0
2013164,0
2013165,0
2013166,0
2013167,0
2013181,0
2013182,0
2014052,0
2014053,0
2014059,0
2014060,0
2016782,0
2016783,0
2016784,0
2016785,0
2016799,0
2017670,0
2017677,0
2017678,0
2017679,0
2020399,0
2020400,0
2020401,0
2020402,0
2020415,0
2020416,0
2021294,0
2021295,0
2021296,0
2024017,0
2024018,0
2024019,0
2024032,0
2024033,0
2024904,0
2024910,0
2024911,0
2024912,0
2024913,0
2027635,0
2027636,0
2027637,0
2027649,0
2027650,0
2028520,0
2028521,0
2028526,0
2028527,0
2028528,0
2028530,0
2028531,0
2031253,0
2031254,0
2031255,0
2031266,0
2031267,0
2032142,0
2032143,0
2032144,0
2032147,0
2032148,0
2032149,0
2032150,0
2032151,0
2034870,0
2034871,0
2034872,0
2034873,0
2034882,0
2034883,0
2034884,0
2035759,0
2035760,0
2035764,0
2035765,0
2035766,0
2035768,0
2038488,0
2038489,0
2038490,0
2038491,0
2038500,0
2038501,0
2039376,0
2039377,0
2039378,0
2039380,0
2039381,0
2039382,0
2039383,0
2039384,0
2039385,0
2042106,0
2042107,0
2042108,0
2042109,0
2042117,0
2042994,0
2042995,0
2042996,0
2042997,0
2042998,0
2043002,0
2043003,0
2045724,0
2045725,0
2045726,0
2045727,0
2045734,0
2045735,0
2045736,0
2045737,0
2045738,0
2045739,0
2045740,0
2046611,0
2046612,0
2046613,0
2046614,0
2046615,0
2049343,0
2049344,0
2049345,0
2049351,0
2049353,0
2049354,0
2049355,0
2049356,0
2049357,0
2049358,0
2050228,0
2050229,0
2050230,0
2050231,0
2052960,0
2052961,0
2052962,0
2052963,0
2052967,0
2052968,0
2052969,0
2052970,0
2052971,0
2052972,0
2052973,0
2052974,0
2052975,0
2052976,0
2053837,0
2053838,0
2053839,0
2053840,0
2053843,0
2053844,0
2053846,0
2053847,0
2056578,0
2056579,0
2056580,0
2056581,0
2056584,0
2056592,0
2056593,0
2057456,0
2057457,0
2057462,0
2057464,0
2057465,0
2060194,0
2060195,0
2060196,0
2060197,0
2060198,0
2060199,0
2060200,0
2060201,0
2060209,0
2060210,0
2060211,0
2061079,0
2061080,0
2061082,0
2063811,0
2063812,0
2063813,0
2063814,0
2063815,0
2063826,0
2063827,0
2063828,0
2063829,0
2064697,0
2064698,0
2064699,0
2067429,0
2067430,0
2067431,0
2067432,0
2067433,0
2067444,0
2067445,0
2067446,0
2068316,0
2071047,0
2071048,0
2071049,0
2071050,0
2071051,0
2071063,0
2071064,0
2071929,0
2071930,0
2071931,0
2071932,0
2074664,0
2074665,0
2074666,0
2074667,0
2074680,0
2074681,0
2074682,0
2075546,0
2075549,0
2078282,0
2078283,0
2078284,0
2078298,0
2078299,0
2078300,0
2079164,0
2079165,0
2081900,0
2081901,0
2081916,0
2081917,0
2082778,0
2085517,0
2085518,0
2085519,0
2085534,0
2085535,0
2086394,0
2086395,0
2086396,0
2086399,0
2086400,0
2089135,0
2089151,0
2089152,0
2090011,0
2090013,0
2090015,0
2090016,0
2090017,0
2092752,0
2092753,0
2092769,0
2092770,0
2093628,0
2093629,0
2093630,0
2093632,0
2093633,0
2093634,0
2093635,0
2096370,0
2096386,0
2096387,0
2096388,0
2097246,0
2097247,0
2097248,0
2097249,0
2097250,0
2097251,0
2099987,0
2099988,0
2100004,0
2100005,0
2100006,0
2100862,0
2100863,0
2100864,0
2100865,0
2100866,0
2100867,0
2100869,0
2103604,0
2103605,0
2103621,0
2103622,0
2103623,0
2103624,0
2104475,0
2104479,0
2104480,0
2104481,0
2104483,0
2104486,0
2104487,0
2107222,0
2107238,0
2107239,0
2107240,0
2107241,0
2108092,0
2108093,0
2108094,0
2108097,0
2108098,0
2108099,0
2108102,0
2108103,0
2108104,0
2110839,0
2110840,0
2110848,0
2110855,0
2110856,0
2110857,0
2110858,0
2110859,0
2111684,0
2111685,0
2111686,0
2111687,0
2111688,0
2111689,0
2111690,0
2111707,0
2111709,0
2111710,0
2111711,0
2111716,0
2111717,0
2111719,0
2111720,0
2111721,0
2114457,0
2114458,0
2114474,0
2114475,0
2114476,0
2114477,0
2115299,0
2115300,0
2115301,0
2115302,0
2115303,0
2115304,0
2115305,0
2115306,0
2115323,0
2115324,0
2115325,0
2115332,0
2115333,0
2115334,0
2115335,0
2115336,0
2115337,0
2118074,0
2118075,0
2118080,0
2118094,0
2118913,0
2118914,0
2118915,0
2118916,0
2118917,0
2118918,0
2118919,0
2118920,0
2118921,0
2118922,0
2118940,0
2118942,0
2118943,0
2118944,0
2118945,0
2118946,0
2118948,0
2118949,0
2118950,0
2118952,0
2118953,0
2121692,0
2121698,0
2121711,0
2121712,0
2122528,0
2122529,0
2122530,0
2122531,0
2122532,0
2122533,0
2122534,0
2122535,0
2122536,0
2122537,0
2122538,0
2122539,0
2122557,0
2122558,0
2122559,0
2122560,0
2122561,0
2122562,0
2122563,0
2122564,0
2122565,0
2122566,0
2122567,0
2122569,0
2122570,0
2122571,0
2125309,0
2125310,0
2125329,0
2125330,0
2126143,0
2126144,0
2126145,0
2126146,0
2126147,0
2126148,0
2126149,0
2126150,0
2126151,0
2126152,0
2126153,0
2126154,0
2126155,0
2126156,0
2126180,0
2126182,0
2126183,0
2126184,0
2126186,0
2126187,0
2126188,0
2128927,0
2128946,0
2128947,0
2129759,0
2129760,0
2129761,0
2129762,0
2129763,0
2129764,0
2129765,0
2129766,0
2129767,0
2129768,0
2129769,0
2129770,0
2129771,0
2129772,0
2129773,0
2129774,0
2129797,0
2129798,0
2129799,0
2129800,0
2129801,0
2129802,0
2129803,0
2129804,0
2129805,0
2132545,0
2132563,0
2132564,0
2132565,0
2132566,0
2133374,0
2133375,0
2133376,0
2133377,0
2133378,0
2133379,0
2133380,0
2133381,0
2133382,0
2133383,0
2133384,0
2133385,0
2133386,0
2133387,0
2133388,0
2133389,0
2133390,0
2133391,0
2133415,0
2133416,0
2133417,0
2133418,0
2133419,0
2133420,0
2133421,0
2133422,0
2136162,0
2136163,0
2136180,0
2136181,0
2136182,0
2136183,0
2136990,0
2136991,0
2136992,0
2136993,0
2136994,0
2136995,0
2136996,0
2136997,0
2136998,0
2136999,0
2137000,0
2137001,0
2137002,0
2137003,0
2137004,0
2137005,0
2137006,0
2137007,0
2137008,0
2137009,0
2137032,0
2137033,0
2137034,0
2137036,0
2137037,0
2139780,0
2139797,0
2139798,0
2139799,0
2139800,0
2140607,0
2140608,0
2140609,0
2140610,0
2140611,0
2140612,0
2140613,0
2140614,0
2140615,0
2140616,0
2140617,0
2140618,0
2140619,0
2140620,0
2140621,0
2140622,0
2140624,0
2140625,0
2140626,0
2140645,0
2140646,0
2140651,0
2143398,0
2143415,0
2143416,0
2143417,0
2143418,0
2144223,0
2144224,0
2144225,0
2144226,0
2144227,0
2144228,0
2144229,0
2144230,0
2144231,0
2144232,0
2144233,0
2144234,0
2144235,0
2144236,0
2144237,0
2144238,0
2144239,0
2144264,0
2147016,0
2147033,0
2147034,0
2147035,0
2147036,0
2147839,0
2147840,0
2147841,0
2147842,0
2147843,0
2147844,0
2147848,0
2147850,0
2147851,0
2147852,0
2147876,0
2147881,0
2150633,0
2150650,0
2150652,0
2150653,0
2150654,0
2151455,0
2151456,0
2151457,0
2151458,0
2151490,0
2151494,0
2151495,0
2151499,0
2154251,0
2154267,0
2154268,0
2154269,0
2154271,0
2154272,0
2155072,0
2155073,0
2155074,0
2155075,0
2155076,0
2155108,0
2155116,0
2157868,0
2157885,0
2157886,0
2157887,0
2157888,0
2157889,0
2157890,0
2158688,0
2158689,0
2158690,0
2158691,0
2158724,0
2158725,0
2158726,0
2158727,0
2158728,0
2158734,0
2161486,0
2161503,0
2161504,0
2161505,0
2161506,0
2161507,0
2162305,0
2162306,0
2162307,0
2162308,0
2162342,0
2162343,0
2162344,0
2162345,0
2165103,0
2165104,0
2165121,0
2165122,0
2165123,0
2165124,0
2165125,0
2165922,0
2165923,0
2165924,0
2165925,0
2165926,0
2165959,0
2165960,0
2165961,0
2165962,0
2165963,0
2168721,0
2168739,0
2168740,0
2168741,0
2168742,0
2169539,0
2169540,0
2169541,0
2169542,0
2169543,0
2169544,0
2169573,0
2169574,0
2169578,0
2169579,0
2169580,0
2169581,0
2172338,0
2172339,0
2172355,0
2172356,0
2172357,0
2172358,0
2172359,0
2172360,0
2173159,0
2173160,0
2173189,0
2173190,0
2173191,0
2173192,0
2173195,0
2173196,0
2173197,0
2175956,0
2175957,0
2175973,0
2175974,0
2175975,0
2175976,0
2175977,0
2176777,0
2176778,0
2176806,0
2176807,0
2176808,0
2176809,0
2176810,0
2176813,0
2176814,0
2176815,0
2179574,0
2179575,0
2179590,0
2179591,0
2179592,0
2179593,0
2179594,0
2180393,0
2180394,0
2180419,0
2180424,0
2180425,0
2180426,0
2180427,0
2180428,0
2180431,0
2180432,0
2183191,0
2183192,0
2183209,0
2183210,0
2184010,0
2184037,0
2184038,0
2184041,0
2184042,0
2184043,0
2184044,0
2184045,0
2184046,0
2184050,0
2186809,0
2186810,0
2186826,0
2186827,0
2186828,0
2187628,0
2187629,0
2187630,0
2187654,0
2187655,0
2187656,0
2187657,0
2187658,0
2187659,0
2187660,0
2187662,0
2187663,0
2190426,0
2190427,0
2190428,0
2190444,0
2190445,0
2190446,0
2191245,0
2191246,0
2191247,0
2191248,0
2191249,0
2191250,0
2191268,0
2191269,0
2191271,0
2191272,0
2191273,0
2191274,0
2191275,0
2191276,0
2191277,0
2191278,0
2191279,0
2191280,0
2194044,0
2194045,0
2194046,0
2194061,0
2194062,0
2194063,0
2194064,0
2194863,0
2194864,0
2194866,0
2194867,0
2194884,0
2194885,0
2194887,0
2194889,0
2194890,0
2194891,0
2194892,0
2194893,0
2194894,0
2197661,0
2197662,0
2197663,0
2197678,0
2197679,0
2197680,0
2197681,0
2198480,0
2198481,0
2198482,0
2198484,0
2198485,0
2198490,0
2198491,0
2198492,0
2198501,0
2198502,0
2198503,0
2198504,0
2198505,0
2198506,0
2198507,0
2198508,0
2198509,0
2198510,0
2198511,0
2201279,0
2201280,0
2201293,0
2201296,0
2201297,0
2201298,0
2202097,0
2202098,0
2202107,0
2202108,0
2202109,0
2202110,0
2202115,0
2202116,0
2202117,0
2202118,0
2202121,0
2202122,0
2202125,0
2202126,0
2202127,0
2204897,0
2204898,0
2204899,0
2204909,0
2204910,0
2204911,0
2204914,0
2204915,0
2204916,0
2205715,0
2205732,0
2205733,0
2205735,0
2205736,0
2205738,0
2205739,0
2208515,0
2208516,0
2208517,0
2208533,0
2208534,0
2208536,0
2209332,0
2209345,0
2209346,0
2209348,0
2209349,0
2209350,0
2209351,0
2209352,0
2209353,0
2209354,0
2209355,0
2212132,0
2212133,0
2212134,0
2212135,0
2212152,0
2212153,0
2212154,0
2212949,0
2212962,0
2212965,0
2212966,0
2212967,0
2212968,0
2212969,0
2212970,0
2215751,0
2215752,0
2215770,0
2215771,0
2215772,0
2215773,0
2216566,0
2216581,0
2216584,0
2216585,0
2216586,0
2219368,0
2219369,0
2219370,0
2219387,0
2219388,0
2219389,0
2219390,0
2219391,0
2220183,0
2220184,0
2220198,0
2220202,0
2220203,0
2220204,0
2222984,0
2222985,0
2222986,0
2222987,0
2223006,0
2223007,0
2223008,0
2223009,0
2223010,0
2223800,0
2223801,0
2226601,0
2226602,0
2226603,0
2226604,0
2226623,0
2226624,0
2226625,0
2226626,0
2226627,0
2226628,0
2227418,0
2230218,0
2230219,0
2230220,0
2230221,0
2230241,0
2230242,0
2230244,0
2230245,0
2230246,0
2231035,0
2233836,0
2233837,0
2233838,0
2233841,0
2233842,0
2233859,0
2233861,0
2233862,0
2233863,0
2234652,0
2237453,0
2237454,0
2237455,0
2237456,0
2237458,0
2237459,0
2237460,0
2237478,0
2237479,0
2237480,0
2237481,0
2238270,0
2241070,0
2241071,0
2241072,0
2241073,0
2241074,0
2241096,0
2241097,0
2241098,0
2241099,0
2241887,0
2244687,0
2244688,0
2244689,0
2244690,0
2244691,0
2244692,0
2244714,0
2244715,0
2244716,0
2245504,0
2248305,0
2248306,0
2248307,0
2248308,0
2248309,0
2248333,0
2249121,0
2249122,0
2251922,0
2251923,0
2251924,0
2251925,0
2251950,0
2251951,0
2252738,0
2252739,0
2255539,0
2255540,0
2255541,0
2255542,0
2255568,0
2256356,0
2259157,0
2259158,0
2259160,0
2259161,0
2259184,0
2259185,0
2259186,0
2259973,0
2262774,0
2262775,0
2262776,0
2262777,0
2262778,0
2262779,0
2262780,0
2262801,0
2262802,0
2262803,0
2263590,0
2266392,0
2266393,0
2266394,0
2266395,0
2266396,0
2266397,0
2266418,0
2266419,0
2266420,0
2266421,0
2267195,0
2267207,0
2267208,0
2270010,0
2270011,0
2270012,0
2270013,0
2270014,0
2270036,0
2270037,0
2270038,0
2270811,0
2270812,0
2270813,0
2270823,0
2270824,0
2273627,0
2273628,0
2273629,0
2273630,0
2273631,0
2273632,0
2273655,0
2273656,0
2274429,0
2274430,0
2274431,0
2274441,0
2274443,0
2274444,0
2277247,0
2277248,0
2277249,0
2277250,0
2277251,0
2277273,0
2277274,0
2278046,0
2278047,0
2278048,0
2278057,0
2278060,0
2278061,0
2280866,0
2280867,0
2280868,0
2280890,0
2280891,0
2281665,0
2281666,0
2281674,0
2281677,0
2281678,0
2284483,0
2284484,0
2284485,0
2284486,0
2284507,0
2284508,0
2284509,0
2285283,0
2285284,0
2285291,0
2288101,0
2288102,0
2288103,0
2288124,0
2288125,0
2288126,0
2288901,0
2288902,0
2288903,0
2288908,0
2291719,0
2291720,0
2291721,0
2291741,0
2291742,0
2291743,0
2292519,0
2292520,0
2292521,0
2292525,0
2295337,0
2295338,0
2295339,0
2295358,0
2295359,0
2295360,0
2296137,0
2296138,0
2296139,0
2296143,0
2298955,0
2298956,0
2298957,0
2298975,0
2298976,0
2298977,0
2299756,0
2299757,0
2299760,0
2302574,0
2302592,0
2302593,0
2302594,0
2303374,0
2303375,0
2303377,0
2303378,0
2303382,0
2303383,0
2303384,0
2306191,0
2306192,0
2306209,0
2306210,0
2306211,0
2306992,0
2306995,0
2306999,0
2307000,0
2307002,0
2309808,0
2309809,0
2309810,0
2309826,0
2309827,0
2309828,0
2310609,0
2310610,0
2310611,0
2310612,0
2310618,0
2310619,0
2313426,0
2313427,0
2313443,0
2313444,0
2313445,0
2314227,0
2314228,0
2314229,0
2317043,0
2317044,0
2317060,0
2317061,0
2317062,0
2317063,0
2317845,0
2317846,0
2317853,0
2317854,0
2320660,0
2320661,0
2320662,0
2320665,0
2320677,0
2320678,0
2320679,0
2320680,0
2321470,0
2321471,0
2324277,0
2324278,0
2324279,0
2324297,0
2325088,0
2325089,0
2327895,0
2327896,0
2327898,0
2327899,0
2327914,0
2327915,0
2331513,0
2331515,0
2331516,0
2331531,0
2331532,0
2335130,0
2335131,0
2335133,0
2335149,0
2338748,0
2338749,0
2338750,0
2338766,0
2339550,0
2339551,0
2339552,0
2342366,0
2342367,0
2342382,0.00298
2342383,0
2342384,0
2343168,0
2343169,0
2343178,0
2343179,0
2345982,0
2345984,0
2345985,0
2345999,0.01193
2346000,0.00429
2346001,0
2346795,0
2346796,0
2346797,0
2349599,0
2349600,0
2349601,0
2349602,0
2349618,0
2349619,0
2350412,0
2350413,0
2350414,0
2353217,0
2353218,0
2353219,0
2353235,0.01585
2353236,0
2353237,0
2354030,0
2354031,0
2356834,0
2356835,0
2356836,0
2356852,0.03211
2356853,0.02241
2356854,0.0125
2357647,0
2357648,0
2360451,0
2360452,0
2360453,0
2360470,0.03509
2360471,0.02648
2360472,0.01281
2361264,0
2361265,0
2361266,0
2364068,0
2364069,0
2364070,0
2364089,0.02864
2364090,0.02804
2364881,0
2364882,0
2364883,0
2367686,0
2367707,0.04323
2371303,0
2371304,0
2371324,0.05817
2371325,0.05428
2372118,0
2372119,0
2374920,0
2374921,0
2374942,0.06484
2374943,0.05947
2375734,0
2375735,0
2375736,0
2378537,0
2378538,0
2378558,0.07678
2378559,0.07453
2378560,0.07032
2378561,0.0718
2379351,0
2379352,0
2379353,0
2382154,0
2382155,0
2382175,0.08323
2382176,0.08389
2382177,0.08189
2382178,0.08181
2382179,0.06814
2382181,0
2382968,0
2382969,0
2382970,0
2385771,0
2385772,0
2385785,0.04173
2385796,0.09384
2385797,0.07342
2385798,0.04863
2385799,0.08162
2389388,0
2389389,0
2389412,0.10621
2389413,0.10868
2389414,0.11273
2389415,0.11948
2389416,0.13028
2389417,0.15543
2390203,0
2390204,0
2393005,0
2393006,0
2393029,0.11142
2393030,0.11298
2393031,0.11813
2393032,0.13011
2393033,0.14163
2393034,0.16151
2393035,0.18009
2393036,0.18954
2393820,0
2393821,0
2396623,0
2396624,0
2396641,0.07854
2396648,0.1175
2396649,0.1245
2396650,0.13764
2396651,0.16012
2396652,0.18442
2396653,0.19894
2396654,0.20822
2397441,0
2400240,0
2400241,0
2400265,0.11944
2400266,0.12586
2400267,0.14027
2400268,0.16118
2400269,0.18408
2400270,0.20372
2400271,0.21466
2403857,0
2403858,0
2403859,0.01013
2403882,0.12168
2403883,0.12851
2403884,0.13925
2403885,0.161
2403886,0.18319
2403887,0.20483
2403888,0.21848
2403889,0.1971
2403890,0.07132
2404669,0
2407474,0
2407475,0
2407501,0.13903
2407502,0.15662
2407503,0.1772
2407504,0.19518
2407505,0.21569
2407506,0.20216
2407507,0.07828
2407508,0
2408287,0
2408292,0
2411091,0
2411092,0
2411093,0.01194
2411117,0.12637
2411118,0.13651
2411119,0.15327
2411120,0.1727
2411121,0.18962
2411122,0.20889
2411123,0.20675
2411124,0.11563
2411125,0
2411908,0
2411909,0
2411910,0
2414709,0
2414710,0.01098
2414734,0.12699
2414735,0.13565
2414736,0.14932
2414737,0.1665
2414738,0.18255
2414739,0.20187
2414740,0.21539
2414741,0.15357
2414742,0.02618
2414743,0
2415525,0
2415526,0
2415527,0
2418326,0
2418327,0.00689
2418330,0.02095
2418332,0.02753
2418351,0.12603
2418352,0.1318
2418353,0.14356
2418354,0.16346
2418355,0.17889
2418356,0.19441
2418357,0.21713
2418358,0.21456
2418359,0.17212
2418360,0.12832
2419138,0
2419139,0
2419140,0
2419143,0
2419144,0
2419145,0
2421943,0
2421944,0.00719
2421945,0.0105
2421948,0.02347
2421949,0.02577
2421950,0.03057
2421968,0.12756
2421969,0.13099
2421970,0.141
2421971,0.15477
2421972,0.17188
2421973,0.18863
2421974,0.20917
2421975,0.23021
2421976,0.24265
2421977,0.22533
2421978,0.16559
2422755,0
2422758,0
2425561,0.00994
2425562,0.01187
2425563,0.01377
2425564,0.01929
2425565,0.02053
2425566,0.02071
2425567,0.03053
2425568,0.041
2425585,0.13139
2425586,0.13413
2425587,0.14119
2425588,0.15338
2425589,0.17039
2425590,0.18519
2425591,0.20356
2425592,0.22338
2425593,0.24441
2425594,0.24857
2425595,0.19071
2425596,0.14622
2426372,0
2426373,0
2426375,0
2429178,0.00583
2429179,0.00833
2429180,0.012070000000000001
2429181,0.01565
2429182,0.01499
2429183,0.01673
2429203,0.13813
2429204,0.14031
2429205,0.15031
2429206,0.16688
2429207,0.18299
2429208,0.19978
2429209,0.2188
2429210,0.23838
2429211,0.25435
2429212,0.24333
2429213,0.21474
2429988,0
2429989,0
2429990,0
2429991,0
2429992,0
2432795,0
2432796,0
2432797,2.5e-4
2432798,0.00458
2432799,0.00575
2432800,0.01395
2432801,0.0243
2432802,0.03555
2432803,0.0463
2432821,0.14164
2432822,0.14934
2432823,0.16093
2432824,0.17714
2432825,0.19122
2432826,0.20871
2432827,0.2298
2432828,0.25318
2432829,0.26722
2432830,0.2707
2433605,0
2433606,0
2433607,0
2433611,0
2433612,0
2433613,0
2436413,0
2436414,0
2436415,0
2436416,0.00463
2436417,0.01481
2436418,0.02312
2436419,0.0337
2436420,0.04285
2436438,0.14413
2436439,0.14817
2436440,0.159
2436441,0.172
2436442,0.18805
2436443,0.2041
2436444,0.22675
2436445,0.25049
2436446,0.26893
2436447,0.2758
2436448,0.27695
2437223,0
2437224,0
2437229,0
2437230,0
2437231,0
2437232,0
2440030,0
2440031,0
2440032,0
2440033,0.00728
2440034,0.01546
2440035,0.01892
2440036,0.02825
2440037,0.03752
2440038,0.04912
2440039,0.0641
2440040,0.07109
2440055,0.14594
2440056,0.15096
2440057,0.15974
2440058,0.16691
2440059,0.17842
2440060,0.1949
2440061,0.21736
2440062,0.24626
2440063,0.26726
2440064,0.27461
2440065,0.27864
2440840,0
2440841,0
2440842,0
2440843,0
2440844,0
2440847,0
2440849,0
2443647,0
2443648,0
2443649,0
2443650,0
2443651,0.00484
2443652,0.01175
2443653,0.01689
2443654,0.03039
2443655,0.0488
2443656,0.06642
2443657,0.07152
2443658,0.08174
2443659,0.08984
2443673,0.14869
2443674,0.15617
2443675,0.16405
2443676,0.17747
2443677,0.19305
2443678,0.21303
2443679,0.23835
2443680,0.26224
2443681,0.27596
2443682,0.27644
2443683,0.27928
2444458,0
2444461,0
2444464,0
2444465,0
2444466,0
2447265,0
2447266,0
2447267,0
2447268,0
2447269,0
2447270,0.00549
2447271,0.02471
2447272,0.04171
2447273,0.06318
2447274,0.07284
2447275,0.08595
2447276,0.09209
2447277,0.09436
2447280,0.10739
2447291,0.1552
2447292,0.16274
2447293,0.17275
2447294,0.18702
2447295,0.20511
2447296,0.22992
2447297,0.25554
2447298,0.27761
2447299,0.28054
2447300,0.28082
2447811,0
2447812,0
2447813,0
2447814,0
2448075,0
2448076,0
2448077,0
2448081,0
2448082,0
2450884,0
2450885,0
2450886,0.00466
2450887,0.01402
2450888,0.0303
2450889,0.04668
2450890,0.06003
2450891,0.0721
2450892,0.08353
2450893,0.09114
2450894,0.0944
2450895,0.09771
2450898,0.11497
2450909,0.16239
2450910,0.17341
2450911,0.18965
2450912,0.20389
2450913,0.22257
2450914,0.24413
2450915,0.2666
2450916,0.27654
2450917,0.27935
2451427,0
2451428,0
2451429,0
2451430,0
2451431,0
2451688,0
2451689,0
2451690,0
2451691,0
2451692,0
2451693,0
2451694,0
2451702,0
2451703,0
2454502,0
2454503,0
2454504,1.5e-4
2454505,0.0202
2454506,0.04205
2454507,0.05624
2454508,0.07139
2454509,0.0863
2454510,0.09206
2454511,0.09548
2454512,0.09845
2454513,0.10569
2454526,0.15932
2454527,0.16899
2454528,0.18105
2454529,0.19766
2454530,0.21773
2454531,0.23813
2454532,0.25567
2454533,0.25914
2454534,0.26989
2454535,0.2633
2455043,0
2455044,0
2455045,0
2455046,0
2455047,0
2455048,0
2455304,0
2455305,0
2455306,0
2455308,0
2455311,0
2455312,0
2455313,0
2455316,0
2455317,0
2455318,0
2455319,0
2455320,0
2458121,0
2458122,0.02037
2458123,0.04319
2458124,0.0575
2458125,0.07113
2458126,0.08813
2458127,0.09489
2458128,0.09741
2458129,0.09934
2458130,0.1057
2458143,0.16048
2458144,0.16801
2458145,0.17672
2458146,0.1948
2458147,0.21167
2458148,0.23112
2458149,0.25056
2458150,0.25904
2458151,0.26955
2458152,0.26466
2458153,0.25676
2458660,0
2458661,0
2458662,0
2458663,0
2458664,0
2458665,0
2458666,0
2458921,0
2458929,0
2458930,0
2458931,0
2458934,0
2458935,0
2458936,0
2458937,0
2458938,0
2461739,0.00986
2461740,0.03411
2461741,0.05318
2461742,0.06942
2461743,0.08664
2461745,0.09423
2461746,0.09452
2461747,0.10339
2461761,0.16539
2461762,0.17452
2461763,0.18995
2461764,0.20637
2461765,0.22604
2461766,0.24627
2461767,0.26212
2461768,0.26965
2461769,0.26973
2461770,0.26986
2461771,0.26645
2462277,0
2462278,0
2462279,0
2462280,0
2462281,0
2462282,0
2462283,0
2462284,0
2462538,0
2462548,0
2462549,0
2462550,0
2462551,0
2462552,0
2462553,0
2462556,0
2465356,0
2465357,0
2465358,0.00789
2465359,0.03812
2465360,0.07056
2465361,0.08971
2465362,0.09321
2465363,0.09401
2465364,0.10247
2465380,0.18612
2465381,0.19942
2465382,0.21719
2465383,0.23835
2465384,0.25566
2465385,0.26376
2465386,0.26767
2465387,0.27153
2465388,0.2707
2465894,0
2465895,0
2465896,0
2465897,0
2465898,0
2465899,0
2465900,0
2465901,0
2465902,0
2466156,0
2466167,0
2466168,0
2466169,0
2466170,0
2466174,0
2468973,0
2468974,0
2468975,0
2468976,0
2468977,0.02333
2468978,0.08007
2468979,0.09302
2468980,0.09361
2468981,0.10578
2468997,0.18073
2468998,0.19395
2468999,0.2118
2469000,0.23299
2469001,0.24516
2469002,0.25124
2469003,0.26003
2469004,0.26926
2469005,0.27112000000000003
2469006,0.26508
2469512,0
2469513,0
2469514,0
2469515,0
2469516,0
2469517,0
2469518,0
2469772,0
2469773,0
2469787,0
2469791,0
2469792,0
2472592,0
2472593,0
2472594,0
2472595,0.06709
2472596,0.094
2472614,0.17458
2472615,0.18549
2472616,0.19952
2472617,0.22055
2472618,0.23337
2472619,0.24169
2472620,0.25387
2472621,0.26693
2472622,0.27198
2472623,0.2679
2473130,0
2473131,0
2473132,0
2473133,0
2473134,0
2473135,0
2473136,0
2473390,0
2473408,0
2476211,0
2476212,0.0259
2476213,0.07511
2476231,0.16818
2476232,0.1768
2476233,0.18999
2476234,0.20597
2476235,0.22189
2476236,0.23413
2476237,0.24812
2476238,0.26109
2476239,0.26715
2476240,0.26761
2476748,0
2476749,0
2476750,0
2476751,0
2476752,0
2476753,0
2476754,0
2477007,0
2477024,0
2477025,0
2479829,0
2479830,0.00543
2479831,0.0631
2479849,0.1695
2479850,0.18259
2479851,0.19582
2479852,0.21215
2479853,0.22574
2479854,0.23977
2479855,0.25247000000000003
2479856,0.26042
2479857,0.26206
2479858,0.25919
2480365,0
2480366,0
2480367,0
2480368,0
2480369,0
2480370,0
2480371,0
2480372,0
2480624,0
2480642,0
2483447,0
2483448,0.02055
2483466,0.16796
2483467,0.17902
2483468,0.18886
2483469,0.20231
2483470,0.21564
2483471,0.23035
2483472,0.24332
2483473,0.25209
2483474,0.25549
2483475,0.25766
2483476,0.24444
2483983,0
2483984,0
2483985,0
2483986,0
2483987,0
2483988,0
2483989,0
2484241,0
2484259,0
2487064,0
2487065,0
2487066,0.08975
2487067,0.11953
2487083,0.16603
2487084,0.17434
2487085,0.18259
2487086,0.19498
2487087,0.20812
2487088,0.22068
2487089,0.23499
2487090,0.24319
2487091,0.24848
2487092,0.25406
2487093,0.25091
2487094,0.24273
2487601,0
2487602,0
2487603,0
2487604,0
2487605,0
2487606,0
2487858,0.02055
2487876,0
2490682,0
2490683,0.09321
2490684,0.12633
2490700,0.15924
2490701,0.16535
2490702,0.17246
2490703,0.18279
2490704,0.19954
2490705,0.21254
2490706,0.22556
2490707,0.23629
2490708,0.24327
2490709,0.2493
2490710,0.25496
2490711,0.25009
2490712,0.24792
2491220,0
2491221,0
2491222,0
2491223,0
2491475,0.0354
2491493,0
2491494,0
2494300,0.10664
2494301,0.13396
2494302,0.13572
2494318,0.15626
2494319,0.16074
2494320,0.1726
2494321,0.19231
2494322,0.20594
2494323,0.21642
2494324,0.22892
2494325,0.23733
2494326,0.24343
2494327,0.25167
2494328,0.25678
2494329,0.25449
2494330,0.2482
2494838,0
2494839,0
2494840,0
2494841,0
2495092,0.04316
2495093,0.05682
2495111,0
2497917,0.10426
2497918,0.11736
2497919,0.13043
2497936,0.15388
2497937,0.16674
2497938,0.18485
2497939,0.19897
2497940,0.20939
2497941,0.22278
2497942,0.23224
2497943,0.23866
2497944,0.24565
2497945,0.25721
2497946,0.26154
2497947,0.25605
2497948,0.24964
2498455,0
2498456,0
2498457,0
2498458,0
2498459,0
2498709,0.04521
2498710,0.04978
2498728,0
2498729,0
2501535,0.0592
2501536,0.10815
2501553,0.14998
2501554,0.162
2501555,0.17552
2501556,0.18793
2501557,0.19975
2501558,0.21502
2501559,0.22614
2501560,0.23234
2501561,0.23786
2501562,0.25168
2501563,0.2597
2501564,0.26097
2501565,0.25931
2501566,0.25625
2502072,0
2502073,0
2502074,0
2502075,0
2502076,0
2502327,0.03146
2502346,0
2505152,0
2505153,0.06675
2505170,0.14601
2505171,0.15731
2505172,0.16701
2505173,0.17492
2505174,0.18885
2505175,0.20417
2505176,0.21861
2505177,0.22439
2505178,0.22761
2505179,0.2413
2505180,0.25461
2505181,0.26141
2505182,0.26714
2505183,0.26744
2505184,0.26194
2505690,0
2505691,0
2505692,0
2505693,0
2505944,0.03055
2505945,0.0241
2505963,0
2505964,0
2505965,0
2508770,0.03833
2508788,0.15112
2508789,0.1588
2508790,0.16466
2508791,0.1783
2508792,0.19392
2508793,0.21035
2508794,0.2169
2508795,0.2186
2508796,0.23004
2508797,0.24793
2508798,0.26017
2508799,0.27116
2508800,0.27542
2508801,0.27075
2508802,0.26634
2509307,0
2509308,0
2509309,0
2509310,0
2509311,0
2509560,0.03259
2509562,0.02909
2509581,0
2509582,0
2509583,0
2512387,0.0204
2512391,0.15474
2512392,0.15432
2512393,0.1543
2512394,0.15274
2512395,0.1493
2512403,0.13677
2512406,0.15132
2512407,0.15683
2512408,0.167
2512409,0.18312
2512410,0.19838
2512411,0.20801
2512412,0.2117
2512413,0.22114
2512414,0.23883
2512415,0.2557
2512416,0.27222
2512417,0.27879
2512418,0.27807
2512419,0.27469
2512925,0
2512926,0
2512927,0
2513177,0.0327
2513178,0.03146
2513179,0.0326
2513180,0.03498
2513200,0
2516004,2e-5
2516005,0.12544
2516006,0.15984
2516007,0.15984
2516008,0.15885
2516009,0.15912
2516010,0.15884
2516011,0.15678
2516012,0.15310000000000001
2516013,0.15157
2516023,0.14706
2516024,0.1519
2516025,0.16018
2516026,0.17236
2516027,0.18792
2516028,0.19948
2516029,0.20505
2516030,0.21464
2516031,0.23133
2516032,0.25264
2516033,0.27208
2516034,0.2806
2516035,0.28203
2516036,0.27815
2516542,0
2516543,0
2516544,0
2516545,0
2516568,0
2516569,0
2516797,0.02797
2516817,0
2516818,0
2519622,0.12824
2519623,0.16327
2519624,0.16468
2519625,0.16346
2519626,0.16433
2519627,0.16296
2519628,0.16176
2519629,0.15492
2519630,0.15285
2519640,0.14545
2519641,0.14995
2519642,0.15629
2519643,0.16395
2519644,0.17932
2519645,0.1907
2519646,0.2
2519647,0.21232
2519648,0.22709
2519649,0.25402
2519650,0.27467
2519651,0.28043
2519652,0.28189
2519653,0.2802
2520160,0
2520161,0
2520186,0
2520187,0
2520414,0.02696
2520436,0
2523239,0.14176
2523240,0.16612
2523241,0.16971
2523242,0.17156
2523243,0.17205
2523244,0.16894
2523245,0.16752
2523246,0.15958
2523247,0.15383
2523248,0.14812
2523258,0.14762
2523259,0.15202
2523260,0.15843
2523261,0.16962
2523262,0.18251
2523263,0.19452
2523264,0.20682
2523265,0.223
2523266,0.24965
2523267,0.27629
2523268,0.28324
2523269,0.28105
2523270,0.28055
2523271,0.26601
2523272,0.26332
2523776,0
2523777,0
2523778,0
2523803,0
2523804,0
2523805,0
2524031,0.02872
2524032,0.02779
2524053,0
2526856,0.14912
2526857,0.17024
2526858,0.17548
2526859,0.17885
2526860,0.18006
2526861,0.1755
2526862,0.17243
2526863,0.16532
2526864,0.15851
2526865,0.15237
2526866,0.14217
2526867,0.13002
2526876,0.14888
2526877,0.15603
2526878,0.16525
2526879,0.17975
2526880,0.18726
2526881,0.19162
2526882,0.20325
2526883,0.2328
2526885,0.28424
2526886,0.28278
2526887,0.27944
2526888,0.27167
2526889,0.2698
2527392,0
2527393,0
2527394,0
2527395,0
2527396,0
2527420,0
2527421,0
2527422,0
2527649,0.04389
2527670,0
2530474,0.16166
2530475,0.17135
2530476,0.18196
2530477,0.18406
2530478,0.18344
2530479,0.18128
2530480,0.17289
2530481,0.16472
2530482,0.15681
2530483,0.14721
2530484,0.13497
2530485,0.12247
2530486,0.11371
2530493,0.14294
2530494,0.1507
2530495,0.15699
2530496,0.17206
2530497,0.1778
2530498,0.1739
2530499,0.17893
2530500,0.21449
2530502,0.27093
2530503,0.28366
2530504,0.27959
2530505,0.26606
2530506,0.26966
2530507,0.25793
2531009,0
2531010,0
2531011,0
2531012,0
2531037,0
2531038,0
2531039,0
2531040,0
2531265,0.02723
2531266,0.06361
2531287,0
2534091,0.10566
2534092,0.13175
2534093,0.17619
2534094,0.19164
2534095,0.19451
2534096,0.19268
2534097,0.18493
2534098,0.17667
2534099,0.16866
2534100,0.15486
2534101,0.14055
2534102,0.12723
2534103,0.11446
2534104,0.11177
2534111,0.14635
2534112,0.15039
2534113,0.15963
2534114,0.17251
2534115,0.17458
2534116,0.16777
2534117,0.17679
2534118,0.16704
2534120,0.26421
2534121,0.26953
2534122,0.25708
2534123,0.258
2534124,0.25416
2534125,0.23299
2534627,0
2534628,0
2534629,0
2534630,0
2534654,0
2534655,0
2534656,0
2534657,0
2534882,9e-4
2534883,0
2534904,0
2537709,0.04512
2537710,0.15018
2537711,0.19929
2537712,0.2073
2537713,0.20601
2537714,0.19818
2537715,0.19194
2537716,0.18067
2537717,0.16371
2537718,0.14864
2537719,0.13392
2537720,0.11922
2537721,0.11411
2537729,0.14536
2537730,0.15
2537731,0.16487
2537732,0.17698
2537733,0.17363
2537735,0.15672
2537738,0.24547
2537739,0.24828
2537740,0.24719
2537741,0.2506
2537742,0.23499
2538244,0
2538245,0
2538246,0
2538265,0
2538271,0
2538272,0
2538273,0
2538274,0
2538275,0
2538500,0
2538521,0
2541326,0
2541327,0.12766
2541328,0.20358
2541329,0.21887
2541330,0.22031
2541331,0.21407
2541332,0.20961
2541333,0.19339
2541334,0.17359
2541335,0.15738
2541336,0.13992
2541337,0.12245
2541338,0.11407
2541339,0.1134
2541347,0.14301
2541348,0.14655
2541349,0.16155
2541350,0.17176
2541351,0.17246
2541352,0.16838
2541353,0.15767
2541354,0.17757
2541355,0.21045
2541356,0.23274
2541357,0.23849
2541358,0.24559
2541359,0.23402
2541360,0.19769
2541861,0
2541862,0
2541863,0
2541864,0
2541888,0.00396
2541889,0.00988
2541890,0
2541891,0
2541892,0
2541893,0
2542116,0
2542117,0
2542138,0
2544943,0
2544944,0.1306
2544945,0.21494
2544946,0.23536
2544947,0.23758
2544948,0.23318
2544949,0.2239
2544950,0.20699
2544951,0.18311
2544952,0.16213
2544953,0.14663
2544954,0.13082
2544955,0.11621
2544956,0.10904
2544957,0.11096
2544965,0.13734
2544966,0.1458
2544967,0.163
2544968,0.16965
2544969,0.16481
2544970,0.15898
2544971,0.1606
2544972,0.18986
2544973,0.21653
2544974,0.22828
2544975,0.23576
2544976,0.21835
2544977,0.16295
2545478,0
2545479,0
2545480,0
2545481,0
2545500,0
2545504,0.01828
2545505,0.02028
2545506,0.02217
2545507,0
2545508,0
2545509,0
2545510,0
2545730,0.03928
2545731,0.04105
2545732,0.0389
2545733,0.01665
2545734,0
2545755,0
2548560,0
2548561,0.12395
2548562,0.21424
2548563,0.23877
2548564,0.24877
2548565,0.24705
2548566,0.2379
2548567,0.21941
2548568,0.19078
2548569,0.16748
2548570,0.15664
2548571,0.14428
2548572,0.12616
2548573,0.1124
2548574,0.11013
2548575,0.11718
2548582,0.12644
2548583,0.13269
2548584,0.14377
2548585,0.15207
2548586,0.15449
2548587,0.15725
2548588,0.1684
2548589,0.18598
2548590,0.20076
2548591,0.21487
2548592,0.22718
2548593,0.20607
2548594,0.07377
2549095,0
2549096,0
2549097,0
2549102,0
2549118,0
2549119,0
2549120,0
2549121,8e-4
2549122,0.01679
2549123,0.02537
2549124,0.01456
2549125,0.0076
2549126,0.00434
2549127,0
2549128,0
2549348,0.04255
2549349,0.03682
2549350,0.02562
2549351,0
2549352,0
2549371,0
2549372,0
2552177,0.00659
2552178,0.11925
2552179,0.21011
2552180,0.23166
2552181,0.25017
2552182,0.25709
2552183,0.2453
2552184,0.2342
2552185,0.21732
2552186,0.19262
2552187,0.17211
2552188,0.15362
2552189,0.13487
2552190,0.12139
2552191,0.11247
2552192,0.11285
2552200,0.11591
2552201,0.11996
2552202,0.12469
2552203,0.13585
2552204,0.14477
2552205,0.15702
2552206,0.17201
2552207,0.18717
2552208,0.20194
2552209,0.21988
2552210,0.20924
2552211,0.08086
2552712,0
2552713,0
2552714,0
2552719,0
2552732,0
2552733,0
2552735,0
2552736,0
2552737,0
2552738,0
2552739,0.00281
2552740,0.0304
2552741,0.02449
2552742,0.02728
2552743,0.03693
2552744,0.03018
2552745,0
2552746,0
2552964,0.05206
2552965,0.05487
2552967,0.03874
2552968,0.03544
2552969,0.03253
2552989,0
2555795,0.08345
2555796,0.19858
2555797,0.23619
2555798,0.25817
2555799,0.25956
2555800,0.25041
2555801,0.24089
2555802,0.23162
2555803,0.21778
2555804,0.18463
2555805,0.16374
2555806,0.14334
2555807,0.12872
2555808,0.11772
2555809,0.11364
2555810,0.11502
2555811,0.11238
2555818,0.1077
2555819,0.10864
2555820,0.11359
2555821,0.12478
2555822,0.1354
2555823,0.14268
2555824,0.15724
2555825,0.16977
2555826,0.19522
2555827,0.20268
2555828,0.12795
2555829,0
2556329,0
2556330,0
2556331,0
2556350,0
2556351,0
2556352,0
2556353,0
2556354,0.01102
2556355,0.01324
2556356,0.00734
2556357,0.04733
2556358,0.04531
2556359,0.04401
2556360,0.0506
2556361,0.05944
2556362,0.04148
2556363,0
2556365,0
2556581,0.0352
2556584,0.05107
2556585,0.05267
2556586,0.05221
2556587,0.06062
2556606,0
2559412,0.10612
2559413,0.20045
2559414,0.23923
2559415,0.25727
2559416,0.26651
2559417,0.26564
2559418,0.25178
2559419,0.22831
2559420,0.21057
2559421,0.18699
2559422,0.17166
2559423,0.15282
2559424,0.13978
2559425,0.12724
2559426,0.11411
2559427,0.11144
2559428,0.10741
2559435,0.09194
2559436,0.09484
2559437,0.09705
2559438,0.10812
2559439,0.12212
2559440,0.13873
2559441,0.15734
2559442,0.15553
2559443,0.17618
2559444,0.19605
2559445,0.17195
2559446,0.10162
2559946,0
2559947,0
2559948,0
2559949,0
2559952,0
2559954,0
2559967,0
2559968,0
2559969,0
2559970,0
2559971,0.03959
2559972,0.05459
2559973,0.04241
2559974,0.05866
2559975,0.04506
2559976,0.04435
2559977,0.041
2559978,0.04405
2559979,0.04582
2559980,0
2559981,0
2559982,0
2560198,0.02445
2560201,0.06622
2560202,0.06491
2560203,0.05104
2560204,0.06478
2560205,0.08597
2560223,0
2563029,0.13556000000000001
2563030,0.20368
2563031,0.23904
2563032,0.25978
2563033,0.26458
2563034,0.26272
2563035,0.25775
2563036,0.23775
2563037,0.20857
2563038,0.1928
2563039,0.1795
2563040,0.1583
2563041,0.14377
2563042,0.1288
2563043,0.11768
2563044,0.10842
2563045,0.10332
2563046,0.10252
2563053,0.08083
2563054,0.08088
2563055,0.08761
2563056,0.10105
2563057,0.12101
2563058,0.14482
2563059,0.15443
2563060,0.17213
2563061,0.19272
2563062,0.19615
2563063,0.19014
2563563,0
2563564,0
2563565,0
2563566,0
2563569,0
2563582,0
2563583,0
2563584,0
2563585,0
2563586,0
2563587,0.01497
2563588,0.05043
2563589,0.06578
2563590,0.06926
2563591,0.07187
2563592,0.0454
2563593,0.04249
2563594,0.04685
2563595,0.05498
2563596,0.04767
2563597,0.03499
2563598,0.01444
2563599,0
2563815,0.0208
2563816,0.01336
2563820,0.06023
2563821,0.08359
2563822,0.11148
2563838,0
2563839,0
2563840,0
2566646,0.14985
2566647,0.19551
2566648,0.22339
2566649,0.25013
2566650,0.26242
2566651,0.25325
2566652,0.24962
2566653,0.23446
2566655,0.16495
2566656,0.1892
2566657,0.17963
2566658,0.15877
2566659,0.13742
2566660,0.12255
2566661,0.1065
2566662,0.09857
2566663,0.09553
2566664,0.0945
2566670,0.07299
2566671,0.07327
2566672,0.07634
2566673,0.08696
2566674,0.10367
2566675,0.12184
2566676,0.1368
2566677,0.15339
2566678,0.17686
2566679,0.19812
2566680,0.21706
2566681,0.22107
2567178,0
2567179,0
2567180,0
2567181,0
2567182,0
2567183,0
2567185,0
2567186,0
2567187,0
2567192,0
2567193,0
2567199,0
2567200,0
2567201,0
2567202,0.01726
2567203,0.02501
2567204,0.03689
2567205,0.05651
2567206,0.07171
2567207,0.06659
2567208,0.05619
2567209,0.03186
2567210,0.04317
2567211,0.04826
2567212,0.04765
2567213,0.0639
2567214,0.06827
2567215,0.05546
2567216,0.054
2567433,0.02203
2567437,0.04589
2567438,0.0538
2567453,0
2567454,0
2567455,0
2567456,0
2570264,0.20739
2570265,0.22953
2570266,0.23625
2570267,0.24685000000000001
2570268,0.24913
2570269,0.24568
2570270,0.21715
2570271,0.17749
2570272,0.18008
2570273,0.19209
2570274,0.19293
2570275,0.17475
2570276,0.15128
2570277,0.12997
2570278,0.11103
2570279,0.09523
2570280,0.0869
2570281,0.08562
2570282,0.08954
2570283,0.08841
2570288,0.06761
2570289,0.06509
2570290,0.07019
2570291,0.08426
2570292,0.10549
2570293,0.12658
2570294,0.14788
2570295,0.17307
2570296,0.19075
2570297,0.20679
2570298,0.21416
2570795,0
2570796,0
2570797,0
2570798,0
2570799,0
2570800,0
2570802,0
2570804,0
2570805,0
2570815,0
2570816,0
2570817,0
2570818,0
2570819,0
2570820,0.01016
2570821,0.03622
2570822,0.06194
2570823,0.05333
2570824,0.03671
2570825,0.03158
2570826,0.032
2570827,0.04276
2570828,0.04235
2570829,0.03415
2570830,0.06161
2570831,0.07207
2570832,0.06884
2570833,0.07448
2571050,0.02235
2571070,0
2571071,0
2571072,0
2571073,0
2573881,0.22016
2573882,0.23463
2573883,0.23466
2573884,0.23935
2573885,0.25123
2573886,0.24835
2573887,0.22278
2573888,0.18353
2573889,0.19987
2573890,0.20613
2573891,0.19896
2573892,0.17859
2573893,0.14675
2573894,0.12856
2573895,0.11352
2573896,0.09675
2573897,0.0847
2573898,0.079
2573899,0.07883
2573900,0.08022
2573901,0.07632
2573904,0.05855
2573906,0.0544
2573907,0.05754
2573908,0.07007
2573909,0.08806
2573910,0.11633
2573911,0.14539
2573912,0.17157
2573913,0.18984
2573914,0.21144
2574413,0
2574414,0
2574415,0
2574416,0
2574417,0
2574418,0
2574419,0
2574421,0
2574429,0
2574432,0
2574433,0
2574434,0
2574435,0
2574436,0
2574437,0.01142
2574438,0.03377
2574439,0.04663
2574440,0.03374
2574441,0.01109
2574442,0.00928
2574443,0.0233
2574444,0.03567
2574445,0.04785
2574446,0.03674
2574447,0.06329
2574448,0.07286
2574449,0.08628
2574450,0.09433
2574451,0.07165
2574667,0.0271
2574668,0.0157
2574669,0.02521
2574686,0
2574687,0
2574688,0
2577499,0.20327
2577500,0.22071
2577501,0.24737
2577502,0.25181
2577503,0.2448
2577504,0.21246
2577506,0.20497
2577507,0.20779
2577508,0.20513
2577509,0.18622
2577510,0.16023
2577511,0.13311
2577512,0.10909
2577513,0.0973
2577514,0.08656
2577515,0.07836
2577516,0.07225
2577517,0.06936
2577518,0.06979
2577521,0.05868
2577524,0.04909
2577525,0.06415
2577526,0.0879
2577527,0.11284
2577528,0.13961
2577529,0.16172
2577530,0.18263
2577531,0.2074
2578031,0
2578032,0
2578033,0
2578034,0
2578035,0
2578036,0
2578037,0
2578038,0
2578039,0
2578040,0
2578041,0
2578049,0
2578050,0
2578051,0.00649
2578052,0.00318
2578053,0.01443
2578054,0.02588
2578055,0.04829
2578056,0.03398
2578057,0.02333
2578058,0.01105
2578059,0.01035
2578060,0.01945
2578061,0.03008
2578062,0.04789
2578063,0.06038
2578064,0.07856
2578065,0.0694
2578066,0.07935
2578067,0.09005
2578068,0.06781
2578069,0.02828
2578285,0.01728
2578286,0.02993
2578303,0
2578304,0
2578305,0
2581117,0.17809
2581118,0.2411
2581119,0.25809
2581120,0.24747
2581121,0.21353
2581123,0.1931
2581124,0.20794
2581125,0.21473
2581126,0.19773
2581127,0.17226
2581128,0.13764
2581129,0.11213
2581130,0.09772
2581131,0.09037
2581132,0.08179
2581133,0.07371
2581134,0.06288
2581135,0.06042
2581138,0.05017
2581141,0.04502
2581142,0.05232
2581143,0.07369
2581144,0.09089
2581145,0.10931
2581146,0.13116
2581147,0.15832
2581648,0
2581649,0
2581650,0
2581651,0
2581652,0
2581653,0
2581654,0
2581655,0
2581656,0
2581657,0
2581658,0
2581659,0
2581660,0
2581661,0
2581662,0
2581665,0
2581666,0
2581667,0
2581668,0
2581669,0.00699
2581670,0.0262
2581671,0.03852
2581672,0.04282
2581673,0.03251
2581674,0.02997
2581675,0.01608
2581676,0.00736
2581677,0.00876
2581678,0.01618
2581679,0.02861
2581680,0.05224
2581681,0.08117
2581682,0.0814
2581683,0.08735
2581684,0.09563
2581685,0.07204
2581686,0.01778
2581902,0.0197
2581903,0.02937
2581921,0
2581922,0
2584734,0.11048
2584735,0.22944
2584736,0.24984
2584737,0.23516
2584738,0.20135
2584739,0.17454
2584741,0.19548
2584743,0.19196
2584744,0.17954
2584745,0.14321
2584746,0.1134
2584747,0.09418
2584748,0.08572
2584749,0.07699
2584750,0.068
2584751,0.05771
2584752,0.05278
2584753,0.0473
2584758,0.04187
2584759,0.04998
2584760,0.0615
2584761,0.07963
2584762,0.09446
2584763,0.11229
2584764,0.1306
2584765,0.14449
2585265,0
2585266,0
2585267,0
2585268,0
2585269,0
2585270,0
2585271,0
2585272,0
2585273,0
2585274,0
2585275,0
2585276,0
2585277,0
2585278,0
2585279,0
2585280,0
2585281,0
2585282,0
2585283,0
2585284,0
2585285,0
2585286,0.00315
2585287,0.02382
2585288,0.0296
2585289,0.02105
2585290,0.01892
2585291,0.02361
2585292,0.01631
2585293,0.00128
2585294,0.00655
2585295,0.01035
2585296,0.03501
2585297,0.05436
2585298,0.05879
2585299,0.08594
2585300,0.07761
2585301,0.0831
2585302,0.07135
2585303,0.0042
2585304,0
2585520,0.02247
2585521,0.03071
2585538,0
2588351,0.06632
2588352,0.22065
2588353,0.21016
2588354,0.15997
2588355,0.12065
2588356,0.1485
2588357,0.19241
2588358,0.18053
2588360,0.1716
2588361,0.17285
2588362,0.14578
2588363,0.10446
2588364,0.08211
2588365,0.07969
2588366,0.0703
2588367,0.05857
2588368,0.04758
2588369,0.04171
2588370,0.03867
2588371,0.03753
2588374,0.02876
2588376,0.0474
2588377,0.05922
2588378,0.07263
2588379,0.09084
2588380,0.11305
2588381,0.13011
2588382,0.12644
2588881,0
2588882,0
2588883,0
2588884,0
2588885,0
2588886,0
2588887,0
2588888,0
2588889,0
2588890,0
2588891,0
2588892,0
2588893,0
2588894,0
2588895,0
2588896,0
2588897,0
2588898,0
2588899,0
2588900,0
2588901,4.4e-4
2588902,0.0036
2588903,0.01194
2588904,0.01959
2588905,0.01872
2588906,0.00323
2588907,0
2588908,0.00283
2588909,0.00939
2588910,0.00227
2588911,0.01808
2588912,0.02643
2588913,0.03858
2588914,0.0394
2588915,0.05501
2588916,0.0682
2588917,0.06116
2588918,0.06404
2588919,0.06295
2588920,0
2588921,0
2589138,0.02778
2589155,0
2591970,0.1456
2591971,0.03692
2591972,0
2591973,0.08792
2591974,0.19391
2591975,0.20027
2591976,0.18353
2591977,0.17686
2591978,0.16999
2591979,0.14263
2591980,0.10494
2591981,0.08472
2591982,0.07934
2591983,0.07057
2591984,0.06144
2591985,0.04283
2591986,0.03481
2591987,0.03187
2591988,0.03382
2591989,0.04258
2591990,0.0379
2591994,0.0592
2591995,0.06641
2591996,0.0803
2591997,0.0954
2591998,0.10772
2591999,0.1096
2592000,0.10257
2592499,0
2592500,0
2592501,0
2592502,0
2592503,0
2592504,0
2592505,0
2592506,0
2592507,0
2592508,0
2592509,0
2592510,0
2592511,0
2592512,0
2592513,0
2592514,0
2592515,0
2592516,0
2592517,0
2592518,0
2592519,0.00306
2592520,0.00926
2592521,0.01047
2592522,0.00668
2592523,0.00723
2592524,0
2592525,0
2592526,0
2592527,0
2592528,0.01507
2592529,0.04385
2592530,0.05658
2592531,0.04727
2592532,0.05809
2592533,0.06743
2592534,0.05508
2592535,0.06654
2592536,0.0626
2592537,0.02501
2592538,0
2592755,0.02596
2592756,0.03735
2592772,0
2595587,0.02174
2595590,0.02751
2595591,0.17958
2595592,0.21657
2595593,0.20192
2595594,0.19026
2595595,0.17589
2595596,0.15459
2595597,0.12069
2595598,0.0964
2595599,0.0823
2595600,0.07069
2595601,0.06007
2595602,0.04235
2595603,0.03402
2595604,0.02831
2595605,0.03036
2595606,0.03825
2595607,0.03866
2595611,0.05854
2595612,0.06687
2595613,0.0766
2595614,0.08355
2595615,0.08605
2595616,0.07853
2595617,0.08427
2596116,0
2596117,0
2596118,0
2596119,0
2596120,0
2596121,0
2596122,0
2596123,0
2596124,0
2596125,0
2596126,0
2596127,0
2596128,0
2596129,0
2596130,0
2596131,0
2596132,0
2596133,0
2596134,0
2596135,0
2596136,0
2596137,0.01017
2596138,0.01133
2596139,9e-5
2596140,0.00625
2596141,0
2596142,0
2596143,0
2596144,0.00373
2596145,0.01684
2596146,0.03533
2596147,0.06506
2596148,0.05734
2596149,0.06097
2596150,0.06555
2596151,0.05576
2596152,0.06607
2596153,0.06292
2596154,0.0426
2596155,0
2596156,0
2596372,0.02101
2596373,0.00952
2596389,0
2599204,0
2599208,0.16927
2599209,0.21215
2599210,0.20021
2599211,0.19116
2599212,0.17723
2599213,0.15657
2599214,0.12474
2599215,0.10254
2599216,0.08565
2599217,0.06896
2599218,0.05234
2599219,0.03982
2599220,0.03016
2599221,0.02586
2599222,0.02685
2599223,0.03453
2599224,0.03918
2599228,0.05955
2599229,0.068
2599230,0.07939
2599231,0.08424
2599232,0.06269
2599233,0.03192
2599234,0.05036
2599733,0
2599734,0
2599735,0
2599736,0
2599737,0
2599738,0
2599739,0
2599740,0
2599741,0
2599742,0
2599743,0
2599744,0
2599745,0
2599746,0
2599747,0
2599748,0
2599749,0
2599750,0
2599751,0
2599752,0
2599753,0
2599754,0
2599755,0.00365
2599756,0.01579
2599757,0.01372
2599758,0
2599759,0
2599760,0.00574
2599761,0.0077
2599762,0.02064
2599763,0.03747
2599764,0.06593
2599765,0.05383
2599766,0.0513
2599767,0.05617
2599768,0.0577
2599769,0.06658
2599770,0.06713
2599771,0.05444
2599772,0.00492
2599773,0
2599990,0
2600005,0
2600006,0
2602822,0
2602826,0.17749
2602827,0.18471
2602828,0.18912
2602829,0.17753
2602830,0.15712
2602831,0.13058
2602832,0.10606
2602833,0.08892
2602834,0.07077
2602835,0.05174
2602836,0.03973
2602837,0.02841
2602838,0.02375
2602839,0.02569
2602840,0.03051
2602841,0.03547
2602842,0.04001
2602844,0.05377
2602846,0.06491
2602847,0.07924
2602848,0.08948
2602849,0.07027
2603350,0
2603351,0
2603352,0
2603353,0
2603354,0
2603355,0
2603356,0
2603357,0
2603358,0
2603359,0
2603360,0
2603361,0
2603362,0
2603363,0
2603364,0
2603365,0
2603366,0
2603367,0
2603368,0
2603369,0
2603370,0
2603371,0
2603372,7e-5
2603373,0.01557
2603374,0.01566
2603375,6.5e-4
2603376,3.3e-4
2603377,0.00398
2603378,0.01469
2603379,0.02967
2603380,0.03403
2603381,0.05037
2603382,0.04887
2603383,0.048280000000000003
2603384,0.05405
2603385,0.07042
2603386,0.07111
2603387,0.06751
2603388,0.06457
2603389,0.01536
2603390,0
2603608,0
2603623,0
2603624,0
2606439,0
2606443,0.15477
2606444,0.16313
2606445,0.17923
2606446,0.1811
2606447,0.16292
2606448,0.14238
2606449,0.11656999999999999
2606450,0.09739
2606451,0.0789
2606452,0.05487
2606453,0.03598
2606454,0.02253
2606455,0.01983
2606456,0.02363
2606457,0.02802
2606458,0.03285
2606459,0.04183
2606461,0.05685
2606462,0.06038
2606463,0.0588
2606464,0.07697
2606465,0.08897
2606466,0.07794
2606467,0.0474
2606468,0.02755
2606469,0.01212
2606967,0
2606968,0
2606969,0
2606970,0
2606971,0
2606972,0
2606973,0
2606974,0
2606975,0
2606976,0
2606977,0
2606978,0
2606979,0
2606980,0
2606981,0
2606982,0
2606983,0
2606984,0
2606985,0
2606986,0
2606987,0
2606988,0
2606989,0
2606990,0.00575
2606991,0.00692
2606992,0.00267
2606993,0.00332
2606994,0.00494
2606995,0.01655
2606996,0.02774
2606997,0.03205
2606998,0.03577
2606999,0.03712
2607000,0.05082
2607001,0.06253
2607002,0.07309
2607003,0.07297
2607004,0.06983
2607005,0.06817
2607006,0.0259
2607007,0
2607008,0
2607225,0
2607226,0
2607241,0
2607243,0
2610060,0.15441
2610061,0.1446
2610062,0.16637
2610063,0.17242
2610064,0.15998
2610065,0.14579
2610066,0.12164
2610067,0.10176
2610068,0.08273
2610069,0.05542
2610070,0.03368
2610071,0.01927
2610072,0.01665
2610073,0.02468
2610074,0.03233
2610075,0.03865
2610076,0.04693
2610077,0.05543
2610078,0.05874
2610079,0.05997
2610080,0.05549
2610081,0.076
2610082,0.08436
2610083,0.07574
2610084,0.0499
2610085,0.03372
2610086,0.01859
2610585,0
2610586,0
2610587,0
2610588,0
2610589,0
2610590,0
2610591,0
2610592,0
2610593,0
2610594,0
2610595,0
2610596,0
2610597,0
2610598,0
2610599,0
2610600,0
2610601,0
2610602,0
2610603,0
2610604,0
2610605,0.006
2610606,0
2610607,0
2610608,0.00379
2610609,0.00574
2610610,0.00728
2610611,0.00796
2610612,0.0268
2610613,0.0282
2610614,0.03487
2610615,0.04069
2610616,0.03577
2610617,0.04834
2610618,0.06932
2610619,0.07938
2610620,0.07464
2610621,0.06574
2610622,0.0622
2610623,0.03602
2610624,0
2610625,0
2610843,0
2610858,0
2610859,0
2610860,0
2610861,0
2610862,0
2610863,0
2610864,0
2613678,0.13152
2613679,0.15008
2613682,0.14027
2613683,0.12258
2613684,0.10213
2613685,0.08136
2613686,0.05545
2613687,0.03365
2613688,0.0173
2613689,0.01341
2613690,0.02178
2613691,0.03346
2613692,0.04186
2613693,0.04721
2613694,0.0534
2613695,0.05947
2613697,0.06661
2613698,0.07883
2613699,0.08081
2613700,0.07096
2613701,0.05361
2613702,0.03495
2613703,0.02065
2613704,0
2614201,0
2614202,0
2614203,0
2614204,0
2614205,0
2614206,0
2614207,0
2614208,0
2614209,0
2614210,0
2614211,0
2614212,0
2614213,0
2614214,0
2614215,0
2614216,0
2614217,0
2614218,0
2614219,0
2614220,0
2614221,0
2614222,0.01886
2614223,0
2614224,0
2614225,0.00993
2614226,0.01052
2614227,0.01
2614228,0.01359
2614229,0.02685
2614230,0.02857
2614231,0.03831
2614232,0.04293
2614233,0.03426
2614234,0.0394
2614235,0.06031
2614236,0.07641
2614237,0.07044
2614238,0.05373
2614239,0.04922
2614240,0.04363
2614241,0
2614242,0
2614460,0
2614476,0
2614477,0
2614478,0
2614481,0
2614482,0
2614496,0
2617299,0.1336
2617300,0.10966
2617301,0.10008
2617302,0.07896
2617303,0.05338
2617304,0.0296
2617305,0.01424
2617306,0.01042
2617307,0.01712
2617308,0.02756
2617309,0.03893
2617310,0.04681
2617311,0.05393
2617312,0.06187
2617317,0.06942
2617318,0.05336
2617319,0.02888
2617320,0.01363
2617321,0
2617817,0
2617818,0
2617819,0
2617820,0
2617821,0
2617822,0
2617823,0
2617824,0
2617825,0
2617826,0
2617827,0
2617828,0
2617829,0
2617830,0
2617831,0
2617832,0
2617833,0
2617834,0
2617835,0
2617836,0
2617837,0
2617838,0
2617839,0.01201
2617840,0.00347
2617841,0.0021
2617842,0.01043
2617843,0.01197
2617844,0.00868
2617845,0.02073
2617846,0.03218
2617847,0.0397
2617848,0.04609
2617849,0.03503
2617850,0.03253
2617851,0.03146
2617852,0.04301
2617853,0.06652
2617854,0.05878
2617855,0.04952
2617856,0.05369
2617857,0.06043
2617858,0.01597
2617859,0
2618077,8.3e-4
2618078,0
2618094,0
2618095,0
2618097,0
2618098,0
2618099,0
2618100,0
2618101,0
2618102,0
2618103,0
2618104,0
2618105,0
2618106,0
2620918,0.09746
2620919,0.07958
2620920,0.05237
2620921,0.0293
2620922,0.01309
2620923,0.00874
2620924,0.01224
2620925,0.02187
2620926,0.03551
2620927,0.04768
2620928,0.05586
2620929,0.06565
2620934,0.07235
2620935,0.05345
2620936,0.026950000000000002
2620937,0.0101
2620938,0
2621434,0
2621435,0
2621436,0
2621437,0
2621438,0
2621439,0
2621440,0
2621441,0
2621442,0
2621443,0
2621444,0
2621445,0
2621446,0
2621447,0
2621448,0
2621449,0
2621450,0
2621451,0
2621452,0
2621453,0
2621454,0
2621455,0
2621456,0.00222
2621457,3.1e-4
2621458,3.7e-4
2621459,0.00549
2621460,0.01355
2621461,0.0142
2621462,0.03482
2621463,0.04837
2621464,0.04899
2621465,0.04591
2621466,0.02627
2621467,0.02851
2621468,0.03133
2621469,0.03537
2621470,0.05864
2621471,0.05481
2621472,0.05181
2621473,0.05962
2621474,0.06814
2621475,0.04284
2621476,0.02351
2621477,0.02599
2621694,0.01531
2621695,0.01097
2621697,0
2621711,0
2621712,0
2621713,0
2621715,0
2621717,0
2621718,0
2621719,0
2621720,0
2621721,0
2621722,0
2621723,0
2624535,0.08705
2624536,0.07319
2624537,0.05157
2624538,0.03043
2624539,0.01375
2624540,0.0049
2624541,0.00414
2624542,0.01374
2624543,0.02967
2624544,0.04705
2624545,0.05463
2624546,0.06634
2624547,0.0714
2624549,0.07315
2624552,0.05804
2624553,0.03246
2624554,0.01266
2624555,0
2625050,0
2625051,0
2625052,0
2625053,0
2625054,0
2625055,0
2625056,0
2625057,0
2625058,0
2625059,0
2625060,0
2625061,0
2625062,0
2625063,0
2625064,0
2625065,0
2625066,0
2625067,0
2625068,0
2625069,0
2625070,0
2625071,0
2625072,0
2625073,6.4e-4
2625074,0
2625075,0
2625076,0.00536
2625077,0.01261
2625078,0.01377
2625079,0.02759
2625080,0.04293
2625081,0.0484
2625082,0.03801
2625083,0.02023
2625084,0.02068
2625085,0.0272
2625086,0.03299
2625087,0.04975
2625088,0.05621
2625089,0.0514
2625090,0.05101
2625091,0.05476
2625092,0.0439
2625093,0.04236
2625094,0.03618
2625312,0.01394
2625313,0
2625314,0
2625318,0
2625319,0
2625320,0
2625329,0
2625330,0
2625331,0
2625333,0
2625334,0
2625335,0
2625336,0
2625337,0
2625338,0
2625339,0
2625340,0
2625341,0
2625342,0
2625343,0
2628155,0.02277
2628156,0.01021
2628157,8.7e-4
2628158,0
2628159,0.00629
2628160,0.02632
2628161,0.04513
2628162,0.05483
2628163,0.06544
2628164,0.07096
2628165,0.06996
2628166,0.07386
2628169,0.06278
2628170,0.03656
2628171,0.01175
2628172,0
2628173,0
2628669,0
2628670,0
2628671,0
2628672,0
2628673,0
2628674,0
2628675,0
2628676,0
2628677,0
2628678,0
2628679,0
2628680,0
2628681,0
2628682,0
2628683,0
2628684,0
2628685,0
2628686,0
2628687,0
2628688,0
2628689,0
2628690,0.00314
2628691,0.00112
2628692,0
2628693,0.00414
2628694,0.00157
2628695,0.00468
2628696,0.01173
2628697,0.02593
2628698,0.04112
2628699,0.03206
2628700,0.02085
2628701,0.02564
2628702,0.02903
2628703,0.0366
2628704,0.04366
2628705,0.05955
2628706,0.056710000000000003
2628707,0.05278
2628708,0.04708
2628709,0.03867
2628710,0.04892
2628711,0.04397
2628712,0.03993
2628930,0.00582
2628931,0
2628932,0
2628936,0
2628937,0
2628938,0
2628946,0
2628947,0
2628948,0
2628950,0
2628951,0
2628952,0
2628953,0
2628954,0
2628955,0
2628956,0
2628957,0
2628958,0
2628959,0
2628960,0
2628961,0
2628962,0
2628963,0
2628966,0
2628967,0
2628968,0
2631773,0.00121
2631774,0
2631775,0
2631776,0
2631777,0.01819
2631778,0.03824
2631779,0.05332
2631780,0.06244
2631781,0.07157
2631782,0.07485
2631787,0.04431
2631788,0.01609
2631789,0
2631790,0
2632288,0
2632289,0
2632290,0
2632291,0
2632292,0
2632293,0
2632294,0
2632295,0
2632296,0
2632297,0
2632298,0
2632299,0
2632300,0
2632301,0
2632302,0
2632303,0
2632304,6.9e-4
2632305,0.00739
2632306,0.00367
2632307,0.00693
2632308,0.00121
2632309,0
2632310,0.00611
2632311,0
2632312,0.00513
2632313,0.01792
2632314,0.02443
2632315,0.03503
2632316,0.03082
2632317,0.02656
2632318,0.03438
2632319,0.03961
2632320,0.04427
2632321,0.04586
2632322,0.05895
2632323,0.06538
2632324,0.0701
2632325,0.05754
2632326,0.0475
2632327,0.04714
2632328,0.04512
2632329,0.03807
2632548,2.6e-4
2632549,4.8e-4
2632550,0.00564
2632553,0
2632554,0
2632555,0
2632556,0
2632563,0
2632564,0
2632565,0
2632566,0
2632567,0
2632568,0
2632569,0
2632570,0
2632571,0
2632572,0
2632573,0
2632574,0
2632575,0
2632576,0
2632577,0
2632578,0
2632579,0
2632580,0
2632581,0
2632582,0
2632583,0
2632584,0
2632585,0
2632586,0
2635391,0
2635392,0
2635393,0
2635394,0.00106
2635395,0.024140000000000002
2635396,0.04525
2635397,0.0582
2635398,0.07126
2635399,0.07626
2635402,0.07835
2635403,0.0705
2635404,0.04999
2635405,0.02312
2635406,0
2635407,0
2635902,0
2635903,0
2635904,0
2635907,0
2635908,0
2635909,0
2635910,0
2635911,0
2635912,0
2635913,0
2635914,0
2635915,0
2635916,0
2635917,0
2635918,0
2635919,0
2635920,0.0011
2635921,0.00167
2635922,0.0133
2635923,0.01934
2635924,0.0093
2635925,0.00411
2635926,1.5e-4
2635927,0.017
2635928,0.01137
2635929,0.00995
2635930,0.02589
2635931,0.03085
2635932,0.03776
2635933,0.03411
2635934,0.03521
2635935,0.03646
2635936,0.04616
2635937,0.04592
2635938,0.04712
2635939,0.04974
2635940,0.06045
2635941,0.07298
2635942,0.06744
2635943,0.06105
2635944,0.05212
2635945,0.04533
2635946,0.04497
2635947,0.04953
2636166,0.00144
2636167,0
2636170,0
2636171,0
2636172,0.00947
2636181,0
2636182,0
2636183,0
2636184,0
2636185,0
2636186,0
2636187,0
2636188,0
2636189,0
2636190,0
2636191,0
2636192,0
2636193,0
2636194,0
2636195,0
2636196,0
2636197,0
2636198,0
2636199,0
2636200,0
2636201,0
2636202,0
2636203,0
2636204,0
2639009,0
2639010,0
2639011,0
2639012,0.00763
2639013,0.03293
2639014,0.05141
2639015,0.06418
2639016,0.06992
2639019,0.07848
2639020,0.0692
2639021,0.0476
2639022,0.01979
2639023,0
2639024,0
2639519,0
2639520,0
2639521,0
2639524,0
2639525,0
2639526,0
2639527,0
2639528,0
2639529,0
2639530,0
2639531,0
2639532,0
2639533,0.00154
2639534,0
2639535,0
2639536,0
2639537,4.8e-4
2639538,0.00919
2639539,0.02032
2639540,0.03334
2639541,0.01661
2639542,0.01119
2639543,0.01482
2639544,0.02957
2639545,0.01809
2639546,0.01376
2639547,0.02157
2639548,0.02938
2639549,0.03637
2639550,0.03931
2639551,0.04225
2639552,0.04347
2639553,0.05579
2639554,0.05014
2639555,0.04817
2639556,0.04765
2639557,0.04854
2639558,0.05856
2639559,0.06513
2639560,0.0709
2639561,0.06793
2639562,0.05376
2639563,0.05252
2639564,0.02963
2639784,0
2639785,0
2639787,0
2639788,4.1e-4
2639789,0.03492
2639798,0
2639799,0
2639800,0
2639801,0
2639802,0
2639803,0
2639804,0
2639805,0
2639806,0
2639807,0
2639808,0
2639809,0
2639810,0
2639811,0
2639812,0
2639813,0
2639814,0
2639815,0
2639816,0
2639817,0
2639818,0
2639819,0
2639820,0
2639821,0
2642627,0
2642628,0
2642629,0
2642630,0.01717
2642631,0.038
2642632,0.05316
2642633,0.06114
2642636,0.07512
2642637,0.06768
2642638,0.04978
2642639,0.01995
2642640,0
2642641,0
2642642,0
2643137,0
2643138,0
2643144,0
2643145,0
2643146,0
2643147,0
2643148,0
2643149,0
2643150,0.01166
2643151,0.01497
2643152,0.00207
2643153,0
2643154,0.00342
2643155,0.0143
2643156,0.02237
2643157,0.03522
2643158,0.02836
2643159,0.01867
2643160,0.02354
2643161,0.03373
2643162,0.01758
2643163,0.01776
2643164,0.01629
2643165,0.02268
2643166,0.02826
2643167,0.04219
2643168,0.04603
2643169,0.04994
2643170,0.06137
2643171,0.05754
2643172,0.05655
2643173,0.05606
2643174,0.0506
2643175,0.05255
2643176,0.05633
2643177,0.06893
2643178,0.07783
2643179,0.06986
2643180,0.06329
2643181,0.02801
2643182,0
2643400,4.6e-4
2643402,0
2643403,0
2643404,0
2643405,0
2643406,0.03426
2643416,0
2643417,0
2643418,0
2643419,0
2643420,0
2643421,0
2643422,0
2643423,0
2643424,0
2643426,0
2643427,0
2643428,0
2643429,0
2643430,0
2643431,0
2643432,0
2643433,0
2643434,0
2643435,0
2643436,0
2643437,0
2643438,0
2646244,0
2646245,0
2646246,0
2646247,0
2646248,0.02084
2646249,0.03919
2646250,0.05175
2646252,0.06807
2646253,0.06655
2646254,0.06126
2646255,0.04814
2646256,0.02258
2646257,0
2646258,0
2646259,0
2646753,0
2646754,0
2646755,0
2646756,0
2646763,0
2646764,0
2646765,0
2646766,0
2646767,0.00905
2646768,0.02263
2646769,0.02492
2646770,0.01119
2646771,0.0135
2646772,0.01622
2646773,0.01967
2646774,0.02727
2646775,0.0268
2646776,0.02479
2646777,0.027
2646778,0.02827
2646779,0.01352
2646780,0.02248
2646781,0.026950000000000002
2646782,0.02828
2646783,0.02835
2646784,0.03693
2646785,0.04674
2646786,0.05056
2646787,0.06092
2646788,0.0601
2646789,0.05993
2646790,0.06209
2646791,0.06229
2646792,0.05712
2646793,0.05348
2646794,0.06697
2646795,0.07939
2646796,0.08325
2646797,0.07772
2646798,0.05146
2646799,0.00913
2647019,0
2647020,0
2647021,0
2647034,0
2647035,0
2647036,0
2647037,0
2647038,0
2647045,0
2647046,0
2647047,0
2647048,0
2647049,0
2647050,0
2647051,0
2647052,0
2647053,0
2647054,0
2647055,0
2647056,0
2647057,0
2647058,0
2649862,0
2649863,0
2649864,0
2649865,0
2649866,0.01867
2649867,0.03383
2649868,0.04434
2649869,0.05318
2649870,0.05626
2649871,0.05375
2649872,0.04357
2649873,0.02157
2649874,0
2649875,0
2649876,0
2650369,0
2650370,0
2650371,0
2650372,0
2650373,0
2650380,0
2650381,0
2650382,0
2650383,0
2650384,0
2650385,0.01559
2650386,0.02234
2650387,0.01814
2650388,0.01627
2650389,0.01787
2650390,0.01562
2650391,0.0254
2650392,0.01979
2650393,0.03034
2650394,0.04021
2650395,0.03983
2650396,0.02768
2650397,0.03572
2650398,0.04138
2650400,0.03454
2650401,0.03017
2650402,0.03075
2650403,0.04246
2650404,0.06226
2650405,0.06287
2650406,0.06167
2650407,0.0597
2650408,0.0653
2650409,0.06543
2650410,0.06635
2650411,0.07345
2650412,0.08221
2650413,0.09233
2650414,0.09262
2650415,0.06567
2650416,0.04504
2650417,0.06298
2650635,0
2650636,0
2650637,0
2650638,0
2650651,0
2650652,0
2650653,0
2650654,0
2650656,0
2650663,0
2650664,0
2650665,0
2650666,0
2650667,0
2650668,0
2650669,0
2650670,0
2650671,0
2650672,0
2650673,0
2650674,0
2650675,0
2650676,0
2650677,0
2653480,0
2653481,0
2653482,0
2653483,0
2653484,0.00978
2653485,0.02526
2653486,0.03645
2653487,0.0408
2653488,0.04251
2653489,0.03492
2653490,0.01642
2653491,0
2653492,0
2653493,0
2653494,0
2653985,0
2653986,0
2653987,0
2653988,0
2653989,0
2653999,0
2654002,0.0062
2654003,0.01137
2654008,0.0199
2654012,0.04664
2654013,0.03988
2654014,0.03257
2654016,0.03789
2654017,0.03003
2654018,0.02647
2654019,0.02817
2654020,0.031
2654021,0.05097
2654022,0.06312
2654023,0.06524
2654024,0.06311
2654025,0.06371
2654026,0.07008
2654027,0.08087
2654028,0.07797
2654029,0.08407
2654030,0.0958
2654031,0.09906
2654032,0.07498
2654033,0.05867
2654034,0.06707
2654252,0
2654253,0
2654254,0
2654255,0
2654256,0
2654269,0
2654270,0
2654281,0
2654282,0
2654283,0
2654284,0
2654285,0
2654286,0
2654287,0
2654288,0
2654289,0
2654290,0
2654291,0
2654292,0
2654293,0
2654294,0
2657097,0
2657098,0
2657099,0
2657100,0
2657101,0
2657102,0.00687
2657103,0.01821
2657104,0.0238
2657105,0.02703
2657106,0.01799
2657108,0
2657109,0
2657110,0
2657111,0
2657601,0
2657602,0
2657603,0
2657604,0
2657605,0
2657606,0
2657633,0.03316
2657636,0.04015
2657637,0.03511
2657638,0.04405
2657639,0.058
2657640,0.07183
2657641,0.07536
2657642,0.05896
2657643,0.06498
2657644,0.07248
2657645,0.05977
2657646,0.07201
2657647,0.09446
2657648,0.09975
2657649,0.08817
2657650,0.06801
2657651,0.07635
2657869,0
2657870,0
2657871,0
2657872,0
2657873,0
2657887,0
2657888,0
2657890,0
2657898,0
2657899,0
2657902,0
2657903,0
2657904,0
2657905,0
2657906,0
2657907,0
2657908,0
2657910,0
2657911,0
2657912,0
2660715,0
2660716,0
2660717,0
2660718,0
2660719,0
2660720,0
2660721,0.00464
2660722,0.01024
2660723,0.00594
2660724,0
2660726,0
2660727,0
2660728,0
2660729,0
2661219,0
2661220,0
2661221,0
2661222,0
2661223,0
2661224,0
2661250,0.03775
2661251,0.04275
2661252,0.0428
2661253,0.04226
2661254,0.04052
2661255,0.04839
2661256,0.05298
2661257,0.06161
2661258,0.06698
2661259,0.05889
2661260,0.06706
2661261,0.07178
2661262,0.06335
2661263,0.07296
2661264,0.08612
2661265,0.0865
2661266,0.09375
2661267,0.08484
2661268,0.09051
2661269,0.11196
2661486,0
2661487,0
2661488,0
2661489,0
2661490,0
2661492,0
2661502,0
2661506,0
2661509,0
2661516,0
2661517,0
2661520,0
2661521,0
2661522,0
2661523,0
2661524,0
2661525,0
2661528,0
2661529,0
2661530,0
2664335,0
2664336,0
2664337,0
2664338,0
2664339,0
2664340,0
2664341,0
2664342,0
2664343,0
2664344,0
2664345,0
2664346,0
2664836,0
2664837,0
2664838,0
2664839,0
2664840,0
2664841,0
2664869,0.04742
2664870,0.04261
2664871,0.04064
2664872,0.04693
2664873,0.04851
2664874,0.04947
2664875,0.06093
2664876,0.06142
2664877,0.06356
2664878,0.07333
2664879,0.07094
2664880,0.08213
2664881,0.09206
2664882,0.08154
2664883,0.091
2664884,0.09151
2664885,0.08917
2664886,0.1024
2665102,0
2665104,0
2665105,0
2665106,0
2665107,0
2665108,0
2665109,0
2665110,0
2665111,0
2665117,0
2665118,0
2665119,0
2665120,0
2665121,0
2665127,0
2665128,0
2665133,0
2665134,0
2665140,0
2665141,0
2665142,0
2665146,0
2665147,0
2667952,0
2667953,0
2667954,0
2667955,0
2667956,0
2667957,0
2667958,0
2667960,0
2667961,0
2667962,0
2667963,0
2668450,0
2668451,0
2668452,0
2668453,0
2668454,0
2668455,0
2668456,0
2668457,0
2668458,0
2668486,0.06118
2668487,0.04598
2668488,0.04047
2668489,0.0416
2668490,0.04294
2668491,0.04393
2668492,0.04455
2668493,0.05911
2668494,0.05817
2668495,0.07391
2668496,0.07615
2668497,0.08864
2668498,0.09629
2668499,0.08186
2668500,0.09047
2668501,0.09949
2668502,0.06511
2668503,0.0609
2668505,0
2668720,0
2668722,0
2668723,0
2668724,0
2668725,0
2668726,0
2668727,0
2668728,0
2668729,0
2668734,0
2668735,0
2668736,0
2668737,0
2668738,0
2668739,0
2668740,0
2668745,0
2668746,0
2668750,0
2668751,0
2668759,0
2668763,0
2668764,0
2671570,0
2671571,0
2671572,0
2671573,0
2671574,0
2671575,0
2671576,0
2671577,0
2671578,0
2671579,0
2671580,0
2671581,0
2672067,0
2672068,0
2672069,0
2672070,0
2672072,0
2672073,0
2672105,0.0438
2672106,0.04118
2672107,0.04067
2672108,0.04578
2672109,0.04331
2672110,0.04893
2672111,0.05744
2672112,0.06988
2672113,0.08332
2672114,0.08935
2672115,0.09709
2672116,0.0931
2672117,0.09662
2672118,0.10135
2672119,0.07338
2672120,0.05974
2672121,0.064
2672122,0.07089
2672338,0
2672339,0
2672340,0
2672341,0
2672344,0
2672345,0
2672346,0
2672351,0
2672355,0
2672356,0
2672357,0
2672362,0
2672363,0
2672364,0
2672372,0
2672373,0
2672374,0
2672375,0
2672376,0
2672381,0
2675189,0
2675190,0
2675191,0
2675192,0
2675193,0
2675194,0
2675195,0
2675196,0
2675197,0
2675198,0
2675684,0
2675685,0
2675686,0
2675687,0
2675688,0
2675689,0
2675690,0
2675723,0.05732
2675724,0.06118
2675725,0.04931
2675726,0.05098
2675727,0.05607
2675728,0.06492
2675729,0.07023
2675730,0.08651
2675731,0.09177
2675732,0.09208
2675733,0.09314
2675734,0.09192
2675735,0.09947
2675736,0.09209
2675737,0.07319
2675738,0.07453
2675739,0.10027
2675740,0.12049
2675956,0
2675957,0
2675958,0
2675959,0
2675962,0
2675963,0
2675964,0
2675965,0
2675966,0
2675967,0
2675968,0
2675972,0
2675973,0
2675974,0
2675975,0
2675976,0
2675980,0
2675981,0
2675982,0
2675989,0
2675990,0
2675993,0
2675994,0
2675997,0
2675998,0
2675999,0
2678806,0
2678807,0
2678808,0
2678809,0
2678810,0
2678811,0
2678812,0
2678813,0
2678814,0
2678815,0
2679302,0
2679303,0
2679304,0
2679306,0
2679307,0
2679308,0.00385
2679318,0
2679340,0.05865
2679341,0.06122
2679342,0.05288
2679343,0.05167
2679344,0.0584
2679345,0.06415
2679346,0.07736
2679347,0.09192
2679348,0.09384
2679349,0.09586
2679350,0.0927
2679351,0.09021
2679352,0.09284
2679353,0.0904
2679354,0.08261
2679355,0.08639
2679356,0.10135
2679357,0.11425
2679358,0.13402
2679574,0.0113
2679576,0
2679577,0
2679578,0
2679579,0
2679580,0
2679581,0
2679582,0
2679583,0
2679584,0
2679589,0
2679592,0
2679593,0
2679594,0
2679598,0
2679599,0
2679600,0
2679607,0
2679608,0
2679611,0
2679612,0
2679613,0
2679614,0
2679615,0
2679616,0
2682424,0
2682425,0
2682426,0
2682427,0
2682428,0
2682429,0
2682430,0
2682431,0
2682432,0
2682918,0
2682919,0
2682920,0
2682921,0
2682923,0.00304
2682924,0
2682925,0.00444
2682934,0
2682936,0
2682959,0.0638
2682960,0.06505
2682961,0.06257
2682962,0.05817
2682963,0.08585
2682964,0.10015
2682965,0.08494
2682966,0.09799
2682967,0.10128
2682968,0.0988
2682969,0.10104
2682970,0.10618
2682971,0.10082
2682972,0.10221
2682973,0.10907
2682974,0.10988
2682975,0.09478
2683191,0.05111
2683199,0
2683200,0
2683201,0
2683206,0
2683210,0
2683211,0
2683212,0
2683215,0
2683218,0
2683219,0
2683225,0
2683226,0
2683227,0
2683229,0
2683230,0
2683231,0
2683232,0
2686041,0
2686042,0
2686043,0
2686044,0
2686045,0
2686046,0
2686047,0
2686048,0
2686049,0
2686534,0
2686535,0
2686536,0
2686537,0
2686541,8e-4
2686552,0
2686576,0.07289
2686577,0.07846
2686578,0.07945
2686579,0.07377
2686580,0.09784
2686581,0.10322
2686582,0.09484
2686583,0.10677
2686584,0.11458
2686585,0.11817
2686586,0.11999
2686587,0.11987
2686588,0.11401
2686589,0.11254
2686590,0.11125
2686591,0.08735
2686592,0.08229
2686593,0.07592
2686808,0.06352
2686809,0.03624
2686810,0.01721
2686819,0
2686820,0
2686823,0
2686827,0
2686828,0
2686829,0
2686830,0
2686832,0
2686833,0
2686834,0
2686835,0
2686836,0
2686837,0
2686843,0
2686844,0
2686845,0
2686846,0
2689658,0
2689659,0
2689660,0
2689661,0
2689662,0
2689663,0
2689664,0
2689665,0
2689666,0
2690150,0
2690151,0
2690152,0
2690153,0
2690154,0.00318
2690155,0.02514
2690158,0.01604
2690193,0.0587
2690194,0.0742
2690195,0.09357
2690196,0.10382
2690197,0.12608
2690198,0.13451
2690199,0.11436
2690200,0.11875
2690201,0.11743
2690202,0.11837
2690203,0.11777
2690204,0.10493
2690205,0.11722
2690206,0.12949
2690207,0.11764
2690208,0.09056
2690209,0.09627
2690210,0.08034
2690427,0.02184
2690437,0
2690438,0
2690440,0
2690441,0
2690444,0
2690447,0
2690450,0
2690451,0
2690452,0
2690453,0
2690454,0
2690463,0
2690464,0
2690465,0
2693276,0
2693277,0
2693278,0
2693279,0
2693280,0
2693281,0
2693282,0
2693283,0
2693767,0
2693768,0
2693769,0
2693770,0
2693771,0
2693772,0.02167
2693775,0.01214
2693810,0.07569
2693811,0.06735
2693812,0.07755
2693813,0.10056
2693814,0.1197
2693815,0.13044
2693816,0.11408
2693817,0.1129
2693818,0.11068
2693819,0.11949
2693820,0.12351
2693821,0.11148
2693822,0.09951
2693823,0.11714
2693824,0.11425
2693825,0.08875
2693826,0.11997
2693827,0.1047
2693828,0.11243
2694045,0.02024
2694046,0.0011
2694055,0
2694056,0
2694058,0
2694059,0
2694060,0
2694061,0
2694064,0
2694065,0
2694067,0
2694068,0
2694069,0
2694070,0
2694071,0
2694072,0
2694078,0
2694079,0
2694080,0
2694082,0
2696895,0
2696896,0
2696897,0
2696898,0
2696899,0
2696900,0
2696901,0
2697385,0
2697386,0
2697387,0
2697388,0
2697389,0
2697392,0
2697393,0.00843
2697427,0.08169
2697428,0.07867
2697429,0.07251
2697430,0.08947
2697431,0.11017
2697432,0.11444
2697433,0.08093
2697434,0.08885
2697435,0.10302
2697436,0.11194
2697437,0.10917
2697438,0.11013
2697439,0.10267
2697440,0.11015
2697441,0.12078
2697442,0.09999
2697444,0.11089
2697445,0.12691
2697446,0.18936
2697663,0.03415
2697664,0.00189
2697673,0
2697676,0
2697677,0
2697682,0
2697683,0
2697684,0
2697685,0
2697686,0
2697688,0
2697689,0
2697695,0
2697697,0
2697698,0
2697699,0
2700513,0
2700514,0
2700515,0
2700516,0
2700517,0
2700518,0
2701002,0
2701003,0
2701004,0
2701005,0
2701006,0
2701009,0
2701010,0.00801
2701045,0.07562
2701046,0.07616
2701047,0.08165
2701048,0.09681
2701049,0.10027
2701050,0.08006
2701051,0.08843
2701052,0.09738
2701053,0.10191
2701054,0.10004
2701055,0.10109
2701056,0.10464
2701057,0.10297
2701058,0.11577
2701059,0.11584
2701060,0.10151
2701061,0.11359
2701062,0.13536
2701063,0.19265
2701281,0.00268
2701282,0
2701290,0
2701291,0
2701292,0
2701293,0
2701294,0
2701302,0
2701303,0
2701306,0
2701307,0
2701308,0
2701315,0
2701316,0
2704130,0
2704131,0
2704133,0
2704134,0
2704135,0
2704136,0
2704620,0
2704621,0
2704622,0
2704623,0
2704625,0
2704626,0
2704663,0.0783
2704664,0.08624
2704665,0.09547
2704666,0.09548
2704667,0.09523
2704668,0.09456
2704669,0.10192
2704670,0.10369
2704671,0.10374
2704672,0.10718
2704673,0.10975
2704674,0.10971
2704675,0.10611
2704676,0.10829
2704677,0.08204
2704678,0.10264
2704679,0.1172
2704680,0.15046
2704898,0.02813
2704899,0
2704907,0
2704908,0
2704909,0
2704910,0
2704911,0
2704913,0
2704921,0
2704922,0
2704924,0
2704925,0
2704926,0
2704931,0
2704933,0
2704934,0
2707748,0
2707749,0
2707750,0
2707751,0
2707752,0
2707753,0
2708237,0
2708238,0
2708239,0
2708240,0
2708243,0
2708281,0.09003
2708282,0.09689
2708283,0.0962
2708284,0.0898
2708285,0.07963
2708286,0.09033
2708287,0.10675
2708288,0.10808
2708289,0.11361
2708290,0.10464
2708291,0.0962
2708292,0.09592
2708293,0.09164
2708294,0.05574
2708295,0.06627
2708296,0.08961
2708297,0.11178
2708298,0.13781
2708516,0
2708524,0
2708525,0
2708526,0
2708529,0
2708530,0
2708535,0.00226
2708539,0
2708540,0
2708542,0
2708544,0
2708545,0
2708547,0
2708548,0
2708551,0
2708552,0
2708553,0
2708554,0
2708555,0
2711368,0
2711369,0
2711370,0
2711371,0
2711853,0
2711854,0
2711855,0
2711856,0
2711857,0
2711860,0
2711899,0.07873
2711900,0.08256
2711901,0.08589
2711902,0.0762
2711903,0.07944
2711904,0.09358
2711905,0.09339
2711906,0.10447
2711907,0.09541
2711909,0.0752
2711910,0.06516
2711911,0.03725
2711912,0.03377
2711913,0.06713
2711914,0.0951
2711915,0.121
2712129,0.09746
2712131,0.0776
2712132,0.05762
2712133,0
2712134,0
2712141,0
2712142,0
2712146,0
2712147,0
2712148,0
2712157,0
2712158,0
2712160,0
2712161,0
2712162,0
2712163,0
2712164,0
2712168,0
2712169,0
2712170,0
2712171,0
2712172,0
2714985,0
2714986,0
2714987,0
2714988,0
2714989,0
2714990,0
2715471,0
2715472,0
2715473,0
2715474,0
2715477,0
2715516,0.05865
2715517,0.07375
2715518,0.07955
2715519,0.07893
2715520,0.08388
2715521,0.0911
2715522,0.09189
2715523,0.08675
2715524,0.08535
2715525,0.07626
2715526,0.06723
2715527,0.0556
2715528,0.02933
2715529,0.01827
2715530,0.05435
2715531,0.09442
2715532,0.12358
2715533,0.18416
2715743,0.09923
2715744,0.10432
2715745,0.1005
2715746,0.09827
2715748,0.08497
2715749,0.07066
2715751,0.00437
2715752,0.01588
2715759,0
2715763,0
2715764,0
2715765,0
2715766,0
2715767,0
2715776,0
2715777,0
2715779,0
2715780,0
2715781,0
2715785,0
2715786,0
2715787,0
2715788,0
2715789,0
2715790,0
2715791,0
2715792,0
2715793,0
2715794,0
2718603,0
2718604,0
2718605,0
2718606,0
2718607,0
2718608,0
2719088,0
2719089,0
2719090,0
2719091,0
2719094,0
2719095,0
2719133,0.04903
2719134,0.07302
2719135,0.07425
2719136,0.08011
2719137,0.08942
2719138,0.08762
2719139,0.08833
2719140,0.08427
2719141,0.08088
2719142,0.07276
2719143,0.06696
2719144,0.0656
2719145,0.04419
2719146,0.05294
2719148,0.08476
2719149,0.09448
2719360,0.09785
2719361,0.10526
2719362,0.10231
2719363,0.10009
2719365,0.08924
2719366,0.075
2719369,0.02738
2719377,0
2719380,0
2719382,0
2719383,0
2719384,0
2719392,0
2719393,0
2719394,0
2719396,0
2719398,0
2719399,0
2719402,0
2719403,0
2719405,0
2719406,0
2719407,0
2719408,0
2719409,0
2719410,0
2719412,0
2719413,0
2722221,0
2722222,0
2722705,0
2722706,0
2722707,0.00267
2722708,0.00246
2722712,0
2722713,0.0123
2722750,0.05774
2722751,0.06806
2722752,0.0716
2722753,0.07366
2722754,0.08166
2722755,0.08311
2722756,0.07617
2722757,0.07889
2722758,0.0637
2722759,0.05332
2722760,0.05987
2722761,0.0615
2722762,0.0467
2722763,0.05808
2722765,0.04293
2722766,0
2722767,0
2722975,0.0848
2722976,0.08806
2722977,0.09967
2722978,0.10395
2722979,0.10035
2722980,0.09337
2722982,0.08539
2722983,0.07562
2722984,0.06612
2722987,0.03282
2722993,0
2722995,0
2722996,0
2722997,0
2723000,0
2723001,0
2723002,0.00272
2723003,0.01593
2723004,0.033890000000000003
2723005,0.02774
2723009,0
2723010,0
2723012,0
2723013,0
2723014,0
2723015,0
2723016,0
2723017,0
2723018,0
2723019,0
2723020,0
2723023,0
2723024,0
2723025,0
2723030,0
2723031,0
2725838,0
2725839,0
2726322,0.01179
2726323,0.01126
2726324,0.01266
2726325,0
2726329,0
2726330,0.00316
2726331,0.01838
2726368,0.06166
2726369,0.06681
2726370,0.06199
2726371,0.06413
2726372,0.07576
2726373,0.07516
2726374,0.0692
2726375,0.04898
2726376,0.0372
2726377,0.05551
2726378,0.05505
2726379,0.03718
2726380,0.04566
2726381,0.06084
2726592,0.07802
2726593,0.08513
2726594,0.09683
2726595,0.09925
2726596,0.10132
2726597,0.093410000000000007
2726598,0.08611
2726599,0.08656
2726600,0.08077
2726601,0.07446
2726602,0.06294
2726604,0.02403
2726610,0
2726614,0
2726615,0
2726617,0
2726618,0
2726619,0
2726622,0.03618
2726626,0
2726627,0
2726631,0
2726633,0
2726634,0
2726635,0
2726636,0
2726637,0
2726648,0
2726649,0
2729939,0.01294
2729940,0.00909
2729941,0.00985
2729942,0
2729945,0
2729946,0
2729947,0
2729948,0.01755
2729985,0.05476
2729986,0.06419
2729987,0.06096
2729988,0.05563
2729989,0.06214
2729990,0.06695
2729991,0.06477
2729992,0.04517
2729993,0.03494
2729994,0.04336
2729997,0.05195
2729998,0.0564
2730208,0.08041
2730209,0.07163
2730210,0.07359
2730211,0.08639
2730212,0.09579
2730213,0.10536
2730214,0.09771
2730215,0.08242
2730216,0.08142
2730217,0.07715
2730218,0.07219
2730220,0.05909
2730221,0.02842
2730222,0
2730227,0
2730231,0
2730234,0
2730236,0
2730237,0
2730240,0.0051
2730241,0
2730243,0
2730244,0
2730248,0
2730249,0
2730251,0
2730252,0
2730253,0
2730254,0
2730255,0
2730265,0
2730266,0
2733556,0.00114
2733557,0.0044
2733558,0.0049
2733559,0
2733560,0
2733562,0
2733563,0
2733564,0
2733565,0.0081
2733571,0.0275
2733572,0.01883
2733602,0.04873
2733603,0.05873
2733604,0.06971
2733605,0.06308
2733606,0.06059
2733607,0.06282
2733608,0.06055
2733609,0.04853
2733610,0.03827
2733611,0.0252
2733612,0.01538
2733613,0.05007
2733614,0.06411
2733615,0.06329
2733616,0.01589
2733617,0
2733825,0.07734
2733826,0.068
2733827,0.06488
2733828,0.07037
2733830,0.1241
2733831,0.10353
2733832,0.0872
2733833,0.08387
2733834,0.07498
2733836,0.06478
2733837,0.06133
2733838,0.03387
2733839,0
2733840,0
2733843,0
2733844,0
2733845,0
2733848,0
2733851,0
2733854,0
2733855,0
2733856,0
2733857,0
2733858,0
2733859,0
2733860,0
2733861,0
2733867,0
2733868,0
2733869,0
2733870,0
2733871,0
2733872,0
2733883,0
2733884,0
2733885,0
2737174,0.00476
2737175,0.00304
2737176,0.00147
2737179,0
2737180,0
2737181,0
2737182,3.5e-4
2737183,0.01178
2737188,0.02758
2737189,0.01999
2737220,0.05617
2737221,0.07351
2737222,0.06276
2737223,0.06066
2737224,0.0661
2737225,0.06345
2737226,0.04806
2737227,0.03388
2737228,0.02557
2737229,0.00162
2737230,0.02662
2737231,0.06113
2737233,0.06398
2737234,0.00609
2737442,0.07155
2737443,0.06123
2737444,0.05457
2737445,0.0567
2737448,0.12698
2737449,0.11393
2737450,0.09273
2737451,0.07417
2737452,0.06856
2737453,0.06431
2737455,0.03804
2737458,0
2737459,0
2737460,0
2737461,0
2737462,0
2737463,0
2737466,0
2737468,0
2737472,0
2737473,0
2737474,0
2737475,0
2737476,0
2737477,0
2737478,0
2737479,0
2737481,0
2737485,0
2737486,0
2737487,0
2737488,0
2737489,0
2737490,0
2737502,0
2740791,1.7e-4
2740792,0
2740793,0
2740796,0
2740799,0.00116
2740800,0.01436
2740837,0.0691
2740838,0.08239
2740839,0.0642
2740840,0.06112
2740841,0.06732
2740842,0.06248
2740843,0.04481
2740845,0.03367
2740846,0.00877
2740847,0.01846
2740848,0.05596
2740849,0.06759
2740850,0.07164
2740851,0.05849
2740852,0.05021
2741060,0.05494
2741061,0.04703
2741062,0.04825
2741063,0.05955
2741067,0.10259
2741068,0.07121
2741069,0.06103
2741070,0.05799
2741071,0.05703
2741072,0.03796
2741074,0
2741075,0
2741076,0
2741077,0
2741078,0
2741079,0
2741080,0
2741083,0
2741085,0
2741090,0.00195
2741091,0
2741092,0
2741093,0
2741094,0
2741095,0
2741098,0
2741099,0
2741104,0
2741105,0
2741106,0
2741107,0
2741108,0
2741118,0
2741119,0
2744408,0
2744409,0
2744410,0
2744413,0
2744414,0.01126
2744416,0.00839
2744417,0.01924
2744455,0.08017
2744456,0.06921
2744457,0.06328
2744458,0.05719
2744459,0.05031
2744460,0.03154
2744461,0.02896
2744462,0.02934
2744463,0.0047
2744464,0.01399
2744465,0.0509
2744466,0.06302
2744467,0.07472
2744468,0.07287
2744469,0.0405
2744470,0
2744675,0.05303
2744676,0.05699
2744677,0.04859
2744678,0.04291
2744679,0.04603
2744680,0.05474
2744681,0.06157
2744685,0.06317
2744686,0.04978
2744687,0.04436
2744688,0.04108
2744689,0.03008
2744690,0.01673
2744693,0
2744694,0
2744696,0
2744697,0
2744698,0
2744699,0
2744701,0
2744702,0
2744703,0
2744709,0
2744710,0
2744711,0
2744712,0
2744715,0
2744716,0
2744717,0
2744721,0
2744722,0
2744723,0
2744724,0
2744725,0
2744726,0
2744727,0
2744736,0
2744737,0
2748024,0.00753
2748025,0
2748026,0
2748027,0
2748030,0
2748031,0.01068
2748032,0.00946
2748033,0.00996
2748072,0.0664
2748073,0.06345
2748074,0.05258
2748075,0.04537
2748076,0.04139
2748077,0.02664
2748078,0.03045
2748079,0.02951
2748080,0.00906
2748082,0.05035
2748083,0.06104
2748084,0.08329
2748085,0.07739
2748088,0
2748292,0.04932
2748293,0.04879
2748294,0.03848
2748295,0.0309
2748296,0.037
2748299,0.05539
2748300,0.05319
2748302,0.05202
2748303,0.04079
2748304,0.0291
2748305,0.02546
2748306,0.01883
2748307,0.00717
2748310,0
2748312,0
2748313,0
2748315,0
2748316,0
2748317,0
2748318,0
2748319,0
2748320,0
2748326,0
2748327,0
2748328,0
2748329,0
2748331,0
2748332,0
2748333,0
2748334,0
2748335,0
2748339,0
2748340,0
2748341,0
2748342,0
2748343,0
2748344,0
2748345,0
2748353,0
2748354,0
2751641,0.00673
2751642,8.9e-4
2751643,0
2751644,0
2751647,0
2751648,0.00818
2751649,0.00798
2751650,0.00633
2751689,0.06131
2751690,0.06055
2751691,0.04915
2751692,0.04553
2751693,0.04146
2751694,0.02873
2751696,0.03664
2751697,0.02938
2751698,0.02043
2751699,0.05459
2751700,0.0644
2751702,0.07947
2751908,0.05678
2751909,0.0533
2751910,0.04641
2751911,0.03443
2751912,0.02225
2751913,0.02198
2751914,0.02784
2751917,0.05463
2751918,0.04268
2751919,0.0425
2751920,0.0334
2751921,0.02194
2751922,0.01707
2751923,0.01118
2751925,0
2751928,0
2751929,0
2751930,0
2751931,0
2751932,0
2751934,0
2751936,0
2751937,0
2751938,0
2751943,0
2751944,0
2751945,0
2751946,0
2751947,0
2751948,0
2751949,0
2751950,0
2751951,0
2751952,0
2751953,0
2751954,0
2751956,0
2751957,0
2751958,0
2751959,0
2751960,0
2751961,0
2751962,0
2751963,0
2751970,0
2751971,0
2755258,0.00264
2755259,0
2755260,0
2755261,0
2755264,0
2755265,0.00619
2755266,0.01025
2755267,0.0072
2755306,0.06073
2755307,0.05954
2755308,0.05232
2755309,0.04554
2755311,0.0276
2755312,0.02818
2755313,0.03972
2755314,0.04041
2755315,0.02848
2755317,0.07225
2755318,0.09849
2755319,0.09859
2755320,0
2755321,0
2755526,0.05271
2755527,0.0453
2755528,0.03565
2755529,0.02573
2755530,0.01418
2755531,0.00948
2755532,0.00839
2755534,0.04459
2755535,0.03615
2755536,0.03294
2755537,0.02929
2755538,0.02239
2755539,0.01844
2755540,0.01189
2755541,0.00225
2755542,0
2755546,0
2755547,0
2755548,0
2755549,0
2755551,0
2755556,0
2755557,0
2755558,0
2755559,0.00331
2755560,0.00315
2755561,0
2755562,0
2755563,0
2755564,0
2755565,0
2755566,0
2755567,0
2755568,0
2755569,0
2755570,0
2755571,0
2755572,0
2755574,0
2755575,0
2755577,0
2755578,0
2755579,0
2755580,0
2755581,0
2755588,0
2758876,0
2758877,0
2758878,0
2758881,0
2758882,7.3e-4
2758883,0.01322
2758884,0.00983
2758885,0.01873
2758923,0.06136
2758924,0.05821
2758925,0.04841
2758926,0.04102
2758927,0.03113
2758928,0.02934
2758929,0.03366
2758930,0.04286
2758931,0.04219
2758932,0.03289
2758933,0.04218
2758934,0.06706
2758935,0.10252
2758936,0.1227
2758940,0
2759143,0.04428
2759144,0.03821
2759145,0.03156
2759146,0.02761
2759147,0.01598
2759148,0.00564
2759149,0.0043
2759150,0.02453
2759151,0.03444
2759152,0.02873
2759153,0.02512
2759154,0.02536
2759155,0.0199
2759156,0.01683
2759157,0.01049
2759158,3e-4
2759159,0
2759160,0
2759166,0
2759168,0
2759169,0
2759170,0
2759174,0
2759175,0
2759176,0.00292
2759177,0.01246
2759178,0.00613
2759179,0
2759180,0
2759181,0
2759182,0
2759183,0
2759184,0
2759185,0
2759186,0
2759187,0
2759188,0
2759189,0
2759190,0
2759191,0
2759192,0
2759193,0
2759194,0.00332
2759195,0.02119
2759196,0
2759197,0
2759198,0
2759199,0
2759205,0
2762492,0.00732
2762493,0.00181
2762494,0
2762495,0
2762496,0
2762498,0
2762499,0
2762541,0.06327
2762542,0.0499
2762543,0.03809
2762544,0.03385
2762545,0.02918
2762546,0.03201
2762547,0.03993
2762548,0.04175
2762549,0.03424
2762550,0.02784
2762551,0.05399
2762552,0.09888
2762553,0.12369
2762556,0
2762557,0
2762758,0.05898
2762759,0.05363
2762760,0.0414
2762761,0.03132
2762762,0.01997
2762763,0.01092
2762764,0.00461
2762765,0.00144
2762766,0.00153
2762767,0.00888
2762768,0.02416
2762769,0.02115
2762770,0.01778
2762771,0.01602
2762772,0.01091
2762773,0.00854
2762774,0
2762775,0
2762776,0
2762777,0
2762784,0
2762785,0
2762788,0
2762792,0
2762793,4.5e-4
2762794,0.02506
2762795,0.01712
2762796,0
2762797,0
2762798,0
2762799,0
2762800,0
2762801,0
2762802,0
2762803,0
2762804,0
2762805,0
2762806,0
2762807,0
2762808,0
2762809,0
2762810,0
2762813,0.00227
2762814,0
2762815,0
2762816,0
2762822,0
2766109,0.00615
2766111,0
2766112,0
2766114,0
2766115,0
2766116,0
2766158,0.06042
2766159,0.04794
2766160,0.03489
2766161,0.02824
2766162,0.02964
2766163,0.03304
2766164,0.03593
2766165,0.03242
2766166,0.02499
2766167,0.02174
2766168,0.04339
2766169,0.07557
2766170,0.10159
2766171,0.10639
2766173,0.05675
2766174,0
2766375,0.05136
2766376,0.05032
2766377,0.04422
2766378,0.02993
2766379,0
2766380,0
2766381,0
2766382,0
2766383,0
2766384,0.0052
2766385,0.01315
2766386,0.01478
2766387,0.00542
2766388,0.0019
2766389,0
2766390,0
2766391,0
2766392,0
2766393,0
2766394,0
2766395,0
2766396,0
2766398,0
2766400,0
2766401,0
2766402,0
2766404,0
2766405,0
2766414,0
2766415,0
2766416,0
2766417,0
2766418,0
2766419,0
2766420,0
2766421,0
2766422,0
2766423,0
2766424,0
2766425,0
2766426,0
2766427,0
2766428,0
2766431,0
2766432,0
2766433,0
2766439,0
2766440,0
2769726,0
2769727,0
2769728,0
2769729,0
2769730,0
2769732,0
2769739,0.02232
2769740,0.02761
2769741,0.03034
2769776,0.04676
2769777,0.04146
2769778,0.02983
2769779,0.03303
2769780,0.04649
2769781,0.04423
2769782,0.02761
2769783,0.01635
2769784,0.00649
2769785,0.01576
2769786,0.03597
2769787,0.07257
2769788,0.09978
2769789,0.09226
2769790,0.08062
2769791,0.02427
2769991,0.05137
2769992,0.04612
2769993,0.04449
2769994,0.04162
2769995,0.02848
2769996,0
2769997,0
2769998,0
2769999,0
2770000,0
2770001,0
2770002,0.00443
2770003,0.00802
2770004,0
2770005,0
2770006,0
2770007,0
2770008,0
2770009,0
2770010,0
2770011,0
2770012,0
2770013,0
2770014,0
2770015,0
2770018,0
2770020,0
2770022,0
2770034,0
2770035,0
2770036,0
2770037,0
2770038,0
2770039,0
2770040,0
2770041,0
2770042,0
2770043,0
2770044,0
2770046,0.00741
2770047,0.01673
2770048,6e-5
2770049,0
2770057,0.00692
2770058,0.00821
2773345,0
2773346,0
2773347,0
2773349,0
2773356,0.02622
2773357,0.02791
2773358,0.02669
2773394,0.05158
2773395,0.04546
2773396,0.03839
2773397,0.04775
2773398,0.04773
2773399,0.03345
2773400,0.01583
2773401,0
2773402,0
2773403,0.01114
2773404,0.0396
2773405,0.08452
2773406,0.09194
2773407,0.07657
2773408,0.04653
2773608,0.04436
2773609,0.04533
2773610,0.04241
2773611,0.03076
2773612,0.01821
2773613,0
2773615,0
2773616,0
2773617,0
2773618,0
2773619,0
2773621,0
2773622,0
2773623,0
2773624,0
2773625,0
2773626,0
2773627,0
2773628,0
2773629,0
2773630,0
2773631,0
2773632,0
2773633,0
2773634,0
2773635,0
2773636,0
2773639,0
2773651,0
2773652,0
2773653,0
2773654,0
2773655,0
2773656,0
2773657,0
2773658,0
2773659,0
2773660,0
2773661,0.0086
2773665,0.03038
2773666,0.04096
2773675,0.01524
2773676,0.00442
2776962,0
2776963,0
2776964,0
2776965,0
2776966,0
2776973,0.03138
2776974,0.03409
2776975,0.02955
2777011,0.05296
2777012,0.06093
2777013,0.04607
2777014,0.04337
2777015,0.04523
2777016,0.04218
2777017,0.02269
2777018,0
2777019,0
2777020,0.00888
2777022,0.06729
2777023,0.0814
2777024,0.07962
2777025,0.04978
2777225,0.03518
2777226,0.03676
2777227,0.03794
2777228,0.02028
2777229,0
2777230,0
2777232,0
2777233,0
2777234,0
2777235,0
2777236,0
2777237,0
2777238,0
2777239,0
2777240,0
2777241,0
2777242,0
2777244,0
2777245,0
2777246,0
2777247,0
2777248,0
2777249,0
2777250,0
2777251,0
2777252,0
2777253,0.00173
2777254,0.01171
2777256,0
2777268,0
2777269,0
2777270,0
2777271,0
2777272,0
2777273,0
2777274,0
2777275,0
2777276,0
2777277,0
2777278,0.01846
2777279,0.03528
2777292,0.01485
2777293,0.00639
2780580,0
2780581,0
2780582,0
2780583,0
2780584,0.00617
2780590,0.02663
2780591,0.02512
2780592,0.02529
2780628,0.05023
2780629,0.07011
2780630,0.04981
2780631,0.04272
2780632,0.03847
2780633,0.03372
2780634,0.02756
2780635,0.00633
2780636,0
2780637,0
2780638,0.02578
2780639,0.05892
2780640,0.07363
2780641,0.0836
2780642,0.05555
2780643,0.00215
2780842,0.03841
2780843,0.0353
2780844,0.03254
2780845,0.00192
2780846,0
2780847,0
2780850,0
2780851,0
2780852,0
2780853,0
2780854,0
2780855,0
2780856,0
2780857,0
2780858,0
2780859,0
2780860,0
2780861,0
2780862,0
2780863,0
2780864,0
2780865,0
2780866,0
2780867,0
2780868,0
2780869,0
2780870,8.5e-4
2780871,0.01295
2780873,0
2780885,0
2780886,0
2780887,0.00435
2780888,0.0052
2780889,0
2780890,0
2780891,0
2780892,0
2780893,0
2780894,0.01369
2780895,0.0272
2780896,0.03908
2780897,0.05357
2780904,0
2780910,0.01019
2780911,0.00118
2784198,0
2784199,0
2784200,0
2784201,0.01302
2784208,0.0178
2784209,0.01854
2784246,0.0558
2784247,0.05668
2784248,0.05007
2784249,0.0375
2784250,0.03163
2784251,0.03363
2784252,0.01505
2784253,0.00712
2784254,0.00526
2784255,0.0225
2784256,0.04891
2784257,0.0586
2784258,0.07506
2784259,0.07162
2784459,0.04066
2784460,0.03734
2784461,0.02806
2784462,0
2784463,0
2784466,0
2784467,0
2784468,0
2784469,0
2784470,0
2784471,0
2784472,0
2784473,0
2784474,0
2784475,0
2784476,0
2784477,0
2784478,0
2784479,0
2784480,0
2784481,0
2784482,0
2784483,0
2784484,0
2784485,0
2784486,0
2784487,0
2784490,0
2784501,0
2784502,0
2784503,0.00144
2784504,0.00826
2784505,0.01135
2784506,0.01462
2784507,0.01366
2784508,0
2784509,0
2784511,0.0308
2784512,0.03595
2784513,0.048280000000000003
2784514,0.06005
2784521,4e-4
2784522,0.00762
2784528,0.00252
2787812,0.00749
2787813,0.00244
2787815,0
2787816,0
2787817,0
2787818,0.0066
2787825,0.01971
2787826,0.01849
2787863,0.04076
2787864,0.0558
2787865,0.05453
2787866,0.04312
2787867,0.03997
2787868,0.04052
2787869,0.0309
2787870,0.01986
2787871,0.01523
2787872,0.02512
2787873,0.04345
2787874,0.03803
2787875,0.03371
2787876,0
2788075,0.02597
2788076,0.03071
2788077,0.03177
2788078,0.02885
2788079,0.00589
2788080,0
2788081,0
2788082,0
2788085,0
2788086,0
2788087,0
2788088,0
2788089,0
2788090,0
2788091,0
2788092,0
2788093,0
2788094,0
2788095,0
2788096,0
2788097,0
2788098,0
2788099,0
2788100,0
2788101,0
2788102,0
2788103,0
2788104,0
2788108,0
2788118,0
2788119,0
2788120,0
2788121,0
2788122,0
2788123,0.0109
2788124,0.02195
2788125,0.01653
2788126,0.00585
2788128,0.051090000000000003
2788129,0.0491
2788130,0.0626
2788131,0.07484
2788138,0.04163
2788139,0.02459
2788140,0
2788141,0
2788142,0
2788143,0
2788144,2.2e-4
2788145,0
2788146,0
2791429,0.00663
2791430,0.00823
2791431,0.00906
2791432,0.00588
2791433,0.00317
2791434,3e-4
2791435,0.00395
2791442,0.02202
2791443,0.01549
2791481,0.05521
2791482,0.05283
2791483,0.04559
2791484,0.04503
2791485,0.05028
2791486,0.0383
2791487,0.02296
2791488,0.02104
2791489,0.02972
2791490,0.04136
2791491,0.0186
2791493,0
2791693,0.02833
2791694,0.03277
2791695,0.028
2791696,0.00965
2791697,0
2791701,0
2791702,0
2791703,0
2791704,0
2791705,0
2791706,0
2791707,0
2791708,0
2791709,0
2791710,0
2791711,0
2791712,0
2791713,0
2791714,0
2791715,0
2791716,0
2791717,0
2791718,0
2791719,0
2791720,0
2791721,0
2791724,0
2791725,0
2791733,0
2791734,0
2791735,0
2791736,0
2791738,0
2791739,0
2791740,0
2791741,0.02093
2791742,0.02428
2791743,0.02397
2791744,0.02786
2791746,0.06561
2791748,0.0811
2791756,0.02906
2791757,4.8e-4
2791758,0
2791759,0
2791760,0
2791762,0
2791763,0
2795047,0.00824
2795048,0.01115
2795049,0.02147
2795050,0.01543
2795051,0
2795052,0.01269
2795059,0.01738
2795060,0.01147
2795098,0.05567
2795099,0.04619
2795100,0.04377
2795101,0.03869
2795102,0.03938
2795103,0.03058
2795104,0.01499
2795105,0.00748
2795106,0.0288
2795107,0.07239
2795108,0.01802
2795109,0
2795110,0
2795111,0
2795310,0.02478
2795311,0.02527
2795312,0.02151
2795313,0.0099
2795314,0
2795318,0
2795319,0
2795320,0
2795321,0
2795322,0
2795323,0
2795324,0
2795325,0
2795326,0
2795327,0
2795328,0
2795329,0
2795330,0
2795331,0
2795332,0
2795334,0
2795335,0
2795336,0
2795337,0
2795338,0.00585
2795341,0.0057
2795350,0
2795351,0
2795358,0.02751
2795359,0.0238
2795360,0.02365
2795363,0.08712
2795365,0.08038
2795366,0.07937
2795368,0.04126
2795373,0.03683
2795374,0.01596
2795375,0
2795376,0
2795377,0
2795378,0
2795379,0
2795380,0
2795381,0
2798664,0.00812
2798665,0.01204
2798666,0.03168
2798668,0.00818
2798669,0.01511
2798676,0.01728
2798677,0.01645
2798715,0.04926
2798716,0.0387
2798717,0.02954
2798718,0.03205
2798719,0.03192
2798720,0.0208
2798721,0.01426
2798722,0.01612
2798723,0.02541
2798725,0.03523
2798726,0
2798727,0
2798927,0.0265
2798928,0.02884
2798929,0.00956
2798930,0.00668
2798931,0
2798932,0
2798933,0
2798935,0
2798937,0
2798938,0
2798939,0
2798940,0
2798941,0
2798942,0
2798943,0
2798944,0
2798945,0
2798946,0
2798947,0
2798948,0
2798949,0
2798951,0
2798952,0
2798953,0
2798954,0
2798955,0.00188
2798958,0.00946
2798967,0
2798968,0.00225
2798975,0.02052
2798976,0.01492
2798977,0.01043
2798980,0.08514
2798983,0.09769
2798984,0.10164
2798985,0.07665
2798986,0.02927
2798990,0.04364
2798991,0.02363
2798992,0.00575
2798993,0
2798994,0
2798995,0
2798997,0
2798998,0
2802282,0.00642
2802285,0.01706
2802286,0.01355
2802287,0.02009
2802294,0.01792
2802333,0.03516
2802334,0.03013
2802335,0.03094
2802336,0.03499
2802337,0.02173
2802338,0.01505
2802339,0.02212
2802340,0.03038
2802341,0.03168
2802342,0.04393
2802343,0
2802542,0.02491
2802543,0.01962
2802544,0.01756
2802545,0.0206
2802546,0.00735
2802547,0
2802548,0
2802549,0
2802550,0
2802553,0
2802554,0
2802555,0
2802556,0.00385
2802557,0
2802558,0
2802559,0
2802560,0
2802561,0
2802562,0
2802563,0
2802564,0
2802565,0
2802566,0
2802567,0
2802568,0
2802569,0
2802570,0
2802571,0
2802572,0.00243
2802573,0.00721
2802575,0.0069
2802576,0.00439
2802583,0
2802584,0
2802585,0
2802586,0.03355
2802592,0
2802593,0
2802594,0
2802597,0.07685
2802599,0.09288
2802600,0.10818
2802601,0.10643
2802602,0.07449
2802604,0
2802607,0.06818
2802608,0.03949
2802609,0.00827
2802610,0
2802611,0
2802612,0
2802613,0
2802615,0
2802616,0
2805898,0.00632
2805899,0.00311
2805900,0.00605
2805902,0.01908
2805903,0.00392
2805904,0.00772
2805950,0.03198
2805951,0.03736
2805952,0.03875
2805953,0.03951
2805954,0.03758
2805955,0.01953
2805956,0.01847
2805957,0.02147
2805958,0.02226
2805959,0.03082
2805960,0
2806159,0.02267
2806160,0.01712
2806161,0.01599
2806162,0.01119
2806163,0.00265
2806164,0
2806165,0
2806166,0
2806167,0
2806171,0
2806172,0
2806173,0.02186
2806174,0
2806175,0
2806176,0
2806177,0
2806178,0
2806179,0
2806180,0
2806181,0
2806182,0
2806183,0
2806184,0
2806185,0
2806186,0
2806187,0
2806188,0.00122
2806189,0.00549
2806193,0.00277
2806198,0
2806199,0
2806201,0
2806202,0.00215
2806209,0
2806211,0
2806214,0.07669
2806215,0.08407
2806216,0.08147
2806219,0.06704
2806221,0
2806225,0.05114
2806226,0.01049
2806227,0
2806228,0
2806229,0
2806230,0
2806231,0
2806232,0
2806233,0
2809515,0.01597
2809516,0.00936
2809517,0
2809519,0.02169
2809520,0.00231
2809521,8.9e-4
2809567,0.03793
2809568,0.04753
2809569,0.03751
2809570,0.01979
2809571,0.01899
2809572,0
2809573,0.0019
2809574,0.02204
2809575,0.01854
2809576,0.02686
2809577,0
2809775,0.02254
2809776,0.02131
2809777,0.01839
2809778,0.01542
2809779,0.01469
2809780,0
2809781,0
2809782,0
2809784,0
2809788,0
2809789,0
2809792,0
2809793,0
2809794,0
2809795,0
2809796,0
2809797,0
2809798,0
2809799,0
2809800,0
2809801,0
2809802,0
2809803,0
2809804,3.5e-4
2809810,0.02225
2809812,0
2809813,0
2809814,0
2809815,0
2809816,0
2809818,0
2809819,0
2809826,0
2809827,0
2809828,0
2809832,0.07589
2809833,0.0723
2809834,0.05798
2809835,0.06215
2809836,0.07138
2809837,0.04695
2809838,0.00936
2809843,0
2809844,0
2809845,0
2809846,0
2809847,0
2809848,0
2809849,0
2809850,0
2813132,0.01712
2813133,0.00924
2813134,0
2813135,0
2813136,0
2813137,0
2813185,0.0469
2813186,0.04247
2813187,0.03371
2813188,0.01167
2813189,0.00336
2813190,0.0213
2813191,0.03148
2813192,0.02006
2813193,0.03176
2813194,0
2813392,0.02915
2813393,0.02168
2813394,0.01487
2813395,0.01492
2813396,0.0095
2813397,0
2813398,0
2813400,0
2813406,0
2813408,0
2813409,0
2813410,0
2813411,0
2813412,0
2813413,0
2813414,0
2813415,0
2813416,0
2813417,0
2813418,0
2813419,0
2813420,0.00404
2813427,0.02231
2813429,0
2813432,0
2813435,0
2813436,0
2813443,0
2813444,0.0024
2813445,0.01259
2813449,0.06379
2813454,0.03978
2813455,0.00613
2813460,0
2813461,0
2813462,0
2813463,0
2813464,0
2813465,0
2813466,0
2813467,0
2816749,0.02512
2816750,0.01529
2816751,0.00224
2816752,0
2816753,0
2816754,0
2816802,0.05349
2816803,0.06027
2816804,0.04316
2816805,0.03545
2816806,0.01
2816807,0.00356
2816808,0.02653
2816809,0.03414
2816810,0.03352
2816811,0.01452
2816812,0
2817009,0.02742
2817010,0.01792
2817011,0.01012
2817012,0.01345
2817013,0.00411
2817014,0
2817015,0
2817016,0
2817022,0.01406
2817023,0.00548
2817024,0
2817025,0
2817026,0
2817027,0
2817028,0
2817029,0
2817030,0
2817031,0
2817032,0
2817033,0
2817034,0
2817035,5.7e-4
2817036,0.00578
2817037,0.00905
2817044,0.00802
2817045,0
2817046,0
2817050,0
2817052,0
2817053,0
2817059,0.00133
2817060,0.00198
2817061,0.02897
2817066,0.0418
2817072,0
2817078,0
2817079,0
2817080,0
2817081,0
2817082,0
2817083,0
2817084,0
2820366,0.0201
2820367,0.01608
2820369,0.00503
2820370,0
2820419,0.03666
2820420,0.04314
2820421,0.04718
2820422,0.04446
2820423,0.01438
2820424,0.00245
2820425,0.02712
2820426,0.03595
2820427,0.02534
2820428,0.0098
2820429,0
2820625,0.03744
2820626,0.02943
2820627,0.01933
2820628,0.0102
2820629,0.00826
2820630,0
2820631,0
2820632,0
2820637,0.0349
2820638,0.02279
2820639,0.02305
2820640,0.01451
2820641,0.00471
2820642,0
2820643,0
2820644,0
2820646,0
2820647,0
2820662,0
2820667,0
2820668,0
2820669,0
2820670,0
2820671,0
2820676,0.03467
2820677,0.0234
2820678,0.02809
2820683,0.00998
2820685,0.04239
2820686,0.03518
2820687,0.02503
2820688,0.01338
2820689,0
2820690,0
2820695,0
2820696,0
2820697,0
2820699,0
2820700,0
2820701,0
2820702,0.00947
2820703,0.01874
2824036,0.03458
2824037,0.03326
2824038,0.03667
2824039,0.0398
2824040,0.02704
2824041,0.01475
2824042,0.02342
2824043,0.04129
2824044,0.04571
2824045,0.0313
2824046,0
2824241,0.03594
2824242,0.03647
2824243,0.0283
2824244,0.0204
2824245,0.01573
2824246,0.00682
2824247,0
2824248,0
2824249,0
2824253,0.01072
2824254,0.03708
2824255,0.02536
2824256,0.00735
2824257,0.00495
2824258,0
2824259,0
2824285,0
2824286,0
2824287,0
2824288,0
2824293,0.00418
2824294,0.02044
2824295,0.01422
2824300,0
2824301,0.0436
2824302,0.02122
2824303,0
2824304,0
2824305,0.00817
2824306,0
2824307,0
2824310,0
2824311,0
2824312,0
2824313,0
2824314,0
2824317,0
2824318,0
2824319,0.01291
2824320,0.01624
2827653,0.04741
2827654,0.04295
2827655,0.03977
2827656,0.03596
2827657,0.03239
2827658,0.01522
2827659,0.02415
2827660,0.04777
2827661,0.0569
2827662,0.043
2827663,0
2827859,0.02078
2827860,0.02101
2827861,0.01971
2827862,0.01346
2827863,0.00732
2827864,0
2827865,0
2827870,0
2827871,0.02114
2827872,0.01882
2827873,4.8e-4
2827874,0
2827875,0
2827876,0
2827902,0
2827903,0
2827904,0
2827905,0
2827910,0
2827911,0.02507
2827912,0.02248
2827915,0
2827916,0
2827917,0.01139
2827918,0.06474
2827919,0
2827920,0
2827921,0
2827922,0.00282
2827923,0
2827924,0
2827927,0
2827929,0
2827930,0
2827931,0
2827934,0
2827935,0
2827936,0.00132
2827937,0.01212
2831269,0.0449
2831270,0.04944
2831271,0.05119
2831272,0.03927
2831273,0.04491
2831274,0.03902
2831275,0.02691
2831276,0.03508
2831277,0.0635
2831278,0.08239
2831279,0.06626
2831280,0
2831282,0
2831475,0.03479
2831476,0.02336
2831477,0.02826
2831478,0.02846
2831479,0.02248
2831480,0.01787
2831481,0
2831482,0
2831487,0
2831488,0.00435
2831489,0.00926
2831490,0.00093000000000000005
2831491,7.2e-4
2831492,0
2831509,0.01724
2831520,0
2831521,0
2831522,0
2831527,0
2831528,0.02238
2831531,0.01331
2831532,0.00612
2831533,0.00282
2831534,0.03023
2831535,0.07107
2831539,0
2831541,0
2831542,0
2831543,0
2831545,0
2831547,0
2831548,0
2831551,0
2831552,0
2831553,0
2831554,0.00549
2831555,0.02102
2834887,0.05616
2834888,0.06085
2834889,0.05443
2834890,0.05771
2834891,0.05953
2834892,0.05032
2834893,0.05294
2834894,0.08061
2834897,0
2834898,0
2834899,0
2835092,0.03106
2835093,0.03335
2835094,0.04148
2835095,0.0416
2835096,0.02893
2835097,0.02288
2835098,0.0221
2835103,0
2835104,0
2835105,0
2835106,0.00223
2835107,0
2835125,0.01338
2835126,0.01652
2835127,0.01321
2835135,0
2835136,0
2835137,0
2835138,0
2835144,0
2835145,0
2835148,0.01926
2835149,0.01515
2835150,0.01601
2835151,0.02816
2835157,1.1e-4
2835158,0
2835159,0
2835160,0
2835161,0
2835162,0
2835163,0
2835164,0
2835165,0
2835166,0
2835168,0
2835169,0
2835170,0
2835171,0.00994
2835172,0.02227
2835173,0.02667
2838504,0.05656
2838505,0.06247
2838506,0.05889
2838507,0.07029
2838508,0.0684
2838509,0.06169
2838510,0.05925
2838511,0.06962
2838513,0.0575
2838514,0
2838515,0
2838516,0
2838709,0.03381
2838710,0.03648
2838711,0.03686
2838712,0.03783
2838713,0.03071
2838714,0.03162
2838715,0.04712
2838717,0.02152
2838719,0
2838720,0
2838721,0
2838722,0
2838723,0
2838724,0
2838742,0.00721
2838743,0.00527
2838744,0.00437
2838752,0
2838761,0
2838762,0
2838765,0.00538
2838766,0.01634
2838767,0.02929
2838774,0
2838775,0
2838776,0
2838779,0
2838780,0
2838782,0
2838783,0
2838784,0
2838785,0
2838786,0
2838787,0
2838788,0.00141
2838790,0.02656
2842120,0.05635
2842121,0.06046
2842122,0.06063
2842123,0.05821
2842124,0.07212
2842125,0.06716
2842126,0.06197
2842127,0.05846
2842128,0.04942
2842129,0.0582
2842130,0.07587
2842131,0.03385
2842325,0.04069
2842326,0.03679
2842327,0.03434
2842328,0.03083
2842329,0.02741
2842330,0.0267
2842331,0.04873
2842334,0.04995
2842335,0.03209
2842336,0.01871
2842340,0.00485
2842341,0.00335
2842359,0.00325
2842360,7e-5
2842369,0
2842378,0
2842379,0
2842382,0
2842383,0
2842391,0
2842392,0
2842396,0
2842398,0
2842400,0
2842401,0
2842403,0
2842404,0
2842407,0.02596
2842408,0.02997
2845737,0.0615
2845738,0.05949
2845739,0.0591
2845740,0.05494
2845741,0.06799
2845742,0.0676
2845743,0.06088
2845744,0.0533
2845745,0.05349
2845746,0.06341
2845747,0.0829
2845748,0.05724
2845749,0
2845942,0.04236
2845943,0.03742
2845944,0.03903
2845945,0.03327
2845946,0.03071
2845947,0.035
2845948,0.05202
2845950,0.06327
2845951,0.05255
2845952,0.03306
2845953,0.02396
2845975,0.01076
2845976,0.00771
2845977,0.00118
2845986,0
2845995,0
2845996,0
2845999,0
2846000,0
2846009,0
2846016,0
2846020,0
2846021,0
2846022,0.01153
2846024,0.02185
2846025,0.02321
2849355,0.06566
2849356,0.06382
2849357,0.06138
2849358,0.06586
2849359,0.0692
2849360,0.06673
2849361,0.05338
2849362,0.05233
2849363,0.06966
2849364,0.08123
2849365,0.06205
2849366,0
2849559,0.04309
2849560,0.04129
2849561,0.0369
2849562,0.03527
2849563,0.03771
2849564,0.04456
2849568,0.04582
2849569,0.03019
2849591,0.00327
2849592,0.01223
2849593,0.01436
2849594,0.00414
2849603,0
2849604,0
2849612,0
2849613,0
2849616,0
2849617,0
2849618,0
2849624,0
2849625,0
2849626,0
2849633,0
2849636,0
2849637,0
2849638,0
2849639,0.0073
2849640,0.03335
2849641,0.02448
2849642,0.02516
2852807,0
2852808,0
2852809,0.01908
2852973,0.069
2852974,0.06883
2852975,0.07198
2852976,0.07085
2852977,0.06844
2852978,0.05869
2852979,0.05826
2852980,0.0731
2852981,0.08145
2852982,0.07605
2852983,0.02291
2853175,0.04039
2853176,0.04083
2853177,0.03778
2853178,0.03499
2853179,0.03298
2853180,0.04362
2853185,0.03164
2853209,0.00349
2853221,0
2853229,0
2853230,0
2853232,0
2853233,0
2853234,0
2853236,0
2853239,0
2853240,0
2853241,0
2853242,0
2853250,0
2853251,0
2853254,0
2853255,0
2853256,0
2853257,0.01593
2853258,0.0312
2853259,0.03462
2856423,0
2856424,0
2856425,0
2856426,7.9e-4
2856590,0.06666
2856591,0.07639
2856592,0.07281
2856593,0.07097
2856594,0.06719
2856595,0.06137
2856596,0.06733
2856597,0.07806
2856598,0.08421
2856599,0.09519
2856600,0.06912
2856792,0.04385
2856793,0.03932
2856794,0.03454
2856795,0.03366
2856796,0.03772
2856797,0.05134
2856802,0.02719
2856826,8.3e-4
2856827,0.01143
2856839,0
2856847,0
2856849,0
2856850,0
2856851,0
2856852,0
2856853,0
2856854,0
2856855,0
2856856,0
2856857,0
2856868,0
2856873,0
2856874,0
2856875,0.02497
2856876,0.0427
2856877,0.04372
2860041,0
2860042,0
2860043,0
2860044,0.02225
2860208,0.07713
2860209,0.07607
2860210,0.07453
2860211,0.07012
2860212,0.06341
2860213,0.07597
2860214,0.08316
2860215,0.08435
2860216,0.11369
2860217,0.13206
2860401,0.05063
2860408,0.04716
2860409,0.04694
2860410,0.04196
2860411,0.03603
2860412,0.03493
2860413,0.04656
2860419,0.02649
2860456,0
2860457,0
2860464,0
2860466,0
2860470,0
2860471,0
2860485,0
2860491,0
2860492,0.01381
2860493,0.04247
2860494,0.04561
2863659,0
2863660,0
2863661,0.00828
2863662,0.02773
2863777,0
2863778,0
2863779,0
2863825,0.08026
2863826,0.08204
2863827,0.08367
2863828,0.08408
2863829,0.07563
2863830,0.07551
2863831,0.08159
2863832,0.08114
2863833,0.09809
2863834,0.12961
2864023,0.04883
2864024,0.04907
2864025,0.04568
2864026,0.03853
2864027,0.03042
2864028,0.02434
2864029,0.03497
2864030,0.05294
2864035,0.03338
2864036,0.02763
2864074,0
2864075,0
2864076,0
2864082,0
2864083,0
2864085,0
2864086,0
2864103,0
2864109,0.0099
2864110,0.04488
2864111,0.03753
2864112,0.04806
2867277,0
2867278,0
2867279,0.01512
2867394,0
2867395,0
2867396,0
2867397,0
2867442,0.08722
2867443,0.08497
2867444,0.09024
2867445,0.09398
2867446,0.08758
2867447,0.08106
2867448,0.08473
2867449,0.0619
2867450,0.02746
2867451,0
2867640,0.0527
2867641,0.05122
2867642,0.04273
2867643,0.02156
2867644,0
2867645,0
2867651,0.02632
2867652,0.02809
2867653,0.02841
2867654,0.02803
2867673,0.01236
2867674,0.01831
2867694,0
2867699,0
2867700,0
2867701,0
2867703,0
2867712,0
2867713,0
2867714,0
2867720,0
2867726,0
2867727,0.01956
2867728,0.00926
2867729,0.03621
2870895,0
2870896,0.00469
2871011,0
2871013,0
2871014,0
2871059,0.09413
2871060,0.09289
2871061,0.09802
2871062,0.09561
2871063,0.09028
2871064,0.09432
2871065,0.09563
2871066,0.04861
2871067,0
2871257,0.05409
2871258,0.0473
2871259,0.03974
2871260,0.00664
2871261,0
2871267,0.03211
2871268,0.02373
2871269,0.02328
2871270,0.02458
2871271,0.02389
2871311,0
2871312,0
2871316,0
2871317,0
2871320,0
2871321,0
2871329,0
2871331,0
2871332,0
2871338,0
2871345,0
2871346,0.01598
2874512,0
2874513,0
2874628,0
2874629,0
2874630,0
2874631,0
2874676,0.1015
2874677,0.10199
2874678,0.10189
2874679,0.09933
2874680,0.09701
2874681,0.10162
2874682,0.10327
2874683,0.05338
2874684,0
2874685,0
2874866,0.04773
2874874,0.04779
2874875,0.0319
2874876,0.02755
2874877,0.00615
2874878,0
2874882,0.03036
2874883,0.0232
2874884,0.02542
2874885,0.02099
2874886,0.01718
2874887,0.01702
2874888,0.02051
2874929,0
2874933,0
2874934,0
2874935,0
2874937,0
2874938,0
2874946,0
2874947,0
2874949,0
2874952,0
2874953,0
2874955,0
2874962,0
2874963,0.0072
2878130,0
2878245,0
2878246,0
2878247,0
2878248,0
2878293,0.10469
2878294,0.09869
2878295,0.0999
2878296,0.10811
2878297,0.10683
2878298,0.10598
2878299,0.10571
2878300,0.06133
2878301,0
2878484,0.05369
2878485,0.05617
2878490,0.04665
2878491,0.04169
2878492,0.01427
2878493,0
2878499,0.01667
2878500,0.01942
2878501,0.0204
2878502,0.0164
2878503,0.0113
2878546,0
2878547,0
2878548,0
2878549,0
2878550,0
2878551,0
2878553,0
2878554,0
2878564,0
2878565,0
2878566,0
2878567,0
2878569,0
2878570,0
2878571,0
2878572,0
2878580,0.01385
2878581,0.03147
2881747,0
2881748,0
2881863,0
2881864,0
2881865,0
2881910,0.1083
2881911,0.09927
2881912,0.10455
2881913,0.11543
2881914,0.11466
2881915,0.11251
2881916,0.10465
2881917,0.06492
2881918,0
2882106,0.04992
2882107,0.0472
2882108,0.04094
2882109,0.01239
2882110,0
2882116,0
2882117,0.01226
2882118,0.02028
2882134,0.01969
2882135,0.01869
2882167,0
2882182,0
2882185,0
2882186,0
2882198,0.02169
2885365,0
2885366,0
2885481,0
2885482,0
2885483,0
2885527,0.11582
2885528,0.11121
2885529,0.11173
2885530,0.121
2885531,0.11939
2885532,0.11885
2885533,0.10609
2885534,0.07582
2885535,0
2885716,0.05
2885722,0.0533
2885723,0.05221
2885724,0.04967
2885725,0.04249
2885726,0.02514
2885732,0
2885733,0
2885734,0.00855
2885751,0.01359
2885784,0
2885786,0
2885799,0
2885803,0
2885815,0.01008
2885816,0.02663
2888983,0
2889098,0
2889099,0
2889100,0
2889106,0.0049
2889146,0.11453
2889147,0.12484
2889148,0.12007
2889149,0.12061
2889150,0.11388
2889151,0.09708
2889152,0.0229
2889340,0.05291
2889341,0.05176
2889342,0.04462
2889343,0.03946
2889348,0
2889349,0
2889350,0
2889351,0.01079
2889401,0
2889402,0
2889403,0
2889404,0
2889416,0
2889432,0
2889433,0.02147
2892600,0
2892601,0
2892717,0
2892723,4.7e-4
2892724,0.0051
2892763,0.11531
2892764,0.11899
2892765,0.12202
2892766,0.11694
2892767,0.11658
2892768,0.1061
2892769,0.04216
2892956,0.0518
2892957,0.04917
2892958,0.05124
2892959,0.05151
2892965,0
2892966,0
2892967,0
2892968,0.01236
2893019,0
2893021,0
2893022,0
2893023,0
2893024,0
2893029,0
2893030,0.00463
2893031,0
2893033,0
2893049,0
2893050,0.01491
2896218,0
2896334,0
2896340,0
2896341,0
2896380,0.1137
2896381,0.1134
2896382,0.12166
2896383,0.11711
2896384,0.11432
2896385,0.10677
2896386,0.05909
2896573,0.05032
2896574,0.048
2896575,0.05061
2896576,0.06645
2896579,0.01407
2896580,0.00493
2896581,0
2896582,0
2896583,0
2896584,0.00304
2896585,0.01074
2896636,0
2896639,0
2896641,0
2896646,0.00163
2896647,0.01805
2896648,0.0125
2896649,0
2896650,0
2896665,0
2896666,0
2896667,0.01378
2899835,0
2899836,0
2899837,0.03489
2899951,0
2899952,0
2899957,0
2899958,0
2899959,0.0143
2899997,0.11629
2899998,0.11541
2899999,0.12863
2900000,0.12131
2900001,0.11794
2900002,0.11108
2900003,0.06908
2900190,0.04864
2900191,0.05264
2900192,0.0546
2900193,0.06526
2900196,0.01831
2900197,0.01819
2900198,0.00837
2900199,0.00318
2900200,0.00282
2900201,0.00749
2900202,0.00909
2900250,0
2900251,0
2900252,0
2900253,0
2900259,0
2900263,0
2900266,0
2900267,0
2900282,0
2900284,0.01903
2900285,0.02913
2903452,0
2903454,0.02792
2903455,0.04827
2903568,0
2903569,0
2903570,0
2903574,0
2903576,0.00301
2903614,0.11786
2903615,0.11919
2903616,0.12933
2903617,0.11954
2903618,0.12284
2903619,0.1194
2903620,0.07448
2903806,0.06059
2903807,0.05491
2903808,0.06176
2903809,0.06219
2903812,0.02903
2903813,0.02519
2903814,0.02273
2903815,0.01504
2903816,0.01064
2903817,0.00762
2903818,0.00784
2903819,0.01282
2903820,0.02436
2903867,0
2903876,0
2903877,0
2903880,0
2903902,0.02589
2907071,0.00555
2907072,0.03667
2907185,0
2907186,0
2907187,0
2907188,0
2907190,0
2907191,0
2907192,0
2907231,0.12289
2907232,0.12435
2907233,0.12697
2907234,0.11545
2907235,0.11698
2907236,0.11689
2907237,0.06853
2907238,0
2907423,0.05636
2907424,0.05618
2907425,0.06273
2907426,0.05755
2907428,0.04137
2907429,0.03481
2907430,0.03219
2907431,0.02729
2907432,0.01635
2907433,0.01251
2907434,0.01318
2907435,0.00937
2907484,0
2907494,0
2907497,0
2907519,0.01838
2910688,0
2910689,0
2910690,0.05646
2910803,0
2910805,0
2910806,0
2910807,0
2910808,0
2910809,0
2910810,0.00144
2910848,0.12732
2910849,0.12594
2910850,0.12215
2910851,0.11497
2910852,0.11808
2910853,0.11635
2910854,0.07473
2910855,0
2910858,0
2910859,0
2910860,0
2911040,0.05236
2911041,0.05211
2911042,0.05608
2911043,0.04541
2911044,0.0468
2911046,0.04732
2911047,0.03544
2911048,0.02732
2911049,0.01762
2911050,0.01604
2911051,0.01769
2911052,0.01117
2911053,0.01745
2911101,0
2911111,0
2911113,0
2911114,0
2911136,5.6e-4
2911137,0.00714
2914305,0
2914306,0
2914307,0.04361
2914420,0
2914421,0
2914423,0
2914424,0
2914425,0
2914426,0
2914427,0.00414
2914466,0.12023
2914467,0.12012
2914468,0.12272
2914469,0.12001
2914470,0.11466
2914471,0.07398
2914472,0
2914475,0
2914476,0
2914477,0
2914657,0.04915
2914658,0.04807
2914659,0.04417
2914660,0.03956
2914661,0.04686
2914663,0.04595
2914664,0.03767
2914665,0.0291
2914666,0.02245
2914667,0.02203
2914668,0.02105
2914669,0.0154
2914670,0.01503
2914715,0
2914716,0
2914718,0
2914719,0
2914728,0
2914729,0
2914730,0
2914731,0
2914754,0
2917923,0
2917924,0.02028
2918038,0
2918039,0
2918040,0
2918041,0
2918043,0
2918044,0
2918045,0.01344
2918084,0.12038
2918085,0.1257
2918086,0.12481
2918087,0.1261
2918088,0.10237
2918089,0.00891
2918090,0
2918092,0
2918093,0
2918094,0.00649
2918274,0.04675
2918275,0.04216
2918276,0.03979
2918277,0.04395
2918278,0.04401
2918279,0.04795
2918280,0.04118
2918281,0.03949
2918282,0.03445
2918283,0.02942
2918284,0.02645
2918285,0.02201
2918287,0.01273
2918288,0.01331
2918330,0
2918331,0
2918332,0
2918333,0
2918334,0
2918345,0
2918371,0
2921540,0
2921541,0.02054
2921542,0.07224
2921657,0
2921658,0
2921659,0
2921660,0
2921661,0
2921662,0.00789
2921702,0.12895
2921703,0.13071
2921704,0.13193
2921705,0.11027
2921706,0.02373
2921707,0
2921711,0.06004
2921891,0.04346
2921892,0.04689
2921893,0.05638
2921895,0.04139
2921896,0.04757
2921897,0.05005
2921898,0.04556
2921899,0.03802
2921900,0.03116
2921901,0.02303
2921902,0.02147
2921903,0.01674
2921904,0.00812
2921905,0.00679
2921906,0.01233
2921946,0
2921947,0
2921961,0
2921988,0
2921989,0.0028
2925158,0.0379
2925159,0.06448
2925273,0
2925274,0
2925276,0
2925278,0
2925320,0.13909
2925321,0.13738
2925322,0.11924
2925323,0.03243
2925324,0
2925326,0
2925327,0.04757
2925328,0.10778
2925329,0.0441
2925330,0
2925508,0.04665
2925509,0.05936
2925510,0.07882
2925512,0.04694
2925513,0.05075
2925514,0.06121
2925515,0.05335
2925516,0.04096
2925517,0.03678
2925518,0.02851
2925519,0.02452
2925520,0.01986
2925521,0.01328
2925522,0.00829
2925527,0.03179
2925562,0
2925577,0
2925605,0
2925606,0
2928775,0.05218
2928776,0.05962
2928777,0.06381
2928778,0.08069
2928890,0
2928891,0
2928892,0
2928893,0
2928894,0
2928895,0
2928937,0.1424
2928938,0.13709
2928939,0.12471
2928940,0.04972
2928941,0
2928943,0
2928944,0.06929
2928945,0.17284
2928946,0.14107
2928947,0.09839
2928948,0.04671
2929125,0.04595
2929126,0.05035
2929127,0.0659
2929129,0.05178
2929130,0.05385
2929131,0.05717
2929132,0.05497
2929133,0.043
2929134,0.03689
2929135,0.03065
2929136,0.02965
2929137,0.02453
2929142,0.01836
2929179,0
2929222,0
2929223,0
2932393,0
2932394,0.02226
2932395,0.07429
2932507,0
2932508,0
2932509,0
2932510,0
2932511,0
2932512,0.0015
2932554,0.1325
2932555,0.13496
2932556,0.13283
2932557,0.09057
2932558,0
2932560,0
2932561,0.067
2932562,0.18396
2932563,0.19124
2932564,0.16859
2932565,0.08865
2932742,0.04807
2932743,0.0453
2932744,0.05042
2932746,0.03973
2932747,0.04627
2932748,0.04647
2932749,0.04878
2932750,0.04908
2932751,0.04325
2932752,0.03594
2932753,0.03033
2932754,0.03028
2932759,0.01265
2932795,0
2932796,0
2932810,0
2932811,0
2932839,0
2932840,0
2936011,0
2936012,0.05262
2936013,0.0857
2936125,0
2936126,0
2936127,0
2936128,0
2936172,0.12747
2936173,0.13965
2936174,0.1194
2936175,0.04688
2936176,0
2936177,0.01538
2936178,0.10622
2936179,0.17269
2936180,0.17945
2936181,0.17817
2936182,0.13884
2936183,0.08472
2936184,0
2936360,0.04405
2936361,0.04961
2936362,0.04313
2936363,0.03653
2936364,0.04059
2936365,0.04121
2936366,0.04073
2936367,0.04705
2936368,0.05423
2936369,0.04998
2936370,0.03988
2936371,0.03588
2936372,0.02568
2936373,0.01601
2936375,0.01313
2936376,0.01041
2936377,0.01684
2936378,0.02081
2936412,0
2936418,0
2936419,0
2936420,0
2936427,0
2936428,0
2936429,2e-5
2936458,0.03101
2939629,0.04934
2939630,0.08547
2939743,0
2939744,0
2939745,0
2939789,0.1361
2939790,0.14385
2939791,0.14225
2939792,0.12299
2939793,0.1144
2939794,0.13088
2939795,0.15506
2939796,0.18044
2939797,0.19207
2939798,0.18105
2939799,0.16617
2939800,0.17181
2939802,0
2939976,0.03976
2939977,0.04386
2939978,0.04812
2939979,0.03814
2939980,0.03182
2939981,0.03327
2939982,0.03772
2939983,0.04362
2939984,0.048
2939985,0.04456
2939986,0.04165
2939987,0.03757
2939988,0.03552
2939989,0.02802
2939990,0.02002
2939991,0.01152
2939992,0.01093
2939993,0.01226
2939994,0.01443
2940030,0
2940034,0.05596
2940035,0.07779
2940036,0.00705
2940040,0
2940044,0
2940046,0.06833
2940047,0.0715
2940048,0.08224
2940075,0.02373
2943246,0.03121
2943247,0.07633
2943363,0
2943364,0
2943365,0.00713
2943406,0.1468
2943407,0.14758
2943408,0.15163
2943409,0.14951
2943410,0.14954
2943411,0.16373
2943412,0.17241
2943413,0.16899
2943414,0.18593
2943415,0.18115
2943416,0.17194
2943417,0.18272
2943418,0.13458
2943419,0.02412
2943592,0.03337
2943593,0.03476
2943594,0.03791
2943595,0.04691
2943596,0.04617
2943597,0.04027
2943598,0.03746
2943599,0.04467
2943600,0.04565
2943601,0.04406
2943602,0.04357
2943603,0.03871
2943604,0.03851
2943605,0.03604
2943606,0.02652
2943607,0.0194
2943608,0.01102
2943609,0.01174
2943610,0.01063
2943647,0
2943651,0.06854
2943652,0.1217
2943653,0.09866
2943654,0.04548
2943657,0
2943661,0.00983
2943666,0.10559
2943692,0.03048
2943693,0.03781
2946863,0
2946864,0.06502
2946979,0
2946980,0
2946981,0
2946982,3.7e-4
2946983,0.01993
2947024,0.14463
2947025,0.15248
2947026,0.15892
2947027,0.15779
2947028,0.16683
2947029,0.17598
2947030,0.17759
2947031,0.17685
2947032,0.17916
2947033,0.18555
2947034,0.19245
2947036,0.09139
2947037,0.05845
2947208,0.03785
2947209,0.03945
2947210,0.04031
2947211,0.04129
2947212,0.04697
2947213,0.04859
2947214,0.0446
2947215,0.04716
2947216,0.05756
2947217,0.05322
2947218,0.04712
2947219,0.04586
2947220,0.04113
2947221,0.03408
2947222,0.02847
2947223,0.02521
2947224,0.01952
2947225,0.01415
2947226,0.01082
2947228,0.01297
2947231,0.02752
2947263,0
2947264,0
2947268,0.1267
2947269,0.14735
2947270,0.1385
2947271,0.10415
2947272,0.04778
2947274,0.02485
2947276,0.02583
2947278,0.06036
2947284,0.09267
2947310,0.03192
2950481,0.05421
2950596,0
2950597,0
2950598,0
2950599,0
2950600,0.02176
2950641,0.14111
2950642,0.1507
2950643,0.16048
2950644,0.16325
2950645,0.16376
2950646,0.16462
2950647,0.17648
2950648,0.17915
2950649,0.19327
2950650,0.19252
2950651,0.19202
2950652,0.1919
2950653,0.15717
2950654,0.14547
2950825,0.04027
2950826,0.04565
2950827,0.0481
2950828,0.04861
2950829,0.04921
2950830,0.05271
2950831,0.05656
2950832,0.06408
2950833,0.07273
2950834,0.06593
2950835,0.05856
2950836,0.05725
2950837,0.05007
2950838,0.04004
2950839,0.03238
2950840,0.02857
2950841,0.02188
2950842,0.02211
2950843,0.01635
2950845,0.01104
2950848,0.02783
2950880,0
2950881,0
2950885,0.15719
2950886,0.16771
2950887,0.17121
2950888,0.15528
2950890,0.12116
2950891,0.1147
2950892,0.09944
2950893,0.08431
2950895,0.1164
2950896,0.12526
2950901,0.09357
2950902,0.04861
2950926,0.01257
2950927,0.02289
2954098,0.04961
2954099,0.05435
2954213,0.00456
2954214,0
2954216,0
2954217,0.02186
2954259,0.15094
2954260,0.14908
2954261,0.15216
2954262,0.16274
2954263,0.16653
2954264,0.17398
2954265,0.18238
2954266,0.18971
2954267,0.1978
2954268,0.19679
2954269,0.19692
2954270,0.19366
2954271,0.18609
2954272,0.1703
2954441,0.02057
2954442,0.03716
2954443,0.04824
2954444,0.05299
2954445,0.05583
2954446,0.05412
2954447,0.06163
2954449,0.08373
2954451,0.08651
2954452,0.0702
2954453,0.06727
2954454,0.05907
2954455,0.04961
2954456,0.04233
2954457,0.04156
2954458,0.03233
2954459,0.02454
2954460,0.02421
2954461,0.01763
2954462,0.01367
2954465,0.02891
2954495,0
2954497,0
2954498,0
2954502,0.18123
2954503,0.18352
2954504,0.17901
2954505,0.17266
2954507,0.15712
2954508,0.1505
2954509,0.14029
2954511,0.11688
2954512,0.13157
2954519,0.08705
2954536,0
2954544,0.01678
2957715,0.03745
2957716,0.04213
2957830,0.01123
2957831,9.4e-4
2957833,0
2957834,0.01865
2957835,0.03076
2957877,0.14251
2957878,0.14079
2957879,0.15467
2957880,0.16781
2957881,0.16838
2957882,0.17589
2957883,0.18665
2957884,0.20134
2957885,0.19516
2957886,0.19426
2957887,0.20644
2957888,0.19906
2957889,0.17605
2957890,0.12276
2958057,0.01766
2958058,0.02622
2958059,0.03217
2958060,0.04052
2958061,0.05646
2958062,0.06502
2958063,0.06101
2958065,0.08389
2958068,0.09419
2958069,0.07897
2958070,0.07127
2958071,0.06191
2958072,0.05284
2958073,0.04887
2958074,0.04324
2958075,0.03369
2958076,0.03
2958077,0.02989
2958078,0.02176
2958079,0.02006
2958080,0.02471
2958112,0
2958114,0
2958118,0.16401
2958119,0.19044
2958120,0.19017
2958121,0.17715
2958122,0.17477
2958123,0.16435
2958124,0.15704
2958125,0.1562
2958126,0.14817
2958135,0.13404
2958136,0.11847
2958152,0
2958153,0
2958161,0.01398
2961332,0.03453
2961333,0.04167
2961447,0.01816
2961448,0.00591
2961449,0
2961452,0.02809
2961494,0.14527
2961495,0.14131
2961496,0.1601
2961497,0.16731
2961498,0.16295
2961499,0.17121
2961500,0.18644
2961501,0.19461
2961502,0.19602
2961503,0.20026
2961504,0.20493
2961505,0.20361
2961506,0.19906
2961507,0.18275
2961508,0.1889
2961673,0.01777
2961674,0.01977
2961675,0.02908
2961676,0.03152
2961677,0.03462
2961678,0.04802
2961679,0.06809
2961680,0.06669
2961681,0.06183
2961682,0.07454
2961685,0.09552
2961686,0.09292
2961687,0.07738
2961688,0.06853
2961689,0.05905
2961690,0.05166
2961691,0.04395
2961692,0.03628
2961693,0.03357
2961694,0.03244
2961695,0.02916
2961696,0.02436
2961697,0.02602
2961729,0
2961730,0
2961731,0
2961735,0.13832
2961736,0.18137
2961737,0.19014
2961738,0.18004
2961752,0.15133
2961753,0.13828
2961770,0
2961778,2.6e-4
2964949,0.03424
2964950,0.03547
2965064,0.03176
2965065,0.01957
2965066,0.01737
2965069,0.03596
2965070,0.04484
2965112,0.14696
2965113,0.16344
2965114,0.17311000000000001
2965115,0.17336
2965116,0.18293
2965117,0.18894
2965118,0.1993
2965119,0.20389
2965120,0.20839
2965121,0.20632
2965122,0.20548
2965123,0.2164
2965124,0.22247
2965125,0.22371
2965126,0.17738
2965289,0.01552
2965290,0.01572
2965291,0.02157
2965292,0.02819
2965293,0.02626
2965294,0.03056
2965295,0.04108
2965296,0.06349
2965297,0.07541
2965298,0.05981
2965299,0.05493
2965300,0.05992
2965301,0.0673
2965302,0.09323
2965303,0.09858
2965304,0.08622
2965305,0.08081
2965306,0.07089
2965307,0.0632
2965308,0.0544
2965309,0.04445
2965310,0.04061
2965311,0.04155
2965312,0.03841
2965313,0.03531
2965314,0.03315
2965315,0.03457
2965346,0
2965347,0
2965348,0
2965352,0.1226
2965353,0.16711
2965354,0.17654
2965355,0.1857
2965368,0.14759
2965369,0.1463
2965387,0
2965388,0
2965394,0
2965395,0
2965706,0.07146
2965707,0.06673
2965711,0.05213
2968566,0.02787
2968567,0.02357
2968568,0.02999
2968682,0.03268
2968683,0.02837
2968687,0.04669
2968729,0.15075
2968730,0.16564
2968731,0.17913
2968732,0.17833
2968733,0.19386
2968734,0.19585
2968735,0.20111
2968736,0.20648
2968737,0.21551
2968738,0.21441
2968739,0.20832
2968740,0.21606
2968741,0.22442
2968742,0.2285
2968743,0.2171
2968905,0.00559
2968906,0.00517
2968907,0.0102
2968908,0.01536
2968909,0.02318
2968910,0.02126
2968911,0.02647
2968912,0.0325
2968913,0.05366
2968915,0.06818
2968916,0.03386
2968917,0.03467
2968918,0.04779
2968919,0.07388
2968920,0.09172
2968921,0.09302
2968922,0.09515
2968923,0.08215
2968924,0.074
2968925,0.06785
2968926,0.05537
2968927,0.05439
2968928,0.05026
2968929,0.04708
2968930,0.04375
2968932,0.03299
2968962,0
2968963,0
2968964,0
2968965,0
2968969,0.1055
2968970,0.15034
2968971,0.16087
2968972,0.18039
2968985,0.13404
2968986,0.1273
2969002,0
2969003,0
2969004,0
2969005,0
2969011,0
2969326,0.07816
2969327,0.06618
2969328,0.06268
2969329,0.06683
2972183,0.0121
2972184,0.01413
2972185,0.01885
2972299,0.03857
2972300,0.0308
2972301,0.03006
2972304,0.04812
2972346,0.1548
2972347,0.16756
2972348,0.17754
2972349,0.17744
2972350,0.1944
2972351,0.19644
2972352,0.19918
2972353,0.20183
2972354,0.21327
2972355,0.21288
2972356,0.20221
2972357,0.20327
2972358,0.21684
2972359,0.22453
2972360,0.21446
2972522,0.00589
2972523,0.00801
2972524,0.01269
2972525,0.01707
2972526,0.02193
2972527,0.02079
2972528,0.02831
2972529,0.03425
2972530,0.04615
2972532,0.05789
2972533,0.00841
2972536,0.06764
2972537,0.09212
2972538,0.09722
2972539,0.09797
2972540,0.08852
2972541,0.07785
2972542,0.07272
2972543,0.06302
2972544,0.0601
2972545,0.05773
2972546,0.05417
2972547,0.04383
2972548,0.04217
2972549,0.03779
2972579,0
2972580,0
2972581,0
2972582,0
2972583,0
2972585,0
2972586,0.07456
2972587,0.1335
2972588,0.15637
2972589,0.17273
2972602,0.11979
2972619,0
2972620,0
2972622,0.00917
2972623,0.02981
2972627,0
2972628,0
2972943,0.08477
2972946,0.06563
2975800,0
2975801,0.00323
2975802,0.01147
2975917,0.04486
2975918,0.03754
2975919,0.02258
2975921,0.04893
2975963,0.1634
2975964,0.17107
2975965,0.1764
2975966,0.17881
2975967,0.19392
2975968,0.1996
2975969,0.20766
2975970,0.20598
2975971,0.20705
2975972,0.2064
2975973,0.20283
2975974,0.20465
2975975,0.21499
2975976,0.2217
2975977,0.21143
2975978,0.08653
2976137,0.01351
2976138,0.01269
2976139,0.0116
2976140,0.01461
2976141,0.02405
2976142,0.02692
2976143,0.02453
2976144,0.02244
2976145,0.03158
2976146,0.04071
2976147,0.05175
2976149,0.03993
2976150,0
2976151,0
2976153,0.02674
2976154,0.06838
2976155,0.08903
2976156,0.09706
2976157,0.09277
2976158,0.08405
2976159,0.07952
2976160,0.07257
2976161,0.06655
2976162,0.06825
2976163,0.06578
2976164,0.05248
2976165,0.04442
2976166,0.04441
2976195,0
2976197,0
2976198,0
2976199,0
2976200,0
2976201,0
2976202,0
2976203,0.03923
2976204,0.10598
2976205,0.14502
2976235,0
2976237,0.02486
2976238,0.03723
2976239,0.03366
2976240,0.04214
2976241,0.05669
2976243,0.03124
2976244,0
2976559,0.0853
2976560,0.08695
2976561,0.09283
2976563,0.07261
2976564,0.05849
2979417,0
2979418,0
2979419,0.00652
2979535,0.04365
2979536,0.02487
2979537,0.0349
2979538,0.04648
2979580,0.16776
2979581,0.17368
2979582,0.18094
2979583,0.18574
2979584,0.19343
2979585,0.20392
2979586,0.21608
2979587,0.21658
2979588,0.21187
2979589,0.20556
2979590,0.20852
2979591,0.21099
2979592,0.2145
2979593,0.21943
2979594,0.22365
2979595,0.13557
2979596,0.03617
2979754,0.01179
2979755,0.01441
2979756,0.01191
2979757,0.01261
2979758,0.02358
2979759,0.03208
2979760,0.03155
2979761,0.03173
2979762,0.03241
2979763,0.04245
2979764,0.05859
2979767,0
2979771,0
2979772,0.06887
2979773,0.10569
2979774,0.10671
2979775,0.09973
2979776,0.09438
2979777,0.08501
2979778,0.07808
2979779,0.08111
2979780,0.07992
2979781,0.06517
2979782,0.047
2979783,0.0459
2979784,0.04444
2979808,0
2979809,0
2979810,0
2979811,0
2979812,0
2979813,0
2979814,0
2979815,0
2979816,0
2979817,0
2979818,0
2979819,0
2979820,0.0141
2979821,0.07684
2979822,0.12612
2979837,0.03837
2979852,0
2979858,0.05543
2979861,0.00587
2980176,0.08846
2980177,0.09005
2980178,0.09281
2980179,0.08849
2980180,0.07544
2983034,0
2983035,0
2983152,0.04511
2983153,0.03392
2983154,0.03511
2983197,0.16978
2983198,0.17032
2983199,0.17875
2983200,0.18878
2983201,0.18951
2983202,0.19892
2983203,0.20737
2983204,0.21424
2983205,0.21707
2983206,0.21244
2983207,0.21994
2983208,0.22019
2983209,0.21688
2983210,0.21872
2983211,0.23563
2983212,0.17462
2983213,0.12942
2983214,0.11478
2983370,0.00972
2983371,0.00955
2983372,0.01106
2983373,0.00993
2983374,0.01473
2983375,0.02407
2983376,0.03404
2983377,0.03966
2983378,0.04696
2983379,0.04052
2983380,0.0406
2983381,0.05642
2983383,0
2983384,0
2983388,0
2983389,0
2983390,0.08688
2983391,0.12309
2983392,0.11149
2983393,0.10609
2983394,0.10133
2983395,0.09291
2983396,0.08789
2983397,0.08678
2983398,0.07445
2983399,0.05593
2983400,0.0538
2983401,0.04888
2983424,0
2983425,0
2983426,0
2983427,0
2983428,0
2983429,0
2983430,0
2983431,0
2983432,0
2983433,0
2983434,0
2983437,0.0047
2983438,0.06028
2983439,0.10988
2983454,0.03288
2983469,0.04701
2983470,0.05473
2983475,0.06103
2983477,0.00367
2983478,0.00754
2983793,0.09235
2983794,0.09146
2986770,0.04388
2986771,0.04426
2986814,0.17345
2986815,0.17184
2986816,0.17822
2986817,0.18948
2986818,0.19439
2986819,0.20419
2986820,0.20628
2986821,0.20917
2986822,0.22203
2986823,0.21696
2986824,0.22345
2986825,0.22688
2986826,0.22448
2986827,0.2223
2986828,0.23324
2986830,0.21868
2986831,0.16796
2986832,0.07623
2986985,0.00797
2986986,0.01247
2986987,0.00408
2986988,0.0044
2986989,0.00813
2986990,0.01354
2986991,0.0213
2986992,0.02766
2986993,0.03668
2986994,0.05028
2986995,0.05963
2986996,0.04842
2986997,0.04254
2987000,0
2987006,0
2987008,0.11214
2987009,0.10337
2987010,0.11043
2987011,0.11446
2987012,0.10744
2987013,0.09792
2987014,0.09475
2987015,0.08371
2987016,0.0677
2987017,0.06231
2987018,0.05553
2987019,0.04813
2987039,0
2987040,0
2987041,0
2987042,0
2987043,0
2987044,0
2987045,0
2987046,0
2987047,0
2987049,0
2987055,0.05758
2987056,0.10296
2987072,0
2987086,0.07769
2987087,0.07821
2987088,0.07213
2987092,0.06489
2987094,0.00311
2987095,0.01185
2990387,0.04843
2990388,0.04858
2990431,0.17979
2990432,0.17939
2990433,0.18459
2990434,0.19455
2990435,0.20289
2990436,0.21408
2990437,0.21154
2990438,0.21597
2990439,0.22964
2990440,0.22813
2990441,0.2281
2990442,0.22241
2990443,0.2256
2990444,0.22591
2990445,0.23363
2990447,0.26188
2990448,0.20775
2990449,0.09902
2990603,0.00617
2990604,0.00228
2990605,0.00798
2990606,0.0168
2990607,0.02768
2990608,0.03064
2990609,0.03533
2990610,0.04367
2990611,0.05819
2990612,0.07247
2990613,0.06581
2990614,0.05036
2990625,0.08003
2990626,0.082
2990627,0.10725
2990628,0.12936
2990629,0.12403
2990630,0.11177
2990631,0.09995
2990632,0.08895
2990633,0.07829
2990634,0.06874
2990635,0.06024
2990636,0.05225
2990656,0
2990657,0
2990658,0
2990659,0
2990660,0
2990661,0
2990662,0
2990663,0
2990664,0
2990665,0
2990666,0
2990667,0
2990671,0.03742
2990672,0.06381
2990689,0.03485
2990705,0.08106
2990709,0.06023
2990712,0.01094
2994005,0.04634
2994047,0.17063999999999999
2994048,0.18516
2994049,0.18709
2994050,0.19418
2994051,0.19995
2994052,0.20387
2994053,0.21608
2994054,0.21476
2994055,0.22458
2994056,0.23748
2994057,0.24125
2994058,0.23337
2994059,0.2221
2994060,0.2266
2994061,0.23016
2994062,0.23943
2994063,0.26528
2994064,0.27598
2994066,0.15846
2994067,0.11743
2994220,0.00757
2994221,0.01211
2994222,0.02358
2994223,0.03218
2994224,0.04024
2994225,0.04625
2994226,0.05491
2994227,0.05792
2994228,0.06594
2994229,0.08638
2994230,0.095
2994244,0.09891
2994245,0.14013
2994246,0.13741
2994247,0.12519
2994248,0.11129
2994249,0.09824
2994250,0.087
2994251,0.07481
2994252,0.06724
2994253,0.06026
2994254,0.05287
2994272,0
2994273,0
2994274,0
2994275,0
2994276,0
2994277,0
2994278,0
2994279,0
2994280,0
2994281,0
2994282,0
2994283,0
2994284,0
2994285,0
2994288,0.04494
2994289,0.0752
2994306,0.07478
2994322,0.0915
2994323,0.07873
2994326,0.05681
2994327,0.0457
2994329,0.00435
2997663,0.17069
2997664,0.17299
2997665,0.18555
2997666,0.19212
2997667,0.19899
2997668,0.20363
2997669,0.20393
2997670,0.21686
2997671,0.21937
2997672,0.22384
2997673,0.23496
2997674,0.24358
2997675,0.2375
2997676,0.22914
2997677,0.2339
2997678,0.23985
2997679,0.24328
2997680,0.24989
2997683,0.22294
2997684,0.20812
2997685,0.19712
2997836,0.02282
2997837,0.01706
2997838,0.0269
2997839,0.03435
2997840,0.04276
2997841,0.049
2997842,0.06007
2997843,0.0744
2997844,0.07185
2997845,0.079
2997846,0.10061
2997861,0.10352
2997862,0.15293
2997863,0.15023
2997864,0.13755
2997865,0.12561
2997866,0.11268
2997867,0.09769
2997868,0.08046
2997869,0.074
2997870,0.07009
2997871,0.06341
2997888,0.00283
2997890,0
2997891,0
2997892,0
2997893,0
2997894,0
2997895,0
2997896,0
2997897,0
2997898,0
2997899,0
2997900,0
2997901,0
2997902,0
2997903,0
2997904,0.00993
2997923,0.09802
2997924,0.08681
2997940,0.06727
2997944,0.03819
2997946,0.00363
3001280,0.17948
3001281,0.17778
3001282,0.18487
3001283,0.19449
3001284,0.19816
3001285,0.20875
3001286,0.21655
3001287,0.2231
3001288,0.22636
3001289,0.22699
3001290,0.2359
3001291,0.24665
3001292,0.24812
3001293,0.24016
3001294,0.24142
3001295,0.24765
3001296,0.25038
3001297,0.24086
3001300,0.24941
3001301,0.23619
3001302,0.21328
3001452,0.03034
3001453,0.0375
3001454,0.03372
3001455,0.04171
3001456,0.04485
3001457,0.05607
3001458,0.06596
3001459,0.07988
3001460,0.09251
3001461,0.0884
3001462,0.09238
3001478,0.13645
3001479,0.17941
3001480,0.17141
3001481,0.15537
3001482,0.13845
3001483,0.12315
3001484,0.10862
3001485,0.09196
3001486,0.08255
3001487,0.07802
3001488,0.07291
3001489,0.07081
3001505,0
3001507,0
3001508,0
3001509,0
3001510,0
3001511,0
3001512,0
3001513,0
3001514,0
3001515,0
3001516,0
3001517,0
3001518,0
3001519,0
3001520,0
3001521,0.02784
3001541,0.08353
3001557,0.0399
3001558,0.03128
3001562,0.00557
3001563,0.009
3004896,0.19145
3004897,0.19014
3004898,0.1892
3004899,0.18964
3004900,0.19306
3004901,0.19939
3004902,0.21486
3004903,0.22647
3004904,0.22827
3004905,0.23299
3004906,0.23873
3004907,0.24309
3004908,0.25292
3004909,0.25711
3004910,0.25292
3004911,0.24958
3004912,0.24865
3004913,0.25328
3004914,0.24639
3004915,0.24554
3004917,0.25363
3004918,0.24578
3004919,0.22679
3004920,0.21653
3005068,0.03042
3005069,0.04193
3005070,0.05315
3005071,0.05422
3005072,0.05785
3005073,0.06446
3005074,0.07221
3005075,0.07966
3005076,0.0987
3005077,0.1084
3005078,0.10722
3005079,0.10286
3005094,0.19141
3005095,0.18659
3005096,0.20472
3005097,0.19682
3005098,0.17954
3005099,0.15668
3005100,0.13436
3005101,0.11662
3005102,0.10363
3005103,0.09
3005104,0.08511
3005105,0.0784
3005106,0.07411
3005107,0.06773
3005108,0.0575
3005121,0
3005122,0
3005123,0
3005124,0
3005126,0
3005128,0
3005129,0
3005130,0
3005131,0
3005132,0
3005133,0
3005134,0
3005135,0
3005136,0
3005137,0
3005159,0.07386
3005175,0
3005181,0.03261
3008512,0.20094
3008513,0.20115
3008514,0.20163
3008515,0.2027
3008516,0.1995
3008517,0.19812
3008518,0.20708
3008519,0.21784
3008520,0.22063
3008521,0.22871
3008522,0.23497
3008523,0.24096
3008524,0.24137
3008525,0.25332
3008526,0.26035
3008527,0.26195
3008528,0.25959
3008529,0.25587
3008530,0.25477
3008531,0.25448
3008532,0.2537
3008533,0.25968
3008534,0.2623
3008535,0.26003
3008536,0.2465
3008537,0.23949
3008685,0.04298
3008686,0.05373
3008687,0.06604
3008688,0.07274
3008689,0.07257
3008690,0.07687
3008691,0.08076
3008692,0.08497
3008693,0.09949
3008694,0.10157
3008695,0.0986
3008711,0.22383
3008712,0.19926
3008713,0.18693
3008714,0.20503
3008715,0.2008
3008716,0.17752
3008717,0.14907
3008718,0.12453
3008719,0.108
3008720,0.0903
3008721,0.08466
3008722,0.07917
3008723,0.07146
3008724,0.06231
3008725,0.05833
3008738,0
3008739,0
3008740,0
3008743,0
3008744,0
3008745,0
3008746,0
3008747,0
3008748,0
3008749,0
3008750,0
3008751,0
3008752,0
3008753,0
3008754,0
3008776,0.08196
3008777,0.07262
3008778,0.05409
3008792,0
3008798,0.03387
3012103,0.08259
3012128,0.20756
3012129,0.21033
3012130,0.20367
3012131,0.20947
3012132,0.21222
3012133,0.20929
3012134,0.21228
3012135,0.21801
3012136,0.22224
3012137,0.21855
3012138,0.22858
3012139,0.23306
3012140,0.232
3012141,0.23702
3012142,0.25029
3012143,0.26053
3012144,0.26851
3012145,0.267
3012146,0.26485
3012147,0.2612
3012148,0.26011
3012149,0.25846
3012150,0.26299
3012151,0.26959
3012152,0.26617
3012153,0.25464
3012154,0.25919
3012155,0.27223
3012301,0.04094
3012302,0.05473
3012303,0.0636
3012304,0.07565
3012305,0.08352
3012306,0.08274
3012307,0.0816
3012308,0.08857
3012309,0.09893
3012310,0.10294
3012311,0.07739
3012312,0.0515
3012328,0.19335
3012329,0.09757
3012330,0.09557
3012331,0.17109
3012332,0.21204
3012333,0.19519
3012334,0.16456
3012335,0.13523
3012336,0.11219
3012337,0.09225
3012338,0.08234
3012339,0.07534
3012340,0.06849
3012341,0.0619
3012342,0.06092
3012354,0
3012355,0
3012356,0
3012357,0
3012360,0
3012364,0
3012365,0
3012366,0
3012367,0
3012368,0
3012369,0
3012371,0.00512
3012372,0.05151
3012395,0.05773
3012396,0.00524
3012404,0
3012409,0
3012415,0.03416
3015716,0.08269
3015721,0.08467
3015722,0.10524
3015723,0.11648
3015745,0.21087
3015746,0.21209
3015747,0.20573
3015748,0.21354
3015749,0.21518
3015750,0.21527
3015751,0.21956
3015752,0.22439
3015753,0.22804
3015754,0.2226
3015755,0.22814
3015756,0.23108
3015757,0.22695
3015758,0.23225
3015759,0.24487
3015760,0.25399
3015761,0.26586
3015762,0.26593
3015763,0.26213
3015764,0.26142
3015765,0.26283
3015766,0.26052
3015767,0.26531
3015768,0.26985
3015769,0.26356
3015770,0.25375
3015771,0.26419
3015772,0.27513
3015917,0.04583
3015918,0.05583
3015919,0.06854
3015920,0.07539
3015921,0.08112
3015922,0.08814
3015923,0.09312
3015924,0.09496
3015925,0.10341
3015926,0.11684
3015927,0.12216
3015928,0.07291
3015929,0.0122
3015946,0
3015947,0.00542
3015950,0.21167
3015951,0.18355
3015952,0.15132
3015953,0.12195
3015954,0.10034
3015955,0.08912
3015956,0.07748
3015957,0.07166
3015958,0.06433
3015959,0.06222
3015968,0
3015969,0
3015971,0
3015972,0
3015973,0
3015974,0
3015977,0
3015983,0
3015984,0
3015985,0
3015986,0
3015987,0.02282
3015988,0.04163
3016014,0.00219
3016015,0.00514
3016020,0
3016021,0
3016026,0
3019335,0.08493
3019336,0.07814
3019337,0.07169
3019338,0.07171
3019339,0.09808
3019340,0.11743
3019341,0.12924
3019362,0.21646
3019363,0.21891
3019364,0.21632
3019365,0.21651
3019366,0.21617
3019367,0.21834
3019368,0.22445
3019369,0.22673
3019370,0.22331
3019371,0.21984
3019372,0.22697
3019373,0.22926
3019374,0.22828
3019375,0.22856
3019376,0.24033
3019377,0.24872
3019378,0.25287
3019379,0.25627
3019380,0.25944
3019381,0.26373
3019382,0.26695
3019383,0.26842
3019384,0.26958
3019385,0.27388
3019386,0.26759
3019387,0.25319
3019388,0.26324
3019389,0.28048
3019532,0.04419
3019533,0.05011
3019534,0.05658
3019535,0.06949
3019536,0.08128
3019537,0.08276
3019538,0.08839
3019539,0.09898
3019540,0.10636
3019541,0.11001
3019542,0.11922
3019543,0.13025
3019544,0.14257
3019545,0.09785
3019546,0.01728
3019568,0.19077
3019569,0.16206
3019570,0.12822
3019571,0.10792
3019572,0.09802
3019573,0.08701
3019574,0.07798
3019575,0.06734
3019576,0.06162
3019577,0.05296
3019578,0.04546
3019582,0.01135
3019583,0
3019584,0
3019585,0
3019586,0
3019587,0
3019588,0
3019589,0
3019590,0
3019593,0
3019594,0
3019595,0
3019596,0
3019597,0
3019598,0
3019599,0
3019600,0
3019633,0.04059
3019634,0.04461
3019637,0
3019638,0
3019642,0
3019643,0
3022953,0.07571
3022954,0.07865
3022955,0.08054
3022957,0.1276
3022958,0.13677
3022979,0.2171
3022980,0.2229
3022981,0.22618
3022982,0.2258
3022983,0.22251
3022984,0.22338
3022985,0.22879
3022986,0.22877
3022987,0.21716
3022988,0.21697
3022989,0.22307
3022990,0.22693
3022991,0.22893
3022992,0.22853
3022993,0.23866
3022994,0.24982
3022995,0.24727
3022996,0.25111
3022997,0.25669
3022998,0.26521
3022999,0.26341
3023000,0.27007
3023001,0.26952
3023002,0.27756
3023003,0.27289
3023004,0.25331
3023005,0.26384
3023006,0.29192
3023148,0.0444
3023149,0.04896
3023150,0.05737
3023151,0.0618
3023152,0.07698
3023153,0.08829
3023154,0.09067
3023155,0.09646
3023156,0.10646
3023157,0.11856
3023158,0.12397
3023159,0.13502
3023160,0.14465
3023161,0.15681
3023162,0.12603
3023182,0
3023183,0
3023184,0.02627
3023186,0.15794
3023188,0.10521
3023189,0.10612
3023190,0.09624
3023191,0.08302
3023192,0.07474
3023193,0.0625
3023194,0.04927
3023195,0.03972
3023196,0.03571
3023197,0.03132
3023199,0
3023200,0
3023203,0
3023204,0
3023205,0
3023206,0
3023207,0
3023208,0
3023209,0
3023210,0
3023211,0
3023212,0
3023213,0
3023214,0
3023215,0
3023216,0
3023252,0.05809
3023253,0.04438
3023254,0.01331
3023259,0
3026570,0.08072
3026572,0.0968
3026573,0.10588
3026574,0.12801
3026575,0.1426
3026576,0.15577
3026577,0.16663
3026578,0.1721
3026595,0.21101
3026596,0.21072
3026597,0.21604
3026598,0.22361
3026599,0.2261
3026600,0.23121
3026601,0.22948
3026602,0.22908
3026603,0.22858
3026604,0.21556
3026605,0.22261
3026606,0.22372
3026607,0.22515
3026608,0.22626
3026609,0.22829
3026610,0.23575
3026611,0.25149
3026612,0.25156
3026613,0.25386
3026614,0.2544
3026615,0.26357
3026616,0.25618
3026617,0.2628
3026618,0.26604
3026619,0.27876
3026620,0.27887
3026621,0.26258
3026622,0.26991
3026623,0.29621
3026765,0.04892
3026766,0.0499
3026767,0.06606
3026768,0.07211
3026769,0.08282
3026770,0.09461
3026771,0.09915
3026772,0.1009
3026773,0.11175
3026774,0.12846
3026775,0.14362
3026776,0.15561
3026777,0.157
3026778,0.17136
3026779,0.17284
3026800,0
3026801,0
3026806,0.11639
3026807,0.10845
3026808,0.09006
3026809,0.07434
3026810,0.06088
3026811,0.04635
3026812,0.03566
3026813,0.02599
3026814,0.01903
3026815,0.00617
3026816,0
3026821,0
3026822,0
3026823,0
3026824,0
3026825,0
3026826,0
3026827,0
3026828,0
3026830,0
3026831,0
3026872,0
3026876,0
3030187,0.09847
3030190,0.10559
3030191,0.12433
3030193,0.15833
3030194,0.17322
3030195,0.16978
3030196,0.16754
3030212,0.20479
3030213,0.20275
3030214,0.21175
3030215,0.21779
3030216,0.21912
3030217,0.22651
3030218,0.22807
3030219,0.23121
3030220,0.22956
3030221,0.22007
3030222,0.22825
3030223,0.22538
3030224,0.22071
3030225,0.22432
3030226,0.22833
3030227,0.23161
3030228,0.24704
3030229,0.24995
3030230,0.25435
3030231,0.25611
3030232,0.27129
3030233,0.26319
3030234,0.26633
3030235,0.26522
3030236,0.27649
3030237,0.28053
3030238,0.26657
3030239,0.26216
3030240,0.26528
3030382,0.05204
3030383,0.05391
3030384,0.0751
3030385,0.08905
3030386,0.09581
3030387,0.10993
3030388,0.11333
3030389,0.11388
3030390,0.1292
3030391,0.14522
3030392,0.15905
3030393,0.16679
3030394,0.16106
3030395,0.18252
3030396,0.19854
3030424,0.12772
3030425,0.08943
3030426,0.05834
3030427,0.04163
3030428,0.03392
3030429,0.02659
3030430,0.01861
3030431,0.01353
3030432,0.00376
3030433,0
3030438,0
3030439,0
3030441,0
3030442,0
3030443,0
3030444,0
3030445,0
3030446,0
3030447,0
3030448,0
3030490,0
3030492,0
3030503,0.04607
3030504,0.04719
3033805,0.11681
3033806,0.10581
3033813,0.10648
3033814,0.10711
3033829,0.20024
3033830,0.20281
3033831,0.20891
3033832,0.21282
3033833,0.21
3033834,0.22009
3033835,0.22291
3033836,0.23215
3033837,0.22687
3033838,0.22195
3033839,0.22332
3033840,0.21837
3033841,0.21139
3033842,0.22427
3033843,0.22786
3033844,0.22943
3033845,0.24522
3033846,0.24517
3033847,0.25345
3033848,0.27142
3033849,0.2794
3033850,0.26916
3033851,0.27124
3033852,0.27325
3033853,0.27533
3033854,0.2711
3033855,0.26369
3033856,0.24791
3033857,0.20864
3033858,0.15083
3033998,0.055
3033999,0.06017
3034000,0.07111
3034001,0.0863
3034002,0.10169
3034003,0.10714
3034004,0.11908
3034005,0.12148
3034006,0.12792
3034007,0.14801
3034008,0.15897
3034009,0.16152
3034011,0.15973
3034012,0.19035
3034042,0.06106
3034043,0
3034044,0
3034045,0
3034046,0
3034047,0
3034048,0.01827
3034049,0.00992
3034050,0.00237
3034055,0
3034056,0
3034058,0
3034059,0
3034060,0
3034061,0
3034064,0
3034065,0.00328
3034107,0
3034108,0
3034109,0
3034120,0.03966
3034121,0.04662
3037422,0.14204
3037423,0.11452
3037431,0.02342
3037432,0.11048
3037444,0.1966
3037445,0.19172
3037446,0.20503
3037447,0.20752
3037448,0.20934
3037449,0.21395
3037450,0.20954
3037451,0.21822
3037452,0.21762
3037453,0.22646
3037454,0.22086
3037455,0.21366
3037456,0.21907
3037457,0.21795
3037458,0.20926
3037459,0.21466
3037460,0.21832
3037461,0.21904
3037462,0.23504
3037463,0.24101
3037464,0.25151
3037465,0.26638
3037466,0.26687
3037467,0.26111
3037468,0.26847
3037469,0.27401
3037470,0.27761
3037471,0.26967
3037472,0.27269
3037473,0.2578
3037475,0.08049
3037615,0.06493
3037616,0.06974
3037617,0.08159
3037618,0.09612
3037619,0.10533
3037620,0.10315
3037621,0.11075
3037622,0.12127
3037623,0.14087
3037624,0.17155
3037625,0.18676
3037626,0.1864
3037661,0
3037662,0
3037663,0
3037664,0
3037665,0.0131
3037673,0
3037674,0
3037675,0
3037676,0
3037677,0
3037678,0
3037679,0
3037680,0
3037681,0
3037724,0
3037725,0
3037727,0
3041039,0.1612
3041040,0.13536
3041041,0.0983
3041049,0.09828
3041050,0.13782
3041051,0.14264
3041052,0.15029
3041053,0.15455
3041057,0.14763
3041058,0.15685
3041059,0.1678
3041060,0.1708
3041061,0.1637
3041062,0.15965
3041063,0.18047
3041064,0.20131
3041065,0.21496
3041066,0.21266
3041067,0.20615
3041068,0.21382
3041069,0.21525
3041070,0.2221
3041071,0.22355
3041072,0.21649
3041073,0.21337
3041074,0.21131
3041075,0.20762
3041076,0.21777
3041077,0.22418
3041078,0.21281
3041079,0.21761
3041080,0.22893
3041081,0.24174
3041082,0.2421
3041083,0.24901
3041084,0.25542
3041085,0.25851
3041086,0.2685
3041087,0.2834
3041088,0.278
3041089,0.27365
3041090,0.26841
3041092,0
3041232,0.06948
3041233,0.07808
3041234,0.08639
3041235,0.09486
3041236,0.1031
3041237,0.10025
3041238,0.10934
3041239,0.1326
3041240,0.16909
3041242,0.21964
3041281,0
3041282,7.9e-4
3041283,0.01031
3041289,0
3041290,0
3041291,0
3041292,0
3041293,0
3041294,0
3041295,0
3041341,0.01661
3041342,0
3041343,0
3041344,0
3044656,0.17122
3044657,0.15205
3044667,0.10585
3044668,0.08608
3044669,0.06189
3044670,0.06205
3044671,0.05297
3044672,0.06369
3044673,0.0795
3044674,0.08323
3044675,0.08772
3044676,0.09076
3044677,0.06851
3044678,0.05009
3044679,0.07207
3044680,0.12493
3044681,0.17451
3044682,0.21016
3044683,0.21185
3044684,0.20922
3044685,0.2117
3044686,0.2276
3044687,0.2288
3044688,0.22528
3044689,0.21984
3044690,0.21413
3044691,0.20635
3044692,0.20541
3044693,0.22004
3044694,0.22895
3044695,0.21725
3044696,0.21699
3044697,0.22406
3044698,0.23531
3044699,0.2361
3044700,0.24806
3044701,0.2522
3044702,0.25819
3044703,0.27482
3044704,0.28002
3044705,0.28121
3044706,0.28007
3044707,0.2438
3044709,0
3044846,0.07157
3044847,0.07961
3044848,0.07508
3044849,0.07819
3044850,0.08604
3044851,0.09229
3044852,0.10069
3044853,0.10897
3044854,0.11586
3044855,0.12606
3044856,0.14092
3044857,0.16882
3044859,0.21362
3044899,0
3044904,0
3044905,0
3044906,0
3044909,0
3044910,0
3044911,0
3044912,0
3044913,0
3044959,0.01232
3044960,8.9e-4
3048273,0.16539
3048274,0.15431
3048275,0.13276
3048287,0
3048288,0
3048289,0
3048294,0
3048295,0
3048296,0
3048299,0.20597
3048300,0.21843
3048301,0.21715
3048302,0.21185
3048303,0.22582
3048304,0.22872
3048305,0.2286
3048306,0.22679
3048307,0.21815
3048308,0.20933
3048309,0.2116
3048310,0.22098
3048311,0.22105
3048312,0.22328
3048313,0.22604
3048314,0.2242
3048315,0.23467
3048316,0.23864
3048317,0.25512
3048318,0.26309
3048319,0.26482
3048320,0.26859
3048321,0.26821
3048322,0.2725
3048323,0.28534
3048324,0.26258
3048325,0.19472
3048326,0.11111
3048327,0.07936
3048463,0.08404
3048464,0.08958
3048465,0.08252
3048466,0.08581
3048467,0.09485
3048468,0.10305
3048469,0.10768
3048470,0.11671
3048471,0.13008
3048472,0.1431
3048473,0.15745
3048474,0.17687
3048475,0.20741
3048476,0.20995
3048477,0.08667
3048516,0
3048521,0
3048522,0
3048527,0
3048528,0
3048529,0
3048530,0
3051890,0.16226
3051891,0.16382
3051892,0.17116
3051916,0.22254
3051917,0.21783
3051918,0.21013
3051919,0.211
3051920,0.21619
3051921,0.22459
3051922,0.2272
3051923,0.22388
3051924,0.22286
3051925,0.2174
3051926,0.20896
3051927,0.2214
3051928,0.22903
3051929,0.22712
3051930,0.23168
3051931,0.23453
3051932,0.23543
3051933,0.23505
3051934,0.24753
3051935,0.25611
3051936,0.26445
3051937,0.26127
3051938,0.27024
3051939,0.27771
3051940,0.28031
3051941,0.28317
3051942,0.26664
3051943,0.25635
3052079,0.07726
3052080,0.08996
3052081,0.09696
3052082,0.09744
3052083,0.1008
3052084,0.10685
3052085,0.1151
3052086,0.11355
3052087,0.11517
3052088,0.12568
3052089,0.14234
3052090,0.16704
3052091,0.19005
3052092,0.19731
3052093,0.18659
3052094,0.08561
3052095,0
3052132,0
3052133,0
3052137,0
3052138,0
3052140,0.00654
3052141,0.01864
3052142,0.00281
3052143,0
3052144,0.00331
3052145,6.6e-4
3052146,0.01735
3055508,0.17693
3055509,0.18119
3055510,0.20371
3055534,0.19088
3055535,0.2013
3055536,0.21182
3055537,0.21413
3055538,0.22282
3055539,0.23736
3055540,0.23297
3055541,0.22634
3055542,0.21859
3055543,0.20643
3055544,0.21671
3055545,0.2321
3055546,0.23725
3055547,0.2458
3055548,0.24008
3055549,0.23187
3055550,0.23663
3055551,0.23712
3055552,0.23041
3055553,0.24483
3055554,0.25625
3055555,0.27558
3055556,0.28204
3055557,0.29189
3055558,0.2954
3055559,0.29572
3055560,0.29537
3055687,0.02966
3055688,0.03745
3055694,0.08564
3055695,0.07548
3055696,0.08586
3055697,0.10138
3055698,0.10734
3055699,0.10991
3055700,0.11525
3055701,0.1191
3055702,0.12585
3055703,0.12309
3055704,0.10296
3055705,0.08196
3055706,0.09568
3055707,0.15015
3055708,0.18667
3055709,0.17645
3055710,0.14209
3055711,0.08606
3055712,0
3055747,0
3055748,0
3055749,0
3055750,0.00317
3055754,0
3055755,0
3055756,0
3055757,0
3055758,0.01409
3055759,0.0129
3055760,0.02353
3059125,0.16808
3059126,0.17254
3059127,0.18844
3059152,0.19627
3059153,0.21638
3059154,0.21426
3059155,0.21718
3059156,0.22623
3059157,0.22212
3059158,0.22115
3059159,0.2162
3059160,0.20837
3059161,0.21458
3059162,0.22891
3059163,0.24042
3059164,0.24641
3059165,0.23916
3059166,0.2308
3059167,0.23042
3059168,0.24241
3059169,0.23849
3059170,0.24498
3059171,0.25833
3059172,0.28124
3059173,0.29089
3059174,0.29346
3059175,0.29314
3059176,0.30068
3059177,0.28973
3059178,0.2769
3059301,0.04563
3059302,0.04326
3059303,0.04289
3059304,0.03796
3059305,0.03718
3059306,0.04998
3059307,0.05123
3059308,0.05888
3059309,0.06519
3059310,0.06587
3059311,0.08143
3059312,0.08574
3059313,0.10481
3059314,0.11739
3059315,0.12017
3059316,0.12631
3059317,0.13127
3059318,0.1385
3059319,0.13668
3059320,0.12175
3059321,0.07603
3059322,0.02193
3059325,0.19252
3059326,0.14878
3059327,0.02907
3059328,0
3059358,0
3059362,0
3059363,0
3059364,0
3059365,0
3059366,0
3059367,0.00469
3059368,0.01635
3059369,0.0135
3059371,0
3059372,0
3059373,0
3059375,0.02069
3062743,0.18066
3062744,0.19085
3062745,0.19929
3062770,0.21987
3062771,0.20945
3062772,0.21162
3062773,0.21445
3062774,0.208
3062775,0.21174
3062776,0.21101
3062777,0.2106
3062778,0.21682
3062779,0.22693
3062780,0.24135
3062781,0.23982
3062782,0.23747
3062783,0.22461
3062784,0.22064
3062785,0.23609
3062786,0.24166
3062787,0.25006
3062788,0.26538
3062789,0.2799
3062790,0.28365
3062791,0.28818
3062792,0.29193
3062793,0.30213
3062794,0.3025
3062795,0.27676
3062916,0.02794
3062917,0.02957
3062918,0.03784
3062919,0.04585
3062920,0.04183
3062921,0.04192
3062922,0.04701
3062923,0.05431
3062924,0.04887
3062925,0.06083
3062926,0.071
3062927,0.07998
3062928,0.08695
3062929,0.0907
3062930,0.10194
3062931,0.12016
3062932,0.12604
3062933,0.1393
3062934,0.14147
3062935,0.1401
3062936,0.13259
3062937,0.13585
3062938,0.08125
3062942,0.20232
3062973,0
3062974,0
3062975,0.04222
3062976,0.04648
3062977,0.03448
3062978,0.02478
3062979,0.00974
3062980,0
3062981,0.00114
3062982,0.00127
3062983,0
3062984,0.01956
3062986,0.01346
3062987,0.00316
3062988,0
3062990,0
3062991,0.01926
3063048,0.02157
3063062,0.0347
3066360,0.18405
3066361,0.18799
3066362,0.19128
3066388,0.17267
3066389,0.19026
3066390,0.20758
3066391,0.21447
3066392,0.21996
3066393,0.2146
3066394,0.21579
3066395,0.22258
3066396,0.22599
3066397,0.22728
3066398,0.23346
3066399,0.23663
3066400,0.23356
3066401,0.23271
3066402,0.23918
3066403,0.24488
3066404,0.24484
3066405,0.26063
3066406,0.28002
3066407,0.28632
3066408,0.27671
3066409,0.28556
3066410,0.29955
3066411,0.30052
3066412,0.28198
3066413,0.27213
3066532,0.03496
3066533,0.03177
3066534,0.03783
3066535,0.04652
3066536,0.04822
3066537,0.04451
3066538,0.04699
3066539,0.05198
3066540,0.05747
3066541,0.05391
3066542,0.06536
3066543,0.07523
3066544,0.08876
3066545,0.09072
3066546,0.09895
3066547,0.11321
3066548,0.12316
3066549,0.12382
3066550,0.12849
3066551,0.13491
3066552,0.13472
3066553,0.11401
3066554,0.11762
3066590,0
3066592,0.02019
3066593,0.05441
3066594,0.06687
3066595,0.06322
3066596,0.05828
3066597,0.043
3066598,0.02857
3066599,0.01105
3066600,0
3066601,0.02007
3066602,0.05888
3066604,0.00847
3066606,0
3066607,0.01022
3066608,0.04198
3066665,0.02744
3066679,0.02728
3066680,0.02824
3069978,0.18745
3069979,0.17826
3069980,0.17122
3070005,0.12523
3070006,0.17444
3070007,0.21038
3070008,0.22053
3070009,0.22201
3070010,0.2198
3070011,0.22393
3070012,0.227
3070013,0.22967
3070014,0.22554
3070015,0.22807
3070016,0.22587
3070017,0.22672
3070018,0.22791
3070019,0.23253
3070020,0.24081
3070021,0.25012
3070022,0.25876
3070023,0.27716
3070024,0.28461
3070025,0.27897
3070026,0.28646
3070027,0.29012
3070028,0.28773
3070029,0.28223
3070030,0.28438
3070031,0.29458
3070147,0.04112
3070148,0.04071
3070149,0.03779
3070150,0.03955
3070151,0.05354
3070152,0.05798
3070153,0.04857
3070154,0.03866
3070155,0.04402
3070156,0.05339
3070157,0.05965
3070158,0.06224
3070159,0.07522
3070160,0.08524
3070161,0.09293
3070162,0.09587
3070163,0.11158
3070164,0.13405
3070165,0.14512
3070166,0.14003
3070167,0.14544
3070168,0.14271
3070169,0.12605
3070170,0.09568
3070208,0
3070209,0
3070210,0.02799
3070211,0.07653
3070212,0.07467
3070213,0.05636
3070214,0.04231
3070215,0.02643
3070216,0.00776
3070217,0
3070218,0.01501
3070219,0.05143
3070221,0.0198
3070223,0.01283
3070224,0.02352
3070280,0.03225
3070281,0.02686
3070282,0.0283
3070297,0.018
3073595,0.1868
3073596,0.19089
3073597,0.188
3073598,0.19173
3073623,0.15478
3073624,0.21204
3073625,0.2226
3073626,0.22144
3073627,0.22158
3073628,0.22423
3073629,0.22476
3073630,0.22882
3073631,0.22191
3073632,0.22192
3073633,0.21905
3073634,0.21945
3073635,0.22304
3073636,0.2321
3073637,0.23718
3073638,0.25358
3073639,0.25857
3073640,0.26842
3073641,0.2757
3073642,0.27944
3073643,0.28128
3073644,0.27531
3073645,0.26993
3073646,0.27719
3073647,0.29476
3073648,0.33076
3073763,0.04274
3073764,0.03778
3073765,0.03799
3073766,0.03779
3073767,0.03523
3073768,0.04889
3073769,0.06008
3073770,0.05262
3073771,0.04467
3073772,0.04031
3073773,0.04171
3073774,0.05329
3073775,0.06181
3073776,0.07499
3073777,0.08691
3073778,0.08914
3073779,0.10498
3073780,0.12115
3073781,0.14086
3073782,0.15241
3073783,0.16085
3073784,0.17018
3073785,0.16369
3073786,0.14793
3073828,0.0814
3073829,0.08765
3073830,0.05771
3073831,0.03581
3073832,0.02249
3073833,0.01027
3073834,0
3073835,2.8e-4
3073836,0.02928
3073838,0.02656
3073897,0.0274
3073898,0.02678
3073899,0.02304
3073900,0.02883
3073913,0.02454
3073914,0.01614
3077213,0.20589
3077214,0.19687
3077215,0.19094
3077240,0.0899
3077241,0.16649
3077242,0.20015
3077243,0.22378
3077244,0.22892
3077245,0.22782
3077246,0.2249
3077247,0.22169
3077248,0.21154
3077249,0.21369
3077250,0.21919
3077251,0.21416
3077252,0.21696
3077253,0.22048
3077254,0.22483
3077255,0.23996
3077256,0.24932000000000001
3077257,0.25656
3077258,0.25667
3077259,0.2692
3077260,0.27871
3077261,0.27763
3077262,0.2707
3077263,0.27666
3077264,0.28835
3077265,0.33158
3077378,0.0502
3077379,0.04286
3077380,0.04446
3077381,0.05085
3077382,0.04455
3077383,0.04433
3077384,0.04517
3077385,0.04519
3077386,0.04945
3077387,0.05333
3077388,0.04608
3077389,0.0441
3077390,0.04634
3077391,0.05907
3077392,0.06814
3077393,0.07805
3077394,0.08839
3077395,0.0927
3077396,0.11252
3077397,0.12818
3077398,0.13233
3077399,0.12863
3077444,0
3077445,0.08048
3077446,0.09545
3077447,0.05924
3077448,0.03343
3077449,0.02331
3077450,0.01468
3077451,0.00131
3077452,0
3077453,0.01662
3077454,0.02138
3077455,0.03734
3077516,0.01983
3077517,0.03149
3077526,0.03087
3077527,0.03952
3077528,0.03666
3077531,0.01678
3080830,0.21358
3080831,0.20351
3080832,0.20017
3080833,0.17752
3080859,0.17525
3080860,0.22338
3080861,0.23026
3080862,0.22577
3080863,0.2175
3080864,0.21614
3080865,0.21325
3080866,0.20908
3080867,0.21227
3080868,0.21556
3080869,0.21811
3080870,0.21726
3080871,0.21984
3080872,0.2368
3080873,0.23756
3080874,0.24252
3080875,0.24155
3080876,0.26064
3080877,0.27705
3080878,0.28537
3080879,0.27432
3080880,0.27897
3080881,0.28112
3080882,0.30446
3080993,0.05006
3080994,0.0605
3080995,0.05668
3080996,0.05094
3080997,0.05178
3080998,0.05057
3080999,0.04682
3081000,0.05325
3081001,0.05722
3081002,0.0492
3081003,0.05733
3081004,0.0549
3081005,0.04978
3081006,0.05679
3081007,0.06117
3081008,0.07141
3081009,0.07369
3081010,0.08067
3081011,0.08833
3081012,0.09754
3081013,0.11431
3081014,0.12553
3081015,0.11714
3081016,0.08231
3081063,0.09568
3081064,0.05932
3081065,0.03084
3081066,0.02927
3081067,0.02107
3081068,0.00522
3081069,0.00307
3081070,0.01155
3081133,0.01963
3081134,0.03266
3081143,0.03008
3081146,0.02834
3084447,0.20872
3084448,0.20627
3084449,0.20581
3084450,0.19333
3084451,0.17311000000000001
3084477,0.21242
3084478,0.22783
3084479,0.22125
3084480,0.2161
3084481,0.21616
3084482,0.22007
3084483,0.21386
3084484,0.21453
3084485,0.21918
3084486,0.22643
3084487,0.22133
3084488,0.21701
3084489,0.22602
3084490,0.23045
3084491,0.23371
3084492,0.23829
3084493,0.25867
3084494,0.28568
3084495,0.29548
3084496,0.28203
3084497,0.28273
3084498,0.28887
3084499,0.30046
3084609,0.0495
3084610,0.04899
3084611,0.05191
3084612,0.04849
3084613,0.04943
3084614,0.05555
3084615,0.05417
3084616,0.0548
3084617,0.06012
3084618,0.06574
3084619,0.06423
3084620,0.0697
3084621,0.0658
3084622,0.06534
3084623,0.07135
3084624,0.07667
3084625,0.07914
3084626,0.08171
3084627,0.09046
3084628,0.09759
3084629,0.10276
3084630,0.11261
3084631,0.12246
3084632,0.11351
3084633,0.08505
3084680,0.07456
3084681,0.0483
3084682,0.02936
3084683,0.02724
3084684,0.01876
3084685,0.00849
3084686,0.01244
3084687,0.02055
3084750,0.01633
3084751,0.0267
3084760,0.02309
3084763,0.02404
3088065,0.2081
3088066,0.21191
3088067,0.20528
3088068,0.19462
3088069,0.19191
3088094,0.20322
3088095,0.22812
3088096,0.21938
3088097,0.21565
3088098,0.22245
3088099,0.22781
3088100,0.2255
3088101,0.22114
3088102,0.21581
3088103,0.21622
3088104,0.21745
3088105,0.21105
3088106,0.21761
3088107,0.22281
3088108,0.22556
3088109,0.23635
3088110,0.25261
3088111,0.27647
3088112,0.29181
3088113,0.29045
3088114,0.29235
3088115,0.29489
3088116,0.30454
3088224,0.04449
3088225,0.05059
3088226,0.04711
3088227,0.04864
3088228,0.0509
3088229,0.04648
3088230,0.04817
3088231,0.05283
3088232,0.05906
3088233,0.06384
3088234,0.06833
3088235,0.06917
3088236,0.07571
3088237,0.07966
3088238,0.07416
3088239,0.07932
3088240,0.08605
3088241,0.08831
3088242,0.08961
3088243,0.08893
3088244,0.09605
3088245,0.10692
3088246,0.11029
3088247,0.11065
3088248,0.11092
3088249,0.10993
3088250,0.10629
3088287,0
3088288,0
3088295,0.09206
3088296,0.07536
3088297,0.05611
3088298,0.03772
3088299,0.03484
3088302,0.01558
3088377,0.01998
3088380,0.01842
3091683,0.20826
3091684,0.20946
3091685,0.20607
3091686,0.19765
3091687,0.16926
3091711,0.20764
3091712,0.23246
3091713,0.22344
3091714,0.22139
3091715,0.22617
3091716,0.22626
3091717,0.22591
3091718,0.22707
3091719,0.2177
3091720,0.21468
3091721,0.22127
3091722,0.21378
3091723,0.2186
3091724,0.22031
3091725,0.22124
3091726,0.23004
3091727,0.24889
3091728,0.26548
3091729,0.28206
3091730,0.2859
3091731,0.28984
3091732,0.27961
3091733,0.27742
3091840,0.04472
3091841,0.05168
3091842,0.05829
3091843,0.05746
3091844,0.05809
3091845,0.05627
3091846,0.05273
3091847,0.05657
3091848,0.05822
3091849,0.06445
3091850,0.07893
3091851,0.08003
3091852,0.07385
3091853,0.07487
3091854,0.07856
3091855,0.07854
3091856,0.09131
3091857,0.09655
3091858,0.10109
3091859,0.10338
3091860,0.10182
3091861,0.1069
3091862,0.11722
3091863,0.12321
3091864,0.1177
3091865,0.11341
3091866,0.11808
3091906,0
3091909,0
3091910,0.00581
3091911,0.06394
3091912,0.09149
3091913,0.08022
3091914,0.05389
3091915,0.03503
3091916,0.04671
3091917,0.03575
3091981,0.02225
3091985,0.02279
3091994,0.02254
3091995,0.03625
3091997,0.01202
3095300,0.20777
3095301,0.21438
3095302,0.21616
3095303,0.21574
3095304,0.19977
3095305,0.193
3095327,0
3095328,0.22175
3095329,0.23935
3095330,0.22503
3095331,0.21787
3095332,0.21773
3095333,0.22201
3095334,0.22278
3095335,0.22692
3095336,0.21762
3095337,0.21411
3095338,0.22205
3095339,0.22205
3095340,0.2259
3095341,0.22504
3095342,0.22111
3095343,0.23108
3095344,0.24629
3095345,0.25725
3095346,0.27018
3095347,0.27463
3095348,0.28061
3095349,0.26445
3095350,0.24725
3095455,0.05285
3095456,0.04773
3095457,0.05139
3095458,0.05668
3095459,0.06705
3095460,0.07094
3095461,0.06588
3095462,0.06281
3095463,0.06175
3095464,0.06611
3095465,0.06958
3095466,0.08104
3095467,0.09008
3095468,0.09077
3095469,0.08479
3095470,0.08073
3095471,0.07853
3095472,0.08218
3095473,0.09941
3095474,0.10995
3095475,0.11248
3095476,0.10777
3095477,0.11245
3095478,0.12185
3095479,0.12943
3095480,0.13058
3095481,0.12735
3095482,0.129
3095483,0.13242
3095524,0
3095525,0
3095526,0.05951
3095527,0.07071
3095528,0.08831
3095531,0.05238
3095532,0.04148
3095533,0.04872
3095534,0.03502
3095602,0.02195
3095612,0.03335
3095614,0.00724
3098918,0.22075
3098919,0.22571
3098920,0.22248
3098921,0.21765
3098922,0.21311
3098923,0.18119
3098945,0.23684
3098946,0.22971
3098947,0.18556
3098948,0.16231
3098949,0.17592
3098950,0.2035
3098951,0.22563
3098952,0.23026
3098953,0.22339
3098954,0.21839
3098955,0.22552
3098956,0.23067
3098957,0.23598
3098958,0.23077
3098959,0.21819
3098960,0.22741
3098961,0.24373
3098962,0.25515
3098963,0.26068
3098964,0.2626
3098965,0.27292
3098966,0.26861
3098967,0.25224
3098968,0.20613
3098969,0
3099071,0.05559
3099072,0.05822
3099073,0.05814
3099074,0.05813
3099075,0.06159
3099076,0.06739
3099077,0.07191
3099078,0.07251
3099079,0.07048
3099080,0.07109
3099081,0.07415
3099082,0.07835
3099083,0.0877
3099084,0.09815
3099085,0.09944
3099086,0.09906
3099087,0.0912
3099088,0.09072
3099089,0.09577
3099090,0.10763
3099091,0.11799
3099092,0.12286
3099093,0.11683
3099094,0.1269
3099095,0.13557
3099096,0.13459
3099097,0.13325
3099098,0.12539
3099099,0.13483
3099137,0
3099142,0.05001
3099143,0.11955
3099144,0.11654
3099219,0.0179
3099228,0.02511
3099229,0.03158
3099231,0.00613
3102536,0.226
3102537,0.22406
3102538,0.2262
3102539,0.22092
3102540,0.19465
3102541,0.14669
3102565,0
3102566,0.08412
3102567,0.17752
3102568,0.22615
3102569,0.23406
3102570,0.2263
3102571,0.2224
3102572,0.23174
3102573,0.23174
3102574,0.23109
3102575,0.22854
3102576,0.22182
3102577,0.23125
3102578,0.24077
3102579,0.24808
3102580,0.25342
3102581,0.25591
3102582,0.26413
3102583,0.26942
3102584,0.25994
3102585,0.22362
3102586,0
3102686,0.06307
3102687,0.06049
3102688,0.06281
3102689,0.06265
3102690,0.0686
3102691,0.07206
3102692,0.07348
3102693,0.07305
3102694,0.0762
3102695,0.0769
3102696,0.07428
3102697,0.07955
3102698,0.08154
3102699,0.08142
3102700,0.08247
3102701,0.0949
3102702,0.10402
3102703,0.10381
3102704,0.09434
3102705,0.09852
3102706,0.10904
3102707,0.11824
3102708,0.12544
3102709,0.13065
3102710,0.12503
3102711,0.13641
3102712,0.13447
3102713,0.13116
3102714,0.1389
3102715,0.13887
3102716,0.13495
3102755,0
3102757,0
3102758,0.01686
3102759,0.09423
3102760,0.13386
3102761,0.12779
3102832,0.03957
3102845,0.01991
3102847,0.00539
3102848,0.00911
3106153,0.22338
3106154,0.22521
3106155,0.23078
3106156,0.23421
3106157,0.22138
3106158,0.19751
3106159,0.22598
3106182,0
3106183,0
3106184,0.15617
3106185,0.21911
3106186,0.23001
3106187,0.22464
3106188,0.22284
3106189,0.23038
3106190,0.23074
3106191,0.22625
3106192,0.23109
3106193,0.23221
3106194,0.2323
3106195,0.23981
3106196,0.24352
3106197,0.24526
3106198,0.25478
3106199,0.26596
3106200,0.27135
3106201,0.26809
3106202,0.24012
3106302,0.06399
3106303,0.06858
3106304,0.0657
3106305,0.07329
3106306,0.0707
3106307,0.07654
3106308,0.07918
3106309,0.07956
3106310,0.07802
3106311,0.08424
3106312,0.08039
3106313,0.07331
3106314,0.08164
3106315,0.08823
3106316,0.08734
3106317,0.08506
3106318,0.09297
3106319,0.10549
3106320,0.10737
3106321,0.10327
3106322,0.10851
3106323,0.11497
3106324,0.12581
3106325,0.1354
3106326,0.13788
3106327,0.13398
3106328,0.13921
3106329,0.13901
3106330,0.13848
3106331,0.15322
3106332,0.16017
3106373,0
3106374,0
3106375,0.11965
3106376,0.15127
3106377,0.1475
3106378,0.12865
3106450,0.03571
3106462,0.02267
3106464,0.00206
3106465,0.00948
3109770,0.22169
3109771,0.23155
3109772,0.23897
3109773,0.25204
3109774,0.24736
3109775,0.23197
3109776,0.24441
3109800,0
3109801,0.10355
3109802,0.17675
3109803,0.20976
3109804,0.22446
3109805,0.22225
3109806,0.23232
3109807,0.23821
3109808,0.23079
3109809,0.22997
3109810,0.23632
3109811,0.23496
3109812,0.24018
3109813,0.24297
3109814,0.24566
3109815,0.26195
3109816,0.27344
3109817,0.27627
3109818,0.2718
3109819,0.22552
3109820,0.04436
3109821,0
3109917,0.04664
3109918,0.06268
3109919,0.06496
3109920,0.06829
3109921,0.06839
3109922,0.07577
3109923,0.07413
3109924,0.08195
3109925,0.08109
3109926,0.08138
3109927,0.08296
3109928,0.09173
3109929,0.08828
3109930,0.08512
3109931,0.08449
3109932,0.08589
3109933,0.08993
3109934,0.09469
3109935,0.10283
3109936,0.10894
3109937,0.11071
3109938,0.12156
3109939,0.12483
3109940,0.12064
3109941,0.13368
3109942,0.14519
3109943,0.14323
3109944,0.14402
3109945,0.14369
3109946,0.15099
3109947,0.15637
3109948,0.16603
3109992,0.20059
3109993,0.19023
3109994,0.15696
3109995,0.1305
3110069,0.0124
3110070,0.00971
3110071,0.01314
3110079,0.02852
3110080,0.01136
3110082,0.00573
3113389,0.24616
3113390,0.25946
3113391,0.26089
3113392,0.25188
3113393,0.25467
3113394,0.22195
3113418,0
3113419,0.06157
3113420,0.14865
3113421,0.21474
3113422,0.22017
3113423,0.22584
3113424,0.23845
3113425,0.23439
3113426,0.22944
3113427,0.23585
3113428,0.23727
3113429,0.23635
3113430,0.23805
3113431,0.24757
3113432,0.26444
3113433,0.27504
3113434,0.28063
3113435,0.28082
3113436,0.23866
3113437,0.11122
3113438,0
3113533,0.0625
3113534,0.05664
3113535,0.07381
3113536,0.07706
3113537,0.07925
3113538,0.0708
3113539,0.07215
3113540,0.07318
3113541,0.08273
3113542,0.08526
3113543,0.08473
3113544,0.09091
3113545,0.10004
3113546,0.09473
3113547,0.09291
3113548,0.0907
3113549,0.08902
3113550,0.09438
3113551,0.10122
3113552,0.11001
3113553,0.11016
3113554,0.11319
3113555,0.12524
3113556,0.13685
3113557,0.13537
3113558,0.14371
3113559,0.1484
3113560,0.15127
3113561,0.15735
3113562,0.1555
3113563,0.16413
3113564,0.17071
3113609,0.20733
3113610,0.19727
3113611,0.16022
3113612,0.13126
3113684,0.04858
3113685,0.02763
3113687,0.00389
3113688,0.00451
3113689,0.01334
3113697,0.02121
3113698,0.00422
3113699,0.00533
3117007,0.25559
3117008,0.25834
3117009,0.25296
3117010,0.25776
3117011,0.23147
3117012,0.19321
3117013,0.15325
3117014,0.13465
3117015,0.12457
3117037,0.08163
3117038,0.20728
3117039,0.22233
3117040,0.21541
3117041,0.23036
3117042,0.23169
3117043,0.2304
3117044,0.23645
3117045,0.2443
3117046,0.24185
3117047,0.23914
3117048,0.25026
3117049,0.26329
3117050,0.27686
3117051,0.28693
3117052,0.29177
3117053,0.27042
3117054,0.22258
3117055,0.16821
3117056,0.17243
3117148,0.08495
3117149,0.0803
3117150,0.07417
3117151,0.07583
3117152,0.0847
3117153,0.08873
3117154,0.09226
3117155,0.08438
3117156,0.0811
3117157,0.08259
3117158,0.08794
3117159,0.08906
3117160,0.09176
3117161,0.0977
3117162,0.1004
3117163,0.09305
3117164,0.09463
3117165,0.10019
3117166,0.10125
3117167,0.10329
3117168,0.10836
3117169,0.11195
3117170,0.10792
3117171,0.1211
3117172,0.13431
3117173,0.15081
3117174,0.1529
3117175,0.15919
3117176,0.15624
3117177,0.1637
3117178,0.17063
3117179,0.17089
3117180,0.17492
3117181,0.17633
3117226,0.19197
3117227,0.19188
3117228,0.15796
3117229,0.1318
3117301,0.06598
3117303,0.0054
3117304,5.7e-4
3117305,0
3117306,0.00737
3117315,0.01137
3117316,0.00785
3117317,0.01094
3120628,0.24347
3120629,0.23009
3120630,0.21675
3120631,0.22222
3120632,0.20867
3120633,0.18426
3120655,0.20882
3120656,0.22133
3120657,0.20805
3120658,0.21795
3120659,0.21958
3120660,0.22222
3120661,0.23249
3120662,0.2476
3120663,0.25922
3120664,0.25406
3120665,0.25599
3120666,0.26454
3120667,0.27831
3120668,0.28639
3120669,0.29278
3120670,0.28106
3120671,0.26307
3120672,0.24785
3120673,0.24869
3120674,0.25694
3120764,0.0977
3120765,0.09254
3120766,0.08562
3120767,0.0813
3120768,0.08346
3120769,0.08442
3120770,0.08994
3120771,0.09685
3120772,0.10013
3120773,0.09624
3120774,0.09593
3120775,0.09645
3120776,0.09563
3120777,0.10171
3120778,0.10671
3120779,0.10407
3120780,0.09666
3120781,0.09782
3120782,0.1035
3120783,0.10923
3120784,0.11434
3120785,0.11832
3120786,0.11687
3120787,0.11956
3120788,0.13557
3120789,0.14948
3120790,0.15856
3120791,0.16249
3120792,0.16996
3120793,0.16701
3120794,0.16815
3120795,0.17209
3120796,0.16455
3120797,0.1656
3120837,0
3120839,0
3120840,0
3120841,0
3120842,0.05327
3120843,0.18712
3120844,0.17771
3120845,0.1435
3120846,0.12803
3120918,0.07592
3120919,0.0571
3120921,0.00232
3120922,0
3120933,0.01122
3124245,0.25531
3124246,0.25112
3124247,0.24585
3124248,0.25497
3124249,0.24181
3124250,0.19404
3124251,0.11876
3124274,0.19937
3124275,0.21189
3124276,0.21161
3124277,0.21063
3124278,0.22554
3124279,0.24613
3124280,0.26761
3124281,0.26291
3124282,0.25945
3124283,0.2664
3124284,0.27703
3124285,0.27912
3124286,0.28803
3124287,0.28209
3124288,0.26779
3124289,0.27365
3124290,0.27881
3124291,0.27028
3124292,0.28153
3124380,0.10441
3124381,0.10297
3124382,0.09722
3124383,0.09621
3124384,0.09299
3124385,0.08786
3124386,0.08153
3124387,0.08747
3124388,0.09225
3124389,0.10073
3124390,0.10211
3124391,0.10614
3124392,0.10376
3124393,0.10508
3124394,0.10683
3124395,0.11349
3124396,0.11963
3124397,0.11145
3124398,0.10668
3124399,0.10794
3124400,0.11763
3124401,0.12757
3124402,0.12612
3124403,0.12661
3124404,0.13826
3124405,0.14994
3124406,0.1568
3124407,0.16081
3124408,0.16661
3124409,0.17473
3124410,0.17415
3124411,0.17378
3124412,0.17424
3124413,0.14985
3124414,0.14605
3124458,0
3124459,0.00664
3124461,0.163
3124462,0.13034
3124463,0.12346
3124536,0.07763
3124539,0
3124550,0.01511
3127864,0.25696
3127865,0.25821
3127866,0.24705
3127867,0.21403
3127868,0.16718
3127892,0.2234
3127893,0.21291
3127894,0.20613
3127895,0.22616
3127896,0.24562
3127897,0.25937
3127898,0.26105
3127899,0.26093
3127900,0.26668
3127901,0.27088
3127902,0.26508
3127903,0.28172
3127904,0.2811
3127905,0.27267
3127906,0.28222
3127907,0.27902
3127908,0.27569
3127909,0.26992
3127996,0.10668
3127997,0.11091
3127998,0.10745
3127999,0.10368
3128000,0.1018
3128001,0.10276
3128002,0.09857
3128003,0.08501
3128004,0.08458
3128005,0.09051
3128006,0.09915
3128007,0.10346
3128008,0.10837
3128009,0.10936
3128010,0.11125
3128011,0.10654
3128012,0.11686
3128013,0.1292
3128014,0.1237
3128015,0.12155
3128016,0.12555
3128017,0.13497
3128018,0.14172
3128019,0.13955
3128020,0.14142
3128021,0.15525
3128022,0.1641
3128023,0.16768
3128024,0.17299
3128025,0.17662
3128026,0.18212
3128027,0.18329
3128028,0.18612
3128029,0.18816
3128030,0.16079
3128073,0
3128075,0
3128076,0
3128077,0.13381
3128078,0.15855
3128079,0.13357
3128080,0.1235
3128153,0.06824
3128156,0
3131485,0.22877
3131486,0.23477
3131510,0.20612
3131511,0.17773
3131512,0.19836
3131513,0.22236
3131514,0.24165
3131515,0.25402
3131516,0.25699
3131517,0.25915
3131518,0.26084
3131519,0.25123
3131520,0.27583
3131521,0.27954
3131522,0.27602
3131523,0.27961
3131524,0.27557
3131525,0.27784
3131526,0.2581
3131527,0.14558
3131612,0.09868
3131613,0.10595
3131614,0.11132
3131615,0.11183
3131616,0.10624
3131617,0.1017
3131618,0.10471
3131619,0.10356
3131620,0.09481
3131621,0.09132
3131622,0.10058
3131623,0.10827
3131624,0.10783
3131625,0.10454
3131626,0.11595
3131627,0.11899
3131628,0.11019
3131629,0.12129
3131630,0.12936
3131631,0.13157
3131632,0.13508
3131633,0.14388
3131634,0.15179
3131635,0.154
3131636,0.16178
3131637,0.16241
3131638,0.17157
3131639,0.17668
3131640,0.18296
3131641,0.19262
3131642,0.19529
3131643,0.19255
3131644,0.1913
3131645,0.18267
3131646,0.18205
3131690,0
3131693,0.01985
3131694,0.13916
3131695,0.16372
3131696,0.14238
3131697,0.12372
3131698,0.11739
3131770,0.06532
3131771,0.03183
3131772,0.0041
3131773,2.7e-4
3135089,0.21068
3135103,0.22664
3135128,0.12497
3135129,0.11982
3135130,0.16105
3135131,0.22342
3135132,0.24518
3135133,0.25074
3135134,0.25113
3135135,0.25575
3135136,0.25542
3135137,0.27879
3135138,0.28363
3135139,0.28076
3135140,0.27655
3135141,0.27607
3135142,0.27445
3135143,0.25929
3135144,0.18037
3135145,0.10573
3135227,0.10073
3135228,0.10025
3135229,0.10362
3135230,0.1069
3135231,0.10903
3135232,0.10894
3135233,0.10047
3135234,0.10196
3135235,0.10251
3135236,0.10046
3135237,0.10585
3135238,0.10286
3135239,0.10739
3135240,0.1129
3135241,0.11112
3135242,0.10676
3135243,0.12307
3135244,0.12803
3135245,0.12209
3135246,0.13054
3135247,0.13508
3135248,0.14127
3135249,0.1459
3135250,0.15825
3135251,0.16861
3135252,0.16904
3135253,0.1785
3135254,0.1811
3135255,0.1834
3135256,0.18576
3135257,0.19627
3135258,0.21177
3135259,0.20951
3135260,0.20237
3135261,0.18734
3135262,0.1513
3135263,0.13477
3135308,0
3135310,0.06157
3135311,0.14811
3135312,0.16295
3135313,0.13938999999999999
3135314,0.11871
3135315,0.11184
3135387,0.07109
3135388,0.04121
3135389,0.01798
3138706,0.19908
3138707,0.2064
3138720,0.22218
3138721,0.13126
3138722,0
3138747,0.11305
3138748,0.21269
3138749,0.23933
3138750,0.24829
3138751,0.25227
3138752,0.2543
3138753,0.26439
3138754,0.27893
3138755,0.2832
3138756,0.28844
3138757,0.28566
3138758,0.28001
3138759,0.27628
3138760,0.26076
3138761,0.22167
3138762,0.19998
3138843,0.09739
3138844,0.10319
3138845,0.10486
3138846,0.10913
3138847,0.10895
3138848,0.10507
3138849,0.1015
3138850,0.09962
3138851,0.10362
3138852,0.09895
3138853,0.10008
3138854,0.11328
3138855,0.10581
3138856,0.10574
3138857,0.10815
3138858,0.1083
3138859,0.11292
3138860,0.12832
3138861,0.13391
3138862,0.13961
3138863,0.14843
3138864,0.1518
3138865,0.15695
3138866,0.15609
3138867,0.17436
3138868,0.19169
3138869,0.19113
3138870,0.1861
3138871,0.18613
3138872,0.19154
3138873,0.19288
3138874,0.20432
3138875,0.2198
3138876,0.21498
3138877,0.21472
3138878,0.18741
3138879,0.12319
3138923,0
3138924,0
3138925,0
3138926,0.08116
3138927,0.12451
3138928,0.1579
3138929,0.14795
3138930,0.12607
3138931,0.10926
3139004,0.06617
3139005,0.04147
3142323,0.1921
3142324,0.20367
3142337,0.21393
3142338,0.12936
3142339,0
3142365,0.19935
3142366,0.21734
3142367,0.23668
3142368,0.25052
3142369,0.25778
3142370,0.26655
3142371,0.26765
3142372,0.27488
3142373,0.28559
3142374,0.28403
3142375,0.2755
3142376,0.2717
3142377,0.26178
3142378,0.24509
3142379,0.2792
3142401,0
3142459,0.11099
3142460,0.10661
3142461,0.11193
3142462,0.1134
3142463,0.11595
3142464,0.11213
3142465,0.10342
3142466,0.10373
3142467,0.1086
3142468,0.10588
3142469,0.10335
3142470,0.10469
3142471,0.11331
3142472,0.10956
3142473,0.11117
3142474,0.11251
3142475,0.10944
3142476,0.12121
3142477,0.13699
3142478,0.14338
3142479,0.15528
3142480,0.16243
3142481,0.1687
3142482,0.17952
3142483,0.1721
3142484,0.18841
3142485,0.2049
3142486,0.20359
3142487,0.18981
3142488,0.18179
3142489,0.17978
3142490,0.17411
3142491,0.17356
3142492,0.18911
3142493,0.21664
3142494,0.23294
3142495,0.20439
3142542,0.01616
3142543,0.11812
3142544,0.14592
3142545,0.15486
3142546,0.13862
3142547,0.11712
3142548,0.10503
3142621,0.06329
3142622,0.03866
3145938,0.1944
3145940,0.1815
3145941,0.19609
3145955,0.14944
3145956,0.03683
3145983,0.16878
3145984,0.20998
3145985,0.24656
3145986,0.26927
3145987,0.27383
3145988,0.27233
3145989,0.27938
3145990,0.27843
3145991,0.26859
3145992,0.26051
3145993,0.26102
3145994,0.25909
3145995,0.25223
3145997,0.35648
3146018,0
3146019,0
3146075,0.11852
3146076,0.11645
3146077,0.11509
3146078,0.12321
3146079,0.12437
3146080,0.12417
3146081,0.12029
3146082,0.11258
3146083,0.11481
3146084,0.11912
3146085,0.11107
3146086,0.10804
3146087,0.10125
3146088,0.10848
3146089,0.11833
3146090,0.12712
3146091,0.12715
3146092,0.12264
3146093,0.1328
3146094,0.1431
3146095,0.15222
3146096,0.16296
3146097,0.16924
3146098,0.17642
3146099,0.1947
3146100,0.19643
3146101,0.20252
3146102,0.20823
3146103,0.2037
3146104,0.19528
3146105,0.18303
3146106,0.14933
3146107,0.11903
3146108,0.09079
3146109,0.11512
3146160,0.04358
3146161,0.08327
3146162,0.12935
3146163,0.13212
3146164,0.11413
3146238,0.07052
3146239,0.0465
3146240,0.03091
3149554,0.19538
3149555,0.18744
3149556,0.1791
3149557,0.17466
3149558,0.19614
3149559,0.20521
3149560,0.20412
3149572,0.18209
3149573,0.12407
3149574,0.11151
3149601,0.16835
3149602,0.23833
3149603,0.26975
3149604,0.27635
3149605,0.2807
3149606,0.28967
3149607,0.28154
3149608,0.26207
3149609,0.24503
3149610,0.25488
3149611,0.26235
3149612,0.25929
3149635,0
3149636,0
3149637,0.06437
3149690,0.10556
3149691,0.11589
3149692,0.12128
3149693,0.12301
3149694,0.1256
3149695,0.13072
3149696,0.13252
3149697,0.12682
3149698,0.12325
3149699,0.12438
3149700,0.12522
3149701,0.12442
3149702,0.11696
3149703,0.10976
3149704,0.10573
3149705,0.11396
3149706,0.12719
3149707,0.13701
3149708,0.13592
3149709,0.13752
3149710,0.14946
3149711,0.15199
3149712,0.15878
3149713,0.16366
3149714,0.17386
3149715,0.18453
3149716,0.2032
3149717,0.21677
3149718,0.2167
3149719,0.22229
3149720,0.21901
3149721,0.21337
3149722,0.20173
3149778,0
3149779,0.09501
3149780,0.12631
3149855,0.07664
3149856,0.05363
3149857,0.03911
3153172,0.18616
3153173,0.1829
3153174,0.18554
3153175,0.21298
3153177,0.19961
3153178,0.20595
3153189,0.21842
3153190,0.20167
3153191,0.18856
3153192,0.21076
3153193,0.2541
3153218,0.10701
3153219,0.19702
3153220,0.23957
3153221,0.26249
3153222,0.27748
3153223,0.28721
3153224,0.28685
3153225,0.269
3153226,0.2481
3153227,0.25689
3153228,0.26119
3153229,0.26011
3153230,0.25438
3153253,0
3153254,0.0342
3153255,0.0432
3153307,0.10566
3153308,0.11738
3153309,0.12599
3153310,0.12977
3153311,0.13263
3153312,0.13146
3153313,0.13039
3153314,0.13384
3153315,0.13015
3153316,0.12825
3153317,0.13233
3153318,0.12951
3153319,0.11664
3153320,0.1099
3153321,0.1161
3153322,0.12649
3153323,0.1351
3153324,0.13861
3153325,0.14429
3153326,0.15119
3153327,0.16596
3153328,0.16344
3153329,0.15769
3153330,0.14903
3153331,0.15616
3153332,0.15082
3153333,0.18414
3153334,0.23147
3153335,0.23299
3153395,0
3153396,0.0738
3153397,0.12239
3153398,0.10378
3153472,0.07981
3153473,0.05044
3156790,0.19337
3156791,0.18716
3156795,0.21269
3156796,0.2294
3156798,0.24849
3156808,0.23443
3156809,0.23603
3156810,0.25197
3156835,0
3156836,0.08908
3156837,0.16367
3156838,0.23032
3156839,0.26879
3156840,0.2868
3156841,0.28961
3156842,0.27814
3156843,0.26594
3156844,0.26028
3156845,0.2565
3156846,0.25699
3156847,0.25238
3156848,0.23761
3156870,0
3156871,0
3156872,0
3156873,0.04068
3156922,0.09622
3156923,0.09921
3156924,0.1039
3156925,0.11406
3156926,0.12275
3156927,0.12778
3156928,0.13235
3156929,0.13331
3156930,0.12859
3156931,0.13688
3156932,0.13792
3156933,0.13331
3156934,0.12831
3156935,0.12582
3156936,0.11962
3156937,0.1175
3156938,0.12611
3156939,0.13086
3156940,0.13691
3156941,0.14447
3156942,0.15139
3156943,0.15569
3156944,0.16098
3156945,0.16037
3156946,0.14686
3156947,0.11237
3156949,0
3156950,0.09226
3157012,0
3157013,0.07874
3157014,0.11794
3157015,0.0969
3157086,0.09868
3157088,0.09729
3157090,0.04511
3160407,0.18773
3160408,0.17842
3160409,0.16917
3160413,0.22857
3160414,0.22575
3160415,0.23478
3160425,0.24767
3160426,0.24587
3160427,0.25349
3160428,0.26202
3160453,0
3160454,0.08477
3160455,0.20833
3160456,0.26524
3160457,0.27731
3160458,0.28491
3160459,0.2852
3160460,0.26781
3160461,0.25748
3160462,0.24939
3160463,0.24981
3160464,0.25893
3160465,0.25643
3160466,0.21913
3160488,0
3160489,0
3160490,0.03124
3160491,0.06243
3160537,0.09392
3160538,0.08781
3160539,0.0979
3160540,0.09957
3160541,0.11085
3160542,0.1122
3160543,0.11518
3160544,0.12409
3160545,0.12895
3160546,0.14219
3160547,0.14921
3160548,0.1505
3160549,0.14579
3160550,0.13787
3160551,0.13077
3160552,0.12433
3160553,0.12026
3160554,0.11922
3160555,0.13062000000000001
3160556,0.13788
3160557,0.13837
3160558,0.15641
3160559,0.15966
3160560,0.15803
3160561,0.15241
3160562,0.1554
3160563,0.13647
3160564,0.06317
3160566,0
3160630,0.12103
3160631,0.11135
3160632,0.09042
3160703,0.10004
3160705,0.08401
3160707,0.03228
3160738,0.05255
3164024,0.18821
3164025,0.18
3164026,0.17257
3164031,0.22192
3164032,0.21975
3164033,0.22941
3164042,0.25112
3164043,0.24745
3164044,0.2537
3164045,0.27497
3164072,0.22785
3164073,0.26649
3164074,0.26428
3164075,0.26848
3164076,0.28206
3164077,0.2756
3164078,0.2545
3164079,0.24611
3164080,0.24324
3164081,0.26259
3164082,0.25733
3164083,0.22703
3164084,0.19733
3164085,0.14043
3164107,0.02212
3164108,0.04256
3164109,0.03798
3164110,0.0292
3164152,0.08659
3164153,0.09345
3164154,0.10673
3164155,0.10111
3164156,0.10742
3164157,0.10892
3164158,0.11736
3164159,0.1143
3164160,0.11774
3164161,0.13412
3164162,0.14431
3164163,0.15138
3164164,0.16051
3164165,0.16121
3164166,0.15337
3164167,0.13861
3164168,0.13665
3164169,0.12981
3164170,0.1239
3164171,0.12248
3164172,0.13024
3164173,0.14663
3164174,0.15294
3164175,0.15836
3164176,0.15962
3164177,0.15814
3164178,0.16044
3164179,0.16562
3164180,0.11761
3164181,0
3164183,0
3164247,0.13788
3164248,0.10762
3164249,0.08138
3164322,0.08078
3164323,0.05535
3164324,0.04282
3164353,0.01708
3164354,0.03487
3164355,0.05444
3164356,0.06693
3167642,0.17957
3167643,0.17854
3167644,0.18049
3167645,0.17619
3167646,0.1803
3167650,0.23812
3167651,0.23615
3167659,0.25567
3167660,0.25235
3167661,0.25469
3167662,0.27053
3167687,0
3167690,0.26411
3167691,0.25428
3167692,0.26011
3167693,0.28052
3167694,0.27136
3167695,0.25596
3167696,0.25154
3167697,0.25474
3167698,0.26394
3167699,0.25474
3167700,0.24108
3167701,0.22433
3167702,0.16045
3167703,0.03061
3167725,0
3167726,0.00529
3167727,0.02813
3167728,0.0269
3167768,0.08838
3167769,0.0965
3167770,0.10061
3167771,0.11587
3167772,0.11139
3167773,0.11189
3167774,0.12144
3167775,0.12045
3167777,0.12674
3167778,0.14537
3167779,0.15613
3167780,0.15728
3167781,0.17024
3167782,0.17026
3167783,0.15823
3167784,0.14468
3167785,0.14672
3167786,0.14378
3167787,0.14395
3167788,0.13448
3167789,0.12956
3167790,0.14891
3167791,0.15577
3167792,0.15832
3167793,0.16797
3167794,0.17077
3167795,0.17393
3167796,0.18051
3167797,0.12448
3167798,0
3167865,0.08141
3167866,0.05209
3167867,0.07006
3167940,0.07381
3167969,0
3167970,0.00616
3167973,0.04469
3171262,0.18033
3171263,0.18926
3171264,0.206
3171268,0.22844
3171269,0.22279
3171276,0.26455
3171277,0.25406
3171278,0.2468
3171279,0.25658
3171307,0.27026
3171308,0.25575
3171309,0.24791
3171310,0.26987
3171311,0.26304
3171312,0.25945
3171313,0.25125
3171314,0.25133
3171315,0.25704
3171316,0.25233
3171317,0.24834
3171318,0.23678
3171319,0.18592
3171320,0.11755
3171321,0.09687
3171342,0
3171343,0
3171344,0.01054
3171345,0.0238
3171346,0.01884
3171347,0.02809
3171383,0.0758
3171384,0.08782
3171385,0.09398
3171386,0.09818
3171387,0.10789
3171388,0.11146
3171389,0.11646
3171390,0.11877
3171391,0.12762
3171392,0.11864
3171393,0.11112
3171394,0.11541
3171395,0.14304
3171396,0.15476
3171397,0.15035
3171398,0.16688
3171399,0.17368
3171400,0.16351
3171401,0.14546
3171402,0.14902
3171403,0.1552
3171404,0.15983
3171405,0.15221
3171406,0.14113
3171407,0.16004
3171408,0.15988
3171409,0.16508
3171410,0.16499
3171411,0.17155
3171412,0.18441
3171413,0.19328
3171414,0.13525
3171415,0
3171418,0
3171483,0.02641
3171484,0.05823
3171485,0.07333
3171486,0.07559
3171557,0.07631
3171558,0.05378
3171584,0.00987
3171585,0
3171586,0
3171591,0.02364
3174881,0.1895
3174882,0.17574
3174885,0.22313
3174886,0.22514
3174888,0.23447
3174890,0.26287
3174891,0.26012
3174892,0.25425
3174893,0.25206
3174894,0.24461
3174895,0.24288
3174896,0.24139
3174924,0.25914
3174925,0.23852
3174926,0.22624
3174927,0.22962
3174928,0.23941
3174929,0.25393
3174930,0.24849
3174931,0.23958
3174932,0.24418
3174933,0.23876
3174934,0.23916
3174935,0.22747
3174936,0.20572
3174937,0.17661
3174938,0.16859
3174939,0.19399
3174959,0
3174960,0
3174961,0
3174962,0.01944
3174963,0.02245
3174964,0.02632
3174965,0.01529
3174966,0.01552
3174997,0.06125
3174998,0.07274
3174999,0.08035
3175000,0.07888
3175001,0.09023
3175002,0.09653
3175003,0.09969
3175004,0.10638
3175005,0.11602
3175006,0.12411
3175007,0.12561
3175008,0.13129
3175009,0.12578
3175010,0.12553
3175011,0.1376
3175012,0.14978
3175013,0.16611
3175014,0.16696
3175015,0.16911
3175016,0.17816
3175017,0.17154
3175018,0.15779
3175019,0.15724
3175020,0.15879
3175021,0.15974
3175022,0.16297
3175023,0.16502
3175024,0.17028
3175025,0.16802
3175026,0.17594
3175027,0.17696
3175028,0.18166
3175029,0.19213
3175030,0.20202
3175031,0.14938
3175101,0.06919
3175102,0.07696
3175103,0.07843
3175105,0.07857
3175106,0.07047
3175173,0.07934
3175174,0.07085
3175175,0.0517
3175198,0.0048
3175199,0.01304
3175201,0.00784
3175202,0
3175203,0
3175207,0
3175208,0
3178499,0.19589
3178500,0.2049
3178501,0.20669
3178502,0.22081
3178503,0.22945
3178504,0.2314
3178505,0.23746
3178506,0.24349
3178507,0.25751
3178508,0.2526
3178509,0.24432
3178510,0.24195
3178511,0.24522
3178512,0.25756
3178513,0.2327
3178514,0.10996
3178542,0.12389
3178543,0.08774
3178544,0.08281
3178545,0.11411
3178546,0.21057
3178548,0.15551
3178549,0.17638
3178550,0.22128
3178551,0.23664
3178552,0.22883
3178553,0.2227
3178554,0.2091
3178555,0.20473
3178556,0.19481
3178557,0.18955
3178577,0
3178579,0.02588
3178580,0.02449
3178581,0.02591
3178582,0.02258
3178583,0.01779
3178584,0.0183
3178585,0.01947
3178610,0.05631
3178611,0.05572
3178612,0.05618
3178613,0.06357
3178614,0.06379
3178615,0.07583
3178616,0.08016
3178617,0.08029
3178618,0.09157
3178619,0.10259
3178620,0.10279
3178621,0.10354
3178622,0.11217
3178623,0.12401
3178624,0.12333
3178625,0.12575
3178626,0.12662
3178627,0.12783
3178628,0.13196
3178629,0.14689
3178630,0.16176
3178631,0.16255
3178632,0.1676
3178633,0.17963
3178634,0.18487
3178635,0.17827
3178636,0.16758
3178637,0.15989
3178638,0.16498
3178639,0.1684
3178640,0.17583
3178641,0.16876
3178642,0.17605
3178643,0.17646
3178644,0.17663
3178645,0.18565
3178646,0.19079
3178647,0.20428
3178648,0.16742
3178719,0.07702
3178720,0.06765
3178721,0.07664
3178722,0.07422
3178723,0.0653
3178724,0.0704
3178790,0.0721
3178791,0.05076
3178792,0.03883
3178814,0
3178815,0
3178816,0.00268
3178817,0.01134
3178818,0.01164
3178824,0
3182117,0.20499
3182118,0.20906
3182119,0.22003
3182120,0.22573
3182121,0.21849
3182122,0.22873
3182123,0.2343
3182124,0.24782
3182125,0.25596
3182126,0.25633
3182127,0.25207
3182128,0.2445
3182129,0.26096
3182130,0.24662
3182131,0.13853
3182132,0.06157
3182133,0.01973
3182134,0.08377
3182159,0
3182160,0
3182161,0
3182165,0
3182166,0.04543
3182167,0.18323
3182168,0.2412
3182169,0.24364
3182170,0.24063
3182171,0.229
3182172,0.22468
3182173,0.20505
3182174,0.18496
3182175,0.16406
3182194,0
3182195,1.5e-4
3182196,0.02655
3182197,0.02564
3182198,0.02914
3182199,0.02941
3182200,0.02298
3182201,0.02073
3182202,0.0254
3182203,0.02675
3182204,0.0223
3182205,0.02216
3182217,0.03655
3182218,0.03878
3182219,0.03732
3182220,0.04163
3182221,0.04534
3182222,0.05163
3182223,0.05045
3182224,0.05465
3182225,0.05968
3182226,0.06079
3182227,0.06142
3182228,0.06294
3182229,0.06135
3182230,0.06707
3182231,0.06953
3182232,0.07825
3182233,0.0821
3182234,0.08301
3182235,0.09023
3182236,0.10303
3182237,0.11678
3182238,0.11515
3182239,0.11315
3182240,0.12525
3182241,0.12899
3182242,0.13935
3182243,0.14571
3182244,0.13221
3182245,0.12985
3182246,0.14158
3182247,0.14471
3182248,0.14622
3182249,0.15487
3182250,0.16478
3182251,0.1754
3182252,0.18912
3182253,0.18608
3182254,0.17255
3182255,0.18576
3182256,0.18659
3182257,0.18151
3182258,0.18239
3182259,0.18341
3182260,0.18645
3182261,0.18174
3182262,0.19074
3182263,0.19824
3182264,0.19854
3182265,0.19283
3182266,0.13636
3182335,0.06099
3182336,0.08329
3182337,0.06362
3182338,0.06713
3182339,0.07109
3182341,0.06566
3182408,0.05069
3182409,0.03792
3182431,0
3182432,0
3182433,0
3182434,0.01534
3182435,0.01587
3182436,0
3182441,0.02561
3185736,0.20977
3185737,0.20563
3185738,0.20613
3185740,0.22757
3185741,0.2374
3185742,0.2435
3185743,0.25202
3185745,0.24024
3185746,0.24654
3185747,0.25476
3185748,0.23115
3185749,0.19729
3185750,0.1895
3185751,0.21119
3185752,0.22604
3185777,0
3185778,0
3185783,0
3185784,0.12768
3185785,0.22968
3185786,0.23755
3185787,0.25073
3185788,0.25649
3185789,0.23612
3185790,0.22552
3185791,0.20856
3185792,0.18889
3185793,0.16182
3185794,0.13728
3185812,0.00328
3185813,0.02698
3185814,0.02769
3185815,0.02986
3185816,0.02901
3185817,0.03103
3185818,0.02545
3185819,0.02299
3185820,0.02545
3185821,0.0236
3185822,0.01901
3185823,0.01859
3185824,0.0281
3185825,0.03275
3185826,0.0327
3185827,0.03848
3185828,0.03556
3185829,0.0318
3185830,0.03803
3185831,0.0359
3185832,0.03341
3185833,0.03373
3185834,0.03125
3185835,0.03737
3185836,0.03845
3185837,0.04307
3185838,0.05037
3185839,0.05757
3185840,0.05145
3185841,0.05557
3185842,0.06441
3185843,0.06369
3185844,0.06459
3185845,0.06855
3185846,0.06932
3185847,0.0676
3185848,0.07279
3185849,0.07795
3185850,0.08568
3185851,0.08925
3185852,0.08845
3185853,0.09275
3185854,0.1134
3185855,0.11325
3185856,0.11214
3185857,0.13204
3185858,0.14356
3185859,0.16083
3185860,0.16152
3185861,0.15232
3185862,0.1474
3185863,0.14355
3185864,0.14123
3185865,0.14168
3185866,0.13883
3185867,0.1378
3185868,0.15341
3185869,0.16591
3185870,0.1738
3185871,0.18011
3185872,0.19602
3185873,0.19108
3185874,0.18069
3185875,0.18467
3185876,0.19339
3185877,0.19489
3185878,0.19227
3185879,0.19231
3185880,0.20626
3185881,0.20842
3185882,0.19465
3185951,0
3185952,0.01752
3185953,0.09846
3185954,0.07162
3185955,0.05864
3185956,0.06431
3185957,0.05381
3185958,0.06671
3185959,0.06946
3186024,0.07879
3186025,0.04677
3186026,0.02304
3186049,0
3186050,0
3186052,0.04125
3186053,0.00152
3186058,0.07253
3189353,0.18347
3189354,0.18842
3189355,0.20294
3189357,0.22976
3189358,0.23851
3189360,0.239
3189361,0.24156
3189362,0.24695
3189363,0.24962
3189364,0.25286
3189365,0.26029
3189366,0.25648
3189367,0.26223
3189368,0.26238
3189369,0.22638
3189370,0.11518
3189396,0
3189401,0.10988
3189402,0.20131
3189403,0.2244
3189406,0.21955
3189407,0.22672
3189408,0.21575
3189409,0.19891
3189410,0.19337
3189411,0.1705
3189412,0.10763
3189413,0
3189429,0.03275
3189430,0.02776
3189431,0.02528
3189432,0.02922
3189433,0.03206
3189434,0.03642
3189435,0.02897
3189436,0.01957
3189437,0.01341
3189438,0.01423
3189439,0.01796
3189440,0.02113
3189441,0.0251
3189442,0.0285
3189443,0.03072
3189444,0.03404
3189445,0.03643
3189446,0.03203
3189447,0.03544
3189448,0.03364
3189449,0.03494
3189450,0.03692
3189451,0.03646
3189452,0.03602
3189453,0.03779
3189454,0.04098
3189455,0.04991
3189456,0.05441
3189457,0.05698
3189458,0.05961
3189459,0.06493
3189460,0.06739
3189461,0.06865
3189462,0.07337
3189463,0.07224
3189464,0.07262
3189465,0.07531
3189466,0.07768
3189467,0.08782
3189468,0.08715
3189469,0.09019
3189470,0.09596
3189471,0.11003
3189472,0.11345
3189473,0.11854
3189474,0.14012
3189475,0.15327
3189476,0.16534
3189477,0.1608
3189478,0.15363
3189479,0.14707
3189480,0.14223
3189481,0.14421
3189482,0.13611
3189483,0.11092
3189484,0.10108
3189485,0.10341
3189486,0.13505
3189487,0.16695
3189488,0.18148
3189489,0.1999
3189490,0.20301
3189491,0.19841
3189492,0.20052
3189493,0.20261
3189494,0.21156
3189495,0.21627
3189496,0.2146
3189497,0.226
3189498,0.2238
3189499,0.20166
3189500,0.16321
3189568,0
3189569,0.05509
3189570,0.10517
3189571,0.07376
3189572,0.05043
3189573,0.05626
3189574,0.04527
3189575,0.05543
3189576,0.06122
3189577,0.0726
3189641,0.06907
3189642,0.03064
3189643,0.00737
3189666,0.00987
3189669,0.053
3189670,0.01982
3189671,0
3189674,0.06481
3189675,0.10128
3192974,0.22314
3192975,0.22936
3192976,0.22971
3192977,0.23828
3192978,0.24062
3192979,0.25766
3192980,0.26549
3192981,0.26921
3192982,0.27805
3192983,0.26944
3192984,0.27491
3192985,0.26579
3192986,0.22344
3192987,0.12464
3192988,0.02306
3192989,0.05098
3193019,4e-4
3193023,0.20668
3193024,0.22999
3193025,0.22246
3193026,0.20749
3193027,0.2047
3193028,0.18516
3193029,0.12633
3193030,0.02442
3193031,0
3193047,0.02856
3193048,0.02621
3193049,0.03094
3193050,0.03791
3193051,0.04101
3193052,0.03454
3193053,0.02117
3193054,0.01862
3193055,0.01921
3193056,0.01944
3193057,0.02198
3193058,0.02613
3193059,0.02793
3193060,0.03138
3193061,0.02698
3193062,0.02999
3193063,0.03067
3193064,0.03965
3193065,0.03945
3193066,0.03447
3193067,0.03606
3193068,0.0273
3193069,0.03969
3193070,0.04723
3193071,0.04506
3193072,0.04857
3193073,0.05338
3193074,0.06463
3193075,0.06703
3193076,0.06581
3193077,0.06693
3193078,0.07114
3193079,0.08132
3193080,0.08618
3193081,0.08437
3193082,0.07735
3193083,0.07726
3193084,0.0862
3193085,0.09008
3193086,0.09577
3193087,0.10178
3193088,0.10718
3193089,0.11375
3193090,0.12692
3193091,0.14405
3193092,0.15623
3193093,0.16107
3193094,0.15909
3193095,0.15747
3193096,0.15254
3193097,0.14933
3193098,0.15736
3193099,0.13285
3193102,0.00792
3193103,0.09886
3193104,0.17605
3193105,0.18445
3193106,0.19378
3193107,0.20022
3193108,0.20699
3193109,0.21178
3193110,0.21693
3193111,0.22885
3193112,0.22751
3193113,0.22414
3193114,0.22945
3193115,0.23262
3193116,0.22393
3193184,0
3193185,0.03181
3193186,0.09625
3193187,0.10778
3193188,0.08371
3193189,0.05997
3193190,0.05372
3193191,0.04841
3193194,0.07209
3193195,0.07141
3193282,0.01262
3193283,0.02445
3193285,0.07293
3193286,0.07594
3193288,0.00281
3193289,0
3193290,0.01927
3193291,0.0797
3196592,0.22408
3196593,0.22911
3196594,0.25218
3196595,0.24893
3196596,0.26182
3196597,0.27165
3196600,0.26815
3196601,0.27014
3196602,0.26852
3196603,0.2522
3196604,0.2343
3196605,0.19913
3196606,0.19992
3196607,0.27006
3196631,0
3196640,0.1934
3196641,0.23741
3196642,0.23012
3196643,0.2258
3196644,0.21873
3196645,0.19775
3196646,0.1707
3196647,0.1328
3196648,0.1205
3196664,0.02957
3196665,0.03052
3196666,0.03287
3196667,0.03479
3196668,0.03951
3196669,0.03704
3196670,0.02556
3196671,0.024140000000000002
3196672,0.02118
3196673,0.01814
3196674,0.01703
3196675,0.01729
3196676,0.02351
3196677,0.02729
3196678,0.02967
3196679,0.02872
3196680,0.03331
3196681,0.04043
3196682,0.03861
3196683,0.03446
3196684,0.03089
3196685,0.03348
3196686,0.04818
3196687,0.05394
3196688,0.05237
3196689,0.05339
3196690,0.05862
3196691,0.06813
3196692,0.07211
3196693,0.06977
3196694,0.07101
3196695,0.07274
3196696,0.07474
3196697,0.08621
3196698,0.08158
3196699,0.07512
3196700,0.07534
3196701,0.08542
3196702,0.08835
3196703,0.09614
3196704,0.10249
3196705,0.10749
3196706,0.11291
3196707,0.12576
3196708,0.14487
3196709,0.15581
3196710,0.15927
3196711,0.16309
3196712,0.16156
3196713,0.14849
3196714,0.14749
3196715,0.16546
3196719,0
3196720,0.10477
3196721,0.18973
3196722,0.18332
3196723,0.181
3196724,0.19206
3196725,0.19742
3196726,0.20424
3196727,0.21473
3196728,0.22685
3196729,0.23081
3196730,0.22861
3196731,0.22929
3196732,0.22154
3196733,0.22138
3196801,0.13981
3196802,0.14069
3196803,0.12429
3196804,0.10456
3196805,0.08765
3196806,0.06997
3196807,0.05744
3196808,0.04896
3196809,0.04789
3196811,0.06558
3196812,0.06528
3196873,0.07574
3196874,0.0672
3196898,0
3196899,0.00818
3196901,0.10822
3196902,0.08564
3200209,0.22522
3200210,0.2293
3200211,0.2454
3200212,0.2564
3200213,0.26426
3200214,0.2765
3200217,0.2537
3200218,0.25519
3200219,0.26184
3200220,0.26549
3200221,0.27683
3200222,0.26334
3200223,0.26504
3200224,0.27274
3200225,0.25224
3200253,0
3200257,0.15614
3200258,0.24714
3200259,0.23936
3200260,0.22951
3200261,0.22827
3200262,0.21942
3200263,0.20451
3200264,0.18232
3200265,0.16526
3200266,0.15638
3200267,0.14719
3200268,0.13449
3200281,0.01228
3200282,0.00794
3200283,0.02942
3200284,0.03357
3200285,0.0389
3200286,0.03418
3200287,0.02796
3200288,0.02712
3200289,0.02272
3200290,0.01748
3200291,0.01559
3200292,0.00947
3200293,0.01562
3200294,0.01719
3200295,0.02546
3200296,0.03062
3200297,0.03627
3200298,0.04569
3200299,0.04491
3200300,0.04189
3200301,0.04217
3200302,0.04529
3200303,0.04926
3200304,0.05039
3200305,0.05024
3200306,0.05051
3200307,0.05531
3200308,0.06499
3200309,0.07208
3200310,0.07079
3200311,0.07209
3200312,0.0768
3200313,0.07299
3200314,0.07911
3200315,0.07984
3200316,0.07305
3200317,0.07469
3200318,0.0844
3200319,0.08756
3200320,0.09386
3200321,0.09955
3200322,0.1121
3200323,0.11847
3200324,0.12278
3200325,0.13519
3200326,0.14818
3200327,0.15217
3200328,0.1529
3200329,0.15776
3200330,0.15017
3200331,0.12879
3200332,0.12936
3200337,0.12319
3200338,0.13822
3200339,0.09896
3200340,0.08789
3200341,0.09585
3200342,0.10619
3200343,0.13359
3200344,0.164
3200345,0.20897
3200346,0.22654
3200347,0.22436
3200348,0.20938
3200349,0.15731
3200350,0.15043
3200419,0.17438
3200420,0.1368
3200421,0.11368
3200422,0.09575
3200423,0.07932
3200424,0.0609
3200425,0.04947
3200426,0.04281
3200428,0.0488
3200429,0.04966
3200489,0.08472
3200490,0.05281
3200491,0.03383
3200492,0.02961
3200515,0
3200519,0.10004
3200520,0.10073
3203826,0.23249
3203828,0.23939
3203829,0.24887
3203830,0.26116
3203831,0.27049
3203835,0.2496
3203836,0.25533
3203837,0.25902
3203838,0.27689
3203839,0.27903
3203840,0.27732
3203841,0.267
3203842,0.24694
3203870,0
3203874,0.12361
3203875,0.25282
3203876,0.2427
3203877,0.22531
3203878,0.21605
3203879,0.22666
3203880,0.21829
3203881,0.19567
3203882,0.18083
3203883,0.17236
3203884,0.15999
3203885,0.11327
3203886,0.06063
3203899,0
3203900,0.02802
3203901,0.03769
3203902,0.03719
3203903,0.02918
3203904,0.02792
3203905,0.02586
3203906,0.0234
3203907,0.01324
3203908,0.01051
3203909,0.01396
3203910,0.01549
3203911,0.01575
3203912,0.01859
3203913,0.02322
3203914,0.03122
3203915,0.03699
3203916,0.03821
3203917,0.04554
3203918,0.04889
3203919,0.0459
3203920,0.04784
3203921,0.04552
3203922,0.04144
3203923,0.04019
3203924,0.04785
3203925,0.06089
3203926,0.06755
3203927,0.07035
3203928,0.07126
3203929,0.07824
3203930,0.07622
3203931,0.07558
3203932,0.079
3203933,0.07495
3203934,0.076
3203935,0.08573
3203936,0.0878
3203937,0.092
3203938,0.10341
3203939,0.11011
3203940,0.1148
3203941,0.1162
3203942,0.12538
3203943,0.13727
3203944,0.14752
3203945,0.15206
3203946,0.16032
3203947,0.14648
3203948,0.09674
3203949,0.06723
3203955,0
3203956,0
3203957,0
3203958,0
3203959,0
3203960,0.00213
3203961,0.11148
3203962,0.17397
3203963,0.20845
3203964,0.22147
3203965,0.18587
3203966,0.07154
3203967,0.02219
3204037,0.15323
3204038,0.12191
3204039,0.09794
3204040,0.08056
3204041,0.05814
3204042,0.04209
3204043,0.04036
3204045,0.03619
3204046,0.03291
3204047,0.04326
3204104,0.09616
3204105,0.08022
3204106,0.07205
3204107,0.02163
3204108,0
3204109,0.00309
3204132,0
3204137,0.09515
3207446,0.2502
3207447,0.25392
3207448,0.26385
3207452,0.2518
3207453,0.25881
3207454,0.25504
3207455,0.26535
3207456,0.28026
3207457,0.27116
3207460,0.07631
3207461,0
3207489,0
3207491,0.13356
3207492,0.25119
3207493,0.24323
3207494,0.22974
3207495,0.20886
3207496,0.21739
3207497,0.21769
3207498,0.20864
3207499,0.20042
3207500,0.19351
3207501,0.17591
3207502,0.15139
3207503,0.11787
3207504,0.09208
3207516,0
3207517,0.03019
3207518,0.04111
3207519,0.03799
3207520,0.03244
3207521,0.03054
3207522,0.02485
3207523,0.02062
3207524,0.01674
3207525,0.01411
3207526,0.02079
3207527,0.01652
3207528,0.01396
3207529,0.02043
3207530,0.02115
3207531,0.02732
3207532,0.03374
3207533,0.03572
3207534,0.04313
3207535,0.04993
3207536,0.04695
3207537,0.0411
3207538,0.04528
3207539,0.04177
3207540,0.04174
3207541,0.04753
3207542,0.05469
3207543,0.06069
3207544,0.06387
3207545,0.06825
3207546,0.07133
3207547,0.0696
3207548,0.07583
3207549,0.07579
3207550,0.07371
3207551,0.07833
3207552,0.08281
3207553,0.08604
3207554,0.10031
3207555,0.10578
3207556,0.10917
3207557,0.11525
3207558,0.12063
3207559,0.12223
3207560,0.12838
3207561,0.13921
3207562,0.14733
3207563,0.14125
3207564,0.13751
3207565,0.0866
3207579,0.17265
3207580,0.2245
3207581,0.2361
3207582,0.18532
3207583,0.02792
3207655,0.11892
3207656,0.08243
3207657,0.06407
3207658,0.05212
3207659,0.03858
3207660,0.03645
3207720,0.09696
3207721,0.06974
3207722,0.06619
3207726,0
3207748,0
3207749,0
3207754,0.07651
3207760,0.12531
3211062,0.23983
3211063,0.25256
3211064,0.24816
3211065,0.24976
3211070,0.25056
3211071,0.25323
3211072,0.26827
3211073,0.27905
3211074,0.26954
3211075,0.25904
3211077,0.12705
3211078,0.00843
3211109,0.22278
3211110,0.17505
3211112,0.20138
3211113,0.20119
3211114,0.18944
3211115,0.18671
3211116,0.19726
3211117,0.19772
3211118,0.18825
3211119,0.17598
3211120,0.15736
3211121,0.11575
3211122,0
3211123,0
3211130,0
3211133,0
3211134,0.03541
3211135,0.03884
3211136,0.04015
3211137,0.0409
3211138,0.03259
3211139,0.02883
3211140,0.02066
3211141,0.01939
3211142,0.02058
3211143,0.02679
3211144,0.01592
3211145,0.02058
3211146,0.02536
3211147,0.02469
3211148,0.02963
3211149,0.02984
3211150,0.03303
3211151,0.04049
3211152,0.05145
3211153,0.04799
3211154,0.04223
3211155,0.04274
3211156,0.04143
3211157,0.04817
3211158,0.05305
3211159,0.05765
3211160,0.0577
3211161,0.06097
3211162,0.05908
3211163,0.05967
3211164,0.05788
3211165,0.06661
3211166,0.07518
3211167,0.07688
3211168,0.07629
3211169,0.07461
3211170,0.08555
3211171,0.10696
3211172,0.10839
3211173,0.11131
3211174,0.11673
3211175,0.12912
3211176,0.1369
3211177,0.13835
3211178,0.14033
3211179,0.13235
3211180,0.10092
3211181,0.11252
3211197,0.23217
3211198,0.2281
3211199,0.13368
3211200,0
3211273,0.04679
3211274,0.01083
3211275,0.01244
3211276,0.02569
3211277,0.03209
3211278,0.02912
3211279,0.02815
3211280,0.02858
3211281,0.03113
3211338,0.03436
3211343,0
3211344,0
3211365,0
3211371,0.06463
3211372,0.07912
3211374,0.07696
3211375,0.10951
3211376,0.1342
3211378,0.08657
3214678,0.24223
3214679,0.25062
3214680,0.25989
3214681,0.25429
3214682,0.24979
3214683,0.2477
3214689,0.25659
3214690,0.27213
3214691,0.27593
3214692,0.26734
3214693,0.24872
3214694,0.19725
3214727,0
3214733,0.18376
3214734,0.19711
3214735,0.1927
3214736,0.18265
3214737,0.16492
3214738,0.13105
3214739,0.04911
3214740,0
3214741,0
3214751,0.03933
3214752,0.03641
3214753,0.03543
3214754,0.03808
3214755,0.02899
3214756,0.02524
3214757,0.02239
3214758,0.02239
3214759,0.02107
3214760,0.01754
3214761,0.01371
3214762,0.02227
3214763,0.02315
3214764,0.02147
3214765,0.02361
3214766,0.02722
3214767,0.03072
3214768,0.03835
3214769,0.04466
3214770,0.04433
3214771,0.03903
3214772,0.04399
3214773,0.04402
3214774,0.04815
3214775,0.05511
3214776,0.06068
3214777,0.06092
3214778,0.05827
3214779,0.05643
3214780,0.05442
3214781,0.05003
3214782,0.06508
3214783,0.07182
3214784,0.07805
3214785,0.07635
3214786,0.07856
3214787,0.08976
3214788,0.10193
3214789,0.10549
3214790,0.11001
3214791,0.11661
3214792,0.13513
3214793,0.15058
3214794,0.1546
3214795,0.13662
3214796,0.1039
3214797,0.03033
3214892,0
3214893,0.00817
3214894,0.02427
3214895,0.01873
3214896,0.01262
3214897,0.01279
3214898,0.02231
3214954,0.06181
3214955,4.5e-4
3214960,0
3214961,0
3214982,0
3214983,0
3214988,0.03696
3214989,0.06281
3214990,0.03448
3214991,0.0322
3214995,0.05037
3218294,0.21049
3218296,0.26288
3218300,0.26117
3218306,0.24557
3218307,0.26122
3218308,0.27017
3218309,0.26449
3218310,0.26178
3218311,0.24181
3218312,0.24151
3218345,0
3218346,0
3218347,0
3218350,0.16598
3218351,0.20014
3218352,0.19699
3218353,0.1811
3218354,0.16515
3218355,0.14312
3218356,0.11535
3218357,0.06412
3218358,0.05242
3218361,0
3218364,0
3218368,0.04389
3218369,0.04242
3218370,0.03739
3218371,0.0387
3218372,0.03008
3218373,0.02465
3218374,0.02835
3218375,0.02538
3218376,0.02043
3218377,0.01953
3218378,0.01761
3218379,0.01989
3218380,0.0196
3218381,0.01721
3218382,0.01688
3218383,0.02146
3218384,0.02659
3218385,0.03889
3218386,0.04031
3218387,0.04303
3218388,0.04123
3218389,0.0475
3218390,0.04665
3218391,0.04608
3218392,0.05768
3218393,0.06549
3218394,0.059
3218395,0.05537
3218396,0.05546
3218397,0.0568
3218398,0.05244
3218399,0.06714
3218400,0.07336
3218401,0.08427
3218402,0.08311
3218403,0.08772
3218404,0.09675
3218405,0.10385
3218406,0.11319
3218407,0.1182
3218408,0.12313
3218409,0.14083
3218410,0.14765
3218411,0.16155
3218412,0.15402
3218413,0.10616
3218414,0
3218435,0
3218509,0
3218510,0.00951
3218511,0.02955
3218512,0.01033
3218513,0.00234
3218514,0.00475
3218515,0.01737
3218533,0.10218000000000001
3218534,0.10359
3218535,0.09829
3218570,0.0949
3218571,0.05866
3218576,0
3218578,0
3218588,0
3218589,0
3218599,0
3218605,0.02362
3218606,0.06026
3218607,0.0291
3218612,0.02799
3218613,0.06998
3221911,0.20739
3221912,0.21141
3221917,0.27675
3221918,0.24797
3221923,0.24332
3221924,0.24727
3221925,0.2571
3221926,0.25887
3221927,0.26806
3221928,0.26726
3221929,0.26703
3221963,0
3221965,0.03733
3221967,0.13053
3221968,0.19447
3221969,0.193
3221970,0.18672
3221971,0.17786
3221972,0.16086
3221973,0.14791
3221974,0.13294
3221975,0.10606
3221977,0
3221982,0
3221983,0
3221984,0
3221985,0.04873
3221986,0.05142
3221987,0.0396
3221988,0.04162
3221989,0.0347
3221990,0.03067
3221991,0.03611
3221992,0.02694
3221993,0.0194
3221994,0.02335
3221995,0.02205
3221996,0.02039
3221997,0.01946
3221998,0.01461
3221999,0.0173
3222000,0.02108
3222001,0.02784
3222002,0.0382
3222003,0.04392
3222004,0.04791
3222005,0.04711
3222006,0.04491
3222007,0.04393
3222008,0.04331
3222009,0.05869
3222010,0.06225
3222011,0.05456
3222012,0.05532
3222013,0.06013
3222014,0.06163
3222015,0.05973
3222016,0.06934
3222017,0.07012
3222018,0.07928
3222019,0.08068
3222020,0.08855
3222021,0.10143
3222022,0.10513
3222023,0.11486
3222024,0.11975
3222025,0.12874
3222026,0.13997
3222027,0.13779
3222028,0.15225
3222029,0.16887
3222030,0.14263
3222031,0.00514
3222128,0.02431
3222129,0
3222130,0
3222131,0.00512
3222149,0.06493
3222150,0.07488
3222152,0.0843
3222153,0.05481
3222154,0.03182
3222155,0.03105
3222156,0.0464
3222157,0.06272
3222186,0.07612
3222193,0
3222194,0
3222195,0
3222205,0
3222206,0
3222216,0
3222222,0.02084
3222223,0.05405
3222230,0.04181
3225529,0.18336
3225530,0.17471
3225535,0.27138
3225536,0.23879
3225541,0.242
3225542,0.2484
3225543,0.25098
3225544,0.2638
3225545,0.26561
3225546,0.25719
3225580,0
3225583,0
3225584,0.08901
3225585,0.18616
3225586,0.20485
3225587,0.19072
3225588,0.18431
3225589,0.17276
3225590,0.15523
3225591,0.15133
3225592,0.11993
3225593,0.01257
3225594,0
3225595,0
3225596,0
3225597,0
3225598,0
3225599,0
3225600,0
3225601,0
3225602,0.04542
3225603,0.06346
3225604,0.05153
3225605,0.04418
3225606,0.03405
3225607,0.03369
3225608,0.04039
3225609,0.03485
3225610,0.02614
3225611,0.02659
3225612,0.02847
3225613,0.02559
3225614,0.01977
3225615,0.01486
3225616,0.0187
3225617,0.02577
3225618,0.03158
3225619,0.03865
3225620,0.04602
3225621,0.04811
3225622,0.04699
3225623,0.04151
3225624,0.04189
3225625,0.04406
3225626,0.05421
3225627,0.0546
3225628,0.04706
3225629,0.05173
3225630,0.06163
3225631,0.06283
3225632,0.06811
3225633,0.07015
3225634,0.06667
3225635,0.07297
3225636,0.084
3225637,0.09305
3225638,0.10668
3225639,0.10979
3225640,0.11593
3225641,0.12286
3225642,0.12987
3225643,0.13175
3225644,0.13049
3225645,0.14126
3225646,0.16386
3225647,0.15626
3225648,0.05622
3225746,0
3225747,0
3225748,0.00683
3225765,0.06244
3225766,3.9e-4
3225771,0
3225774,0.00665
3225802,0.10276
3225803,0.0555
3225804,0
3225810,0
3225822,0
3225823,0
3225832,0
3225839,0.05266
3225846,0
3225847,0.02173
3229146,0.16974
3229147,0.16753
3229148,0.18032
3229153,0.25107
3229154,0.2509
3229155,0.24857
3229158,0.24759
3229159,0.2451
3229160,0.24533
3229161,0.25331
3229162,0.25417
3229163,0.2509
3229164,0.24475
3229201,0.10375
3229202,0.19628
3229203,0.21726
3229204,0.19943
3229205,0.19556
3229206,0.17494
3229207,0.15767
3229208,0.1518
3229209,0.12987
3229210,0.07717
3229211,0
3229212,0
3229213,0
3229214,0
3229215,0
3229216,0
3229217,0
3229218,0
3229222,0.05354
3229223,0.03668
3229224,0.03326
3229225,0.04011
3229226,0.04179
3229227,0.03769
3229228,0.03044
3229229,0.02781
3229230,0.02842
3229231,0.02349
3229232,0.02043
3229233,0.01967
3229234,0.02606
3229235,0.03474
3229236,0.03689
3229237,0.04418
3229238,0.04436
3229239,0.04133
3229240,0.04098
3229241,0.04517
3229242,0.04753
3229243,0.04784
3229244,0.04731
3229245,0.0442
3229246,0.04752
3229247,0.05612
3229248,0.05731
3229249,0.06251
3229250,0.06968
3229251,0.07185
3229252,0.07355
3229253,0.09
3229254,0.10201
3229255,0.10636
3229256,0.11208
3229257,0.12006
3229258,0.12258
3229259,0.12954
3229260,0.13156
3229261,0.13445
3229262,0.14448
3229263,0.16222
3229264,0.15751
3229265,0.13687
3229364,3.8e-4
3229365,0.01574
3229381,0.07419
3229382,0.03743
3229383,0
3229390,0
3229391,0
3229394,0.10157
3229395,0.10637
3229396,0.10968
3229399,0.10676
3229419,0.1074
3229427,0
3229449,0
3229455,0.09613
3229456,0.11671
3229457,0.145
3229463,0
3232764,0.17197
3232765,0.18516
3232771,0.25596
3232772,0.24785
3232773,0.24736
3232775,0.24837
3232776,0.2437
3232777,0.24562
3232778,0.24691
3232779,0.25077
3232780,0.25148
3232781,0.22325
3232817,0
3232819,0.24591
3232822,0.19857
3232823,0.16823
3232824,0.1502
3232825,0.14144
3232827,0.12677
3232828,0.07764
3232829,0
3232830,0
3232831,0
3232834,0
3232839,0.05268
3232840,0.04087
3232841,0.03641
3232842,0.04044
3232843,0.04493
3232844,0.03924
3232845,0.03004
3232846,0.0238
3232847,0.02589
3232848,0.02627
3232849,0.02568
3232850,0.02278
3232851,0.02699
3232852,0.03176
3232853,0.03529
3232854,0.04421
3232855,0.04598
3232856,0.04577
3232857,0.04478
3232858,0.04664
3232859,0.04941
3232860,0.04749
3232861,0.04815
3232862,0.04795
3232863,0.04583
3232864,0.05172
3232865,0.04768
3232866,0.04762
3232867,0.06413
3232868,0.07197
3232869,0.07631
3232870,0.09019
3232871,0.09458
3232872,0.10159
3232873,0.11058
3232874,0.11976
3232875,0.12192
3232876,0.13251
3232877,0.13902
3232878,0.1433
3232879,0.15212
3232880,0.15776
3232881,0.13809
3232972,0
3232981,0.02566
3232982,0.02935
3232983,0.03609
3232995,0.09533
3232996,0.0801
3232997,0.07133
3232998,0.06329
3232999,0.01378
3233000,0
3233008,0
3233009,0.04053
3233010,0.08606
3233011,0.09796
3233013,0.09175
3233014,0.08702
3233015,0.05853
3233016,0.04779
3233017,0.05324
3233018,0.05811
3233019,0.05537
3233020,0.07209
3233021,0.08954
3233022,0.08952
3233023,0.06458
3233024,0.04125
3233025,0.03866
3233026,0.04074
3233027,0.0639
3233035,0.06785
3233036,0.0925
3233043,0
3233066,0
3233071,0.0992
3233072,0.15575
3233080,0
3236381,0.17811
3236382,0.18551
3236383,0.1734
3236389,0.24466
3236390,0.23845
3236392,0.24345
3236393,0.24016
3236394,0.24248
3236395,0.24363
3236396,0.24445
3236397,0.24499
3236398,0.20003
3236432,0
3236434,0
3236436,0.27198
3236437,0.23551
3236440,0.16437
3236441,0.14014
3236442,0.1248
3236444,0.14039
3236445,0.09464
3236446,0
3236447,0
3236451,0
3236453,0.07457
3236456,0.05494
3236457,0.04716
3236458,0.03676
3236459,0.03977
3236460,0.04336
3236461,0.03755
3236462,0.03229
3236463,0.02689
3236464,0.02836
3236465,0.02916
3236466,0.02708
3236467,0.02716
3236468,0.03029
3236469,0.03176
3236470,0.03248
3236471,0.04079
3236472,0.04352
3236473,0.04395
3236474,0.0423
3236475,0.04365
3236476,0.04746
3236477,0.04959
3236478,0.04911
3236479,0.04734
3236480,0.0456
3236481,0.05452
3236482,0.04908
3236483,0.04099
3236484,0.05319
3236486,0.08358
3236487,0.09229
3236488,0.09087
3236489,0.10641
3236490,0.11541
3236491,0.12094
3236492,0.12698
3236493,0.13509
3236494,0.14687
3236495,0.14816
3236496,0.15203
3236497,0.15536
3236498,0.12503
3236499,0.03604
3236600,0.04275
3236612,0.08999
3236613,0.06662
3236614,0.06174
3236615,0.05787
3236616,0.02015
3236632,0
3236634,0
3236635,0
3236636,0
3236637,0.02042
3236638,0.06101
3236639,0.04988
3236640,0
3236641,0
3236642,0
3236643,0
3236644,0
3236651,0
3236652,0.0241
3236659,0
3236660,0
3236683,0
3236684,0
3236687,0
3236688,0.11996
3236689,0.1859
3236696,0
3236697,0.00454
3239999,0.17723
3240000,0.16852
3240006,0.23456
3240007,0.23396
3240009,0.23553
3240010,0.23421
3240011,0.22932
3240012,0.23432
3240013,0.24075
3240014,0.23964
3240015,0.18724
3240051,0
3240058,0.14388
3240059,0.13387
3240060,0.14019
3240062,0.09375
3240063,0
3240064,0
3240065,0
3240066,0
3240069,0.04342
3240070,0.08121
3240071,0.0886
3240073,0.06282
3240074,0.05645
3240075,0.04581
3240076,0.04335
3240077,0.0445
3240078,0.04002
3240079,0.03875
3240080,0.0384
3240081,0.03298
3240082,0.03062
3240083,0.02925
3240084,0.02823
3240085,0.0316
3240086,0.03041
3240087,0.02525
3240088,0.0321
3240089,0.03752
3240090,0.0374
3240091,0.04218
3240092,0.04667
3240093,0.04619
3240094,0.04753
3240095,0.04713
3240096,0.04557
3240097,0.04805
3240098,0.05744
3240099,0.05643
3240100,0.04446
3240102,0.06775
3240103,0.08648
3240104,0.09395
3240105,0.09418
3240106,0.11291
3240107,0.12008
3240108,0.12642
3240109,0.13147
3240110,0.14097
3240111,0.15062
3240112,0.14969
3240113,0.14953
3240114,0.16228
3240115,0.14145
3240116,0.0457
3240207,0
3240217,0.0461
3240229,0.08973
3240231,0.04687
3240232,0.05054
3240233,0.05601
3240254,0
3240255,0.05032
3240256,0.03287
3240260,0
3240261,0
3240262,0.06629
3240263,0.13229
3240264,0.12543
3240265,0.10369
3240266,0.03369
3240267,0
3240268,0
3240275,0
3240276,0
3240288,0
3240300,0
3240301,0
3240304,0
3240306,0.20705
3240312,0.04958
3240313,0.0348
3240314,0.05652
3243616,0.17186
3243617,0.17115
3243618,0.17378
3243623,0.22086
3243624,0.2321
3243626,0.22909
3243627,0.22551
3243628,0.22116
3243629,0.23037
3243630,0.24367
3243631,0.2414
3243632,0.18028
3243676,0.1283
3243677,0.14512
3243679,0.09863
3243680,0
3243683,0
3243684,0.01709
3243687,0.08863
3243688,0.08659
3243691,0.06759
3243692,0.05707
3243693,0.04695
3243694,0.04619
3243695,0.04155
3243696,0.04263
3243697,0.04209
3243698,0.03244
3243699,0.03147
3243700,0.03371
3243701,0.02337
3243702,0.02876
3243703,0.02855
3243704,0.0225
3243705,0.02845
3243706,0.03418
3243707,0.03355
3243708,0.04149
3243709,0.04751
3243710,0.04736
3243711,0.04282
3243712,0.04664
3243713,0.04491
3243714,0.0454
3243715,0.05458
3243716,0.06175
3243717,0.05692
3243718,0.0675
3243719,0.07494
3243720,0.09021
3243721,0.09685
3243722,0.10441
3243723,0.11694
3243724,0.12522
3243725,0.13498
3243726,0.13578
3243727,0.14362
3243728,0.15006
3243729,0.15264
3243730,0.14976
3243731,0.1618
3243732,0.16994
3243824,0.02007
3243825,0.0588
3243826,0.0503
3243833,0.03481
3243834,0.05297
3243845,0.05264
3243846,0.07119
3243848,0.02106
3243849,0.03201
3243872,0.05861
3243882,0.1097
3243883,0.03437
3243892,0
3243916,0.01519
3243918,0
3243919,0
3243920,0
3243922,0.1737
3243927,0.09457
3243928,0.11051
3243929,0.10106
3243932,0.10314
3243933,0.10465
3243934,0.10071
3243937,0.0996
3247234,0.179
3247235,0.17681
3247236,0.19545
3247240,0.20753
3247241,0.22105
3247243,0.22881
3247244,0.22691
3247245,0.22961
3247246,0.23909
3247247,0.24685000000000001
3247248,0.24365
3247249,0.19159
3247250,0.12577
3247287,0
3247288,0
3247289,0
3247292,0
3247293,0.08368
3247296,0.10556
3247297,0
3247298,0
3247299,0
3247301,0.06758
3247302,0.10801
3247304,0.0922
3247305,0.08571
3247306,0.06682
3247307,0.06435
3247308,0.07453
3247309,0.06031
3247310,0.04812
3247311,0.04574
3247312,0.04255
3247313,0.0401
3247314,0.03788
3247315,0.03664
3247316,0.03529
3247317,0.03247
3247318,0.01793
3247319,0.02475
3247320,0.03097
3247321,0.02705
3247322,0.02907
3247323,0.03104
3247324,0.03249
3247325,0.03809
3247326,0.04167
3247327,0.0442
3247328,0.03787
3247329,0.04862
3247330,0.04613
3247331,0.04324
3247332,0.05123
3247333,0.05808
3247334,0.06514
3247335,0.0827
3247336,0.0836
3247337,0.09406
3247338,0.10351
3247339,0.11572
3247340,0.12252
3247341,0.13081
3247342,0.1394
3247343,0.13677
3247344,0.13866
3247345,0.14854
3247346,0.15669
3247347,0.15123
3247348,0.15288
3247349,0.17996
3247439,0
3247440,0
3247441,0.04056
3247442,0.06488
3247443,0.05053
3247444,0.01432
3247445,0
3247446,0
3247447,0
3247448,0
3247449,0.02613
3247450,0.04849
3247461,0
3247462,0.00542
3247508,0
3247533,0.01359
3247535,0
3247536,0
3247543,0.00247
3247544,0.11697
3247545,0.13157
3247546,0.12167
3247549,0.10302
3247550,0.10081
3247551,0.0966
3247552,0.09354
3247554,0.09387
3247556,0.102
3247560,0.104
3250853,0.18746
3250857,0.20385
3250858,0.2155
3250860,0.22919
3250861,0.234
3250862,0.23848
3250863,0.24459
3250864,0.24156
3250865,0.23777
3250866,0.21092
3250867,0.18187
3250907,0
3250908,0
3250909,0
3250910,0.06272
3250911,0.09685
3250913,0.10762
3250914,0.05439
3250915,0.01609
3250916,0.01277
3250917,0.05292
3250918,0.09975
3250919,0.10986
3250920,0.09181
3250921,0.09399
3250922,0.09215
3250923,0.08312
3250924,0.07285
3250925,0.07695
3250926,0.06215
3250927,0.04963
3250928,0.04427
3250929,0.0434
3250930,0.03979
3250931,0.0405
3250932,0.04416
3250933,0.03726
3250934,0.02992
3250935,0.02085
3250936,0.02375
3250937,0.03011
3250938,0.0255
3250939,0.02694
3250940,0.02682
3250941,0.03282
3250942,0.03889
3250943,0.0387
3250944,0.03711
3250945,0.0341
3250946,0.04634
3250947,0.04295
3250948,0.04004
3250949,0.04634
3250950,0.04927
3250951,0.0625
3250952,0.08343
3250953,0.08456
3250954,0.09103
3250955,0.10619
3250956,0.11734
3250957,0.12488
3250958,0.13289
3250959,0.13852
3250960,0.13341
3250961,0.13193
3250962,0.14608
3250963,0.15761
3250964,0.15188
3250965,0.1507
3250966,0.16987
3251055,0
3251056,0
3251057,0
3251058,0.05297
3251059,0.06813
3251062,0.00269
3251063,0
3251077,0
3251078,0
3251124,0
3251125,0
3251151,0
3251153,0
3251161,0.16728
3251162,0.15358
3251163,0.12874
3251164,0.11308
3251166,0.09343
3251167,0.09191
3251168,0.0895
3251169,0.08897
3251170,0.09365
3251173,0.10005
3251174,0.09852
3251175,0.09725
3251177,0.09988
3254470,0.17392
3254471,0.18511
3254474,0.21011
3254477,0.22571
3254478,0.23433
3254479,0.23699
3254480,0.23745
3254481,0.22939
3254482,0.2248
3254483,0.21862
3254484,0.21573
3254485,0.22255
3254528,0.07639
3254529,0.0827
3254530,0.10039
3254531,0.09861
3254532,0.10015
3254533,0.11074
3254534,0.12086
3254535,0.12205
3254536,0.11028
3254537,0.09636
3254538,0.09359
3254539,0.0998
3254540,0.09921
3254541,0.08522
3254542,0.07706
3254543,0.06337
3254544,0.05306
3254545,0.04616
3254546,0.0474
3254547,0.04564
3254548,0.04808
3254549,0.04652
3254550,0.03822
3254551,0.03378
3254552,0.02776
3254553,0.02599
3254554,0.02762
3254555,0.02287
3254556,0.02967
3254557,0.02795
3254558,0.02909
3254559,0.03864
3254560,0.03706
3254561,0.03431
3254562,0.03542
3254563,0.04087
3254564,0.03566
3254565,0.03107
3254566,0.03821
3254567,0.04581
3254568,0.05612
3254569,0.07766
3254570,0.08152
3254571,0.08469
3254572,0.09688
3254573,0.10886
3254574,0.12053
3254575,0.13036
3254576,0.13525
3254577,0.13161
3254578,0.13075
3254579,0.15053
3254580,0.16333
3254581,0.16096
3254582,0.15453
3254583,0.15968
3254672,0
3254673,0
3254693,0.05124
3254694,0
3254695,0
3254741,0
3254768,0.00123
3254769,0
3254770,0
3254780,0.14417
3254781,0.12146
3254782,0.10262
3254783,0.08653
3254784,0.08561
3254785,0.08259
3254786,0.08242
3254787,0.08834
3254793,0.0913
3254794,0.0956
3258088,0.18077
3258089,0.18683
3258090,0.20083
3258091,0.21288
3258094,0.22406
3258095,0.2352
3258096,0.23766
3258097,0.23168
3258098,0.22509
3258099,0.21918
3258100,0.22117
3258101,0.22031
3258102,0.22911
3258146,0.05669
3258147,0.09235
3258148,0.11427
3258149,0.12937
3258150,0.13677
3258151,0.14102
3258152,0.13197
3258153,0.11737
3258154,0.10821
3258155,0.0942
3258156,0.0976
3258157,0.10206
3258158,0.09054
3258159,0.07419
3258160,0.06461
3258161,0.0594
3258162,0.05656
3258163,0.0564
3258164,0.04931
3258165,0.05066
3258166,0.04693
3258167,0.04078
3258168,0.03774
3258169,0.03143
3258170,0.03138
3258171,0.03127
3258172,0.02812
3258173,0.03373
3258174,0.03235
3258175,0.02848
3258176,0.0366
3258177,0.03497
3258178,0.03639
3258179,0.03649
3258180,0.03933
3258181,0.03457
3258182,0.02847
3258183,0.03595
3258184,0.04868
3258185,0.05222
3258186,0.07031
3258187,0.07876
3258188,0.0802
3258189,0.08396
3258190,0.09694
3258191,0.11496
3258192,0.12341
3258193,0.12966
3258194,0.13375
3258195,0.14182
3258196,0.16141
3258197,0.17288
3258198,0.17378
3258199,0.15984
3258200,0.15996
3258289,0
3258290,0.02353
3258310,0.05096
3258311,0
3258312,0
3258317,0
3258318,0
3258327,0
3258357,0
3258358,0
3258385,0.01621
3258386,0
3258387,0
3258399,0.10524
3258400,0.0839
3258401,0.08402
3258402,0.08073
3258403,0.07831
3258404,0.08753
3258410,0.09247
3258411,0.09637
3261705,0.18175
3261706,0.18101
3261707,0.19229
3261708,0.20746
3261711,0.22135
3261712,0.23534
3261713,0.24056
3261714,0.23601
3261715,0.22897
3261716,0.22292
3261717,0.22337
3261718,0.2176
3261719,0.22344
3261760,0
3261764,0.09976
3261765,0.13759
3261766,0.14618
3261767,0.14446
3261768,0.14434
3261769,0.13818
3261770,0.1262
3261771,0.11815
3261772,0.10285
3261773,0.09526
3261774,0.09845
3261775,0.09144
3261776,0.07573
3261777,0.07276
3261778,0.0673
3261779,0.06728
3261780,0.06093
3261781,0.05158
3261782,0.04951
3261783,0.04633
3261784,0.04014
3261785,0.03785
3261786,0.03603
3261787,0.03911
3261788,0.03616
3261789,0.03111
3261790,0.03105
3261791,0.03498
3261792,0.03624
3261793,0.03563
3261794,0.03392
3261795,0.03708
3261796,0.03347
3261797,0.0405
3261798,0.03926
3261799,0.03452
3261800,0.04059
3261801,0.05124
3261802,0.05161
3261803,0.06261
3261804,0.07694
3261805,0.08081
3261806,0.07953
3261807,0.09037
3261808,0.11004
3261809,0.11672
3261810,0.12333
3261811,0.13634
3261812,0.15527
3261813,0.16646
3261814,0.17497
3261815,0.1753
3261816,0.17179
3261817,0.17252
3261905,0
3261906,1.1e-4
3261927,0.0529
3261933,0.14073
3261934,0.09675
3261935,0.08545
3261936,0.11328
3261937,0.1604
3261941,0.1334
3261942,0.11385
3261943,0.11257
3261944,0.0575
3261945,0.04344
3261946,0.06832
3261948,0.10373
3261949,0.08117
3261950,0.05709
3261951,0.05414
3261952,0.03653
3261953,0.02547
3261954,0.01412
3261955,0.01889
3261956,0.02122
3261957,0
3261958,0
3261959,0
3261960,0.01286
3261973,0
3261974,0
3262002,0.029760000000000002
3262004,0
3262009,0
3262010,0
3262016,0.10412
3262017,0.08142
3262026,0.07989
3262027,0.08723
3262028,0.09388
3265322,0.17841
3265323,0.18139
3265324,0.19042
3265325,0.20299
3265328,0.21231
3265329,0.22929
3265330,0.23463
3265331,0.23472
3265332,0.22886
3265333,0.22083
3265334,0.21883
3265335,0.2126
3265336,0.22146
3265375,0
3265376,0
3265382,0.15785
3265383,0.14294
3265384,0.1442
3265385,0.1454
3265386,0.14378
3265387,0.13006
3265388,0.11865
3265389,0.11242
3265390,0.10326
3265391,0.10357
3265392,0.09715
3265393,0.08523
3265394,0.08523
3265395,0.07436
3265396,0.06922
3265397,0.06008
3265398,0.05362
3265399,0.0489
3265400,0.04579
3265401,0.04046
3265402,0.0365
3265403,0.03757
3265404,0.04168
3265405,0.03706
3265406,0.03003
3265407,0.03095
3265408,0.03857
3265409,0.04013
3265410,0.0336
3265411,0.03326
3265412,0.03906
3265413,0.0363
3265414,0.04112
3265415,0.04644
3265416,0.04381
3265417,0.0448
3265418,0.04753
3265419,0.04848
3265420,0.05558
3265421,0.07136
3265422,0.07927
3265423,0.07851
3265424,0.08623
3265425,0.10301
3265426,0.10989
3265427,0.11789
3265428,0.13717
3265429,0.15911
3265430,0.17096
3265431,0.17847
3265432,0.18259
3265433,0.18789
3265434,0.18659
3265522,0.04607
3265523,0.05386
3265544,0.0667
3265549,0.17349
3265551,0.212
3265552,0.21054
3265553,0.20738
3265554,0.20926
3265555,0.20616
3265556,0.19461
3265557,0.19022
3265558,0.17961
3265559,0.17337
3265560,0.17123
3265563,0.16646
3265564,0.16344
3265565,0.15195
3265566,0.14201
3265567,0.14162
3265568,0.13996
3265577,0.05483
3265586,0.0416
3265587,0.04201
3265588,0.03493
3265589,0.02125
3265590,0.01419
3265619,0.03324
3265621,0.01498
3265622,0.0318
3265625,0
3265626,0
3265627,0.02892
3265628,0.06893
3265629,0.07205
3265630,0.06201
3265633,0.10175
3265634,0.08382
3265635,0.06542
3265643,0.06795
3265644,0.06665
3265645,0.07598
3265646,0.09551
3268940,0.18793
3268941,0.1941
3268942,0.20178
3268946,0.22501
3268947,0.22802
3268948,0.23021
3268949,0.22796
3268950,0.21845
3268951,0.21536
3268952,0.21069
3268953,0.22432
3269000,0.10189
3269001,0.12849
3269002,0.14521
3269003,0.14679
3269004,0.13451
3269005,0.12465
3269007,0.11641
3269008,0.1171
3269009,0.10849
3269010,0.097
3269011,0.09314
3269012,0.07681
3269013,0.06647
3269014,0.05965
3269015,0.05273
3269016,0.04756
3269017,0.04564
3269018,0.04198
3269019,0.03536
3269020,0.03435
3269021,0.03894
3269022,0.03741
3269023,0.03013
3269024,0.03124
3269025,0.03718
3269026,0.03799
3269027,0.03569
3269028,0.03688
3269029,0.04545
3269030,0.04138
3269031,0.03801
3269032,0.04801
3269033,0.05064
3269034,0.04895
3269035,0.04729
3269036,0.04919
3269037,0.05302
3269038,0.06276
3269039,0.07119
3269040,0.07671
3269041,0.08195
3269042,0.09467
3269043,0.10089
3269044,0.11512
3269045,0.13775
3269046,0.15697
3269047,0.17191
3269048,0.18395
3269049,0.19928
3269050,0.19771
3269051,0.19121
3269052,0.09492
3269138,0.0033
3269139,0.05797
3269140,0.07108
3269141,0.07922
3269142,0.08343
3269160,0.06534
3269161,0.07606
3269165,0.1338
3269166,0.19307
3269169,0.25715
3269172,0.23844
3269173,0.22356
3269174,0.21909
3269175,0.21814
3269195,0
3269196,0
3269197,0
3269198,0
3269200,0
3269201,0.0149
3269202,0.04916
3269203,0.04819
3269204,0.04699
3269234,0.02352
3269236,0.03493
3269237,0.03188
3269238,0.0418
3269239,0.04261
3269240,0.03614
3269242,0
3269243,0.00148
3269248,0.07688
3269249,0.08508
3269250,0.09334
3269252,0.06417
3269260,0.05659
3269261,0.05406
3269263,0.08339
3272557,0.18612
3272558,0.18965
3272559,0.19667
3272562,0.20973
3272563,0.22344
3272564,0.22616
3272565,0.24028
3272566,0.23846
3272567,0.23068
3272568,0.22285
3272569,0.21192
3272570,0.21503
3272571,0.17977
3272572,0.1214
3272573,0.13264
3272618,0.11772
3272619,0.1436
3272620,0.14889
3272621,0.13956
3272622,0.12999
3272623,0.11981
3272624,0.12502
3272626,0.12264
3272627,0.10528
3272628,0.09856
3272629,0.07931
3272630,0.06551
3272631,0.05872
3272632,0.05217
3272633,0.04667
3272634,0.04538
3272635,0.03841
3272636,0.03294
3272637,0.03651
3272638,0.03844
3272639,0.03857
3272640,0.03487
3272641,0.03347
3272642,0.03535
3272643,0.03498
3272644,0.03873
3272645,0.03728
3272646,0.04329
3272647,0.03862
3272648,0.03671
3272649,0.04251
3272650,0.05029
3272651,0.05045
3272652,0.04978
3272653,0.05629
3272654,0.0561
3272655,0.06003
3272656,0.06825
3272657,0.07573
3272658,0.07944
3272659,0.08549
3272660,0.09433
3272661,0.10899
3272662,0.13136
3272663,0.15094
3272664,0.16104
3272665,0.18071
3272666,0.20107
3272667,0.19993
3272668,0.19584
3272669,0.11518
3272670,0.03506
3272755,0
3272756,0.06095
3272757,0.07771
3272758,0.08658
3272759,0.09107
3272776,0.07344
3272777,0.06648
3272782,0.17261
3272816,0
3272817,0.00216
3272850,0.0267
3272851,0.02168
3272852,0.02962
3272854,0.04012
3272855,0.05471
3272856,0.06483
3272860,0.05738
3272867,0.09086
3272868,0.08104
3272869,0.06898
3272870,0.06767
3272878,0.05289
3272879,0.05467
3272880,0.06574
3276174,0.1802
3276175,0.18429
3276176,0.18995
3276179,0.21141
3276180,0.2132
3276181,0.2135
3276185,0.21586
3276186,0.20656
3276187,0.20403
3276188,0.17261
3276189,0.15014
3276190,0.16155
3276191,0.17581
3276235,0.1116
3276236,0.13824
3276237,0.14982
3276238,0.14538
3276239,0.13313
3276240,0.12426
3276242,0.13859
3276243,0.12541
3276244,0.106
3276245,0.10103
3276246,0.07781
3276247,0.06424
3276248,0.05588
3276249,0.04474
3276250,0.04614
3276251,0.04927
3276252,0.03705
3276253,0.02988
3276254,0.03426
3276255,0.03471
3276256,0.03672
3276257,0.03642
3276258,0.03704
3276259,0.03918
3276260,0.03508
3276261,0.03749
3276262,0.03416
3276263,0.03683
3276264,0.03388
3276265,0.03953
3276266,0.03961
3276267,0.04709
3276268,0.04421
3276269,0.04431
3276270,0.05814
3276271,0.05679
3276272,0.06596
3276273,0.07401
3276274,0.08047
3276275,0.08136
3276276,0.08708
3276277,0.09598
3276278,0.10996
3276279,0.13229
3276280,0.15254
3276281,0.15429
3276282,0.17221
3276283,0.19298
3276284,0.20074
3276285,0.21008
3276286,0.17884
3276287,0.13707
3276288,0.15885
3276372,0
3276373,0.06471
3276374,0.08483
3276375,0.09327
3276376,0.09993
3276393,0.06639
3276394,0.04762
3276395,0.02029
3276399,0.22333
3276467,0.02518
3276468,0.01641
3276469,0.02786
3276470,0.04591
3276471,0.05105
3276472,0.06362
3276473,0.07967
3276477,0.09623
3276485,0.09538
3276486,0.07951
3276490,0.06578
3276495,0.05013
3276496,0.04662
3276497,0.04772
3279795,0.19691
3279796,0.20981
3279797,0.2049
3279798,0.1913
3279799,0.1799
3279800,0.17438
3279801,0.1821
3279802,0.19237
3279803,0.20056
3279804,0.20261
3279805,0.1826
3279806,0.16893
3279807,0.17438
3279808,0.17782
3279809,0.17515
3279852,0.11178
3279853,0.13609
3279854,0.14681
3279855,0.1451
3279856,0.13443
3279857,0.13145
3279859,0.13908
3279860,0.12767
3279862,0.09437
3279863,0.07416
3279864,0.0669
3279865,0.05805
3279866,0.04508
3279867,0.05211
3279868,0.05395
3279869,0.04173
3279870,0.0325
3279871,0.03354
3279872,0.0361
3279873,0.04039
3279874,0.04238
3279875,0.0434
3279876,0.043
3279877,0.03985
3279878,0.03857
3279879,0.03561
3279880,0.03246
3279881,0.03596
3279882,0.0408
3279883,0.04145
3279884,0.04585
3279885,0.03983
3279886,0.03684
3279887,0.0464
3279888,0.05289
3279889,0.07109
3279890,0.07773
3279891,0.0811
3279892,0.08167
3279893,0.08754
3279894,0.09534
3279895,0.118
3279896,0.13633
3279897,0.152
3279898,0.16031
3279899,0.17931
3279900,0.19486
3279901,0.20661
3279902,0.22449
3279903,0.21049
3279904,0.18624
3279905,0.17882
3279989,0.00144
3279990,0.06293
3279991,0.08392
3279992,0.09312
3279993,0.10116
3280009,0.0799
3280010,0.06326
3280011,0.01291
3280012,0
3280015,0.24479
3280084,0.02375
3280085,0.01292
3280086,0.02081
3280087,0.03954
3280089,0.07293
3280090,0.08124
3280093,0.14879
3280094,0.11743
3280106,0.05614
3280107,0.05106
3280108,0.0609
3280109,0.05834
3280110,0.04284
3280112,0.05138
3280113,0.04482
3280114,0.03918
3283408,0.16939
3283409,0.17899
3283410,0.17525
3283412,0.18637
3283413,0.19733
3283415,0.19036
3283416,0.17918
3283417,0.18091
3283418,0.19418
3283419,0.19808
3283420,0.19901
3283421,0.20337
3283422,0.18926
3283423,0.16873
3283424,0.16557
3283425,0.17321
3283426,0.16887
3283427,0.09898
3283468,0.03744
3283469,0.10948
3283470,0.13778
3283471,0.14058
3283472,0.13697
3283473,0.13809
3283474,0.13957
3283475,0.1508
3283477,0.13644
3283478,0.11474
3283479,0.09315
3283480,0.07556
3283481,0.06615
3283482,0.05723
3283483,0.05228
3283484,0.05916
3283485,0.05689
3283486,0.04716
3283487,0.04356
3283488,0.03689
3283489,0.03527
3283490,0.04085
3283491,0.04804
3283492,0.04799
3283493,0.04215
3283494,0.04227
3283495,0.0393
3283496,0.03861
3283497,0.03648
3283498,0.03726
3283499,0.03745
3283500,0.03852
3283501,0.04049
3283502,0.03993
3283503,0.0429
3283504,0.04651
3283505,0.05302
3283506,0.07167
3283507,0.08601
3283508,0.08557
3283509,0.07881
3283510,0.08284
3283511,0.09204
3283512,0.12
3283513,0.14131
3283514,0.15347
3283515,0.16826
3283516,0.19041
3283517,0.19654
3283518,0.2001
3283519,0.21391
3283520,0.20721
3283521,0.19913
3283522,0.19234
3283606,0
3283607,0.06246
3283608,0.08975
3283609,0.09589
3283610,0.09654
3283626,0.08697
3283627,0.07044
3283629,0
3283632,0.25425
3283702,0.01304
3283703,0.01935
3283704,0.03489
3283706,0.07289
3283707,0.0795
3283710,0.16247
3283711,0.12874
3283724,0.04863
3283726,0.0569
3283729,0.05493
3283730,0.0453
3283731,0.02914
3287025,0.15633
3287026,0.16152
3287027,0.16328
3287028,0.17309
3287029,0.16696
3287030,0.17366
3287032,0.19834
3287033,0.18765
3287034,0.18895
3287035,0.19997
3287036,0.19356
3287037,0.18955
3287038,0.19164
3287039,0.19287
3287040,0.17831
3287041,0.1728
3287042,0.18342
3287043,0.17658
3287044,0.09855
3287084,0.06001
3287085,0.08844
3287086,0.11865
3287087,0.13538
3287088,0.13082
3287089,0.13103
3287090,0.14325
3287091,0.14845
3287092,0.1667
3287095,0.11325
3287096,0.09987
3287097,0.08071
3287098,0.0629
3287099,0.05778
3287100,0.05839
3287101,0.06141
3287102,0.06094
3287103,0.0495
3287104,0.04933
3287105,0.04301
3287106,0.03543
3287107,0.0415
3287108,0.05351
3287109,0.05525
3287110,0.04838
3287111,0.04094
3287112,0.03607
3287113,0.03628
3287114,0.04037
3287115,0.04132
3287116,0.03538
3287117,0.03468
3287118,0.03383
3287119,0.04255
3287120,0.05098
3287121,0.05332
3287122,0.05719
3287123,0.06675
3287124,0.08726
3287125,0.09869
3287126,0.09237
3287127,0.09115
3287128,0.10594
3287129,0.12574
3287130,0.1457
3287131,0.16571
3287132,0.17158
3287133,0.18527
3287134,0.18956
3287135,0.19574
3287136,0.21097
3287137,0.20399
3287138,0.19822
3287223,0
3287224,0.06713
3287225,0.10133
3287226,0.09747
3287227,0.09438
3287244,0.06512
3287249,0.24519
3287263,0.30848
3287264,0.30244
3287265,0.2958
3287269,0.27182
3287270,0.26966
3287271,0.2719
3287318,0.02818
3287319,0.01935
3287321,0.03738
3287322,0.04599
3287323,0.05121
3287324,0.05186
3287328,0.12562
3287341,0.05414
3287342,0.04807
3287344,0.04531
3287347,0.04333
3287348,0.02042
3290646,0.16994
3290647,0.16859
3290648,0.17873
3290650,0.18956
3290651,0.19566
3290652,0.19284
3290653,0.19103
3290654,0.1882
3290655,0.19447
3290656,0.19602
3290657,0.18634
3290658,0.19211
3290659,0.19728
3290660,0.18307
3290661,0.12459
3290662,0.03581
3290699,0
3290700,0
3290701,0.1416
3290702,0.14472
3290703,0.13652
3290704,0.13843
3290705,0.13202
3290706,0.12763
3290707,0.13477
3290708,0.14656
3290714,0.09131
3290715,0.07311
3290716,0.06588
3290717,0.06189
3290718,0.06159
3290719,0.0573
3290720,0.0502
3290721,0.05012
3290722,0.04594
3290723,0.03601
3290724,0.04249
3290725,0.0529
3290726,0.05218
3290727,0.0504
3290728,0.04391
3290729,0.03782
3290730,0.0351
3290731,0.03894
3290732,0.04284
3290733,0.03514
3290734,0.03047
3290735,0.03103
3290736,0.04135
3290737,0.04923
3290738,0.05541
3290739,0.05581
3290740,0.05623
3290741,0.07656
3290742,0.09209
3290743,0.09894
3290744,0.095
3290745,0.10742
3290746,0.12001
3290747,0.1378
3290748,0.16145
3290749,0.16676
3290750,0.17868
3290751,0.18659
3290752,0.1983
3290753,0.22072
3290754,0.22366
3290755,0.21565
3290840,0
3290841,0.07114
3290842,0.11605
3290843,0.11132
3290862,0
3290865,0.17761
3290880,0.30154
3290882,0.29095
3290884,0.29348
3290885,0.27881
3290886,0.27775
3290887,0.27745
3290888,0.2803
3290889,0.27416
3290935,0.02427
3290937,0.02741
3290938,0.03971
3290939,0.0307
3290940,0.00284
3290941,0
3290945,0.11907
3290959,0.05276
3290960,0.04055
3290961,0.04129
3290965,0.01943
3294263,0.1686
3294264,0.1728
3294265,0.18218
3294266,0.20227
3294267,0.18829
3294268,0.18238
3294269,0.19025
3294270,0.18639
3294271,0.18028
3294272,0.19177
3294273,0.20575
3294274,0.18914
3294275,0.18619
3294276,0.19703
3294277,0.18078
3294278,0.13719
3294279,0.10613
3294319,0.16229
3294320,0.15399
3294321,0.14557
3294322,0.13665
3294323,0.12823
3294324,0.12342
3294325,0.14091
3294326,0.16201
3294327,0.12948
3294328,0.11054
3294329,0.10465
3294332,0.07589
3294333,0.06818
3294334,0.06349
3294335,0.06519
3294336,0.05888
3294337,0.05424
3294338,0.04803
3294339,0.05143
3294340,0.04911
3294341,0.04497
3294342,0.0387
3294343,0.04008
3294344,0.04882
3294345,0.05201
3294346,0.0433
3294347,0.03671
3294348,0.0339
3294349,0.0393
3294350,0.03435
3294351,0.03683
3294352,0.03765
3294353,0.04664
3294354,0.05482
3294355,0.05369
3294356,0.05015
3294357,0.05155
3294358,0.06633
3294359,0.08016
3294360,0.09649
3294361,0.09325
3294362,0.10351
3294363,0.11555
3294364,0.12252
3294365,0.14448
3294366,0.15891
3294367,0.17153
3294368,0.1839
3294369,0.19088
3294370,0.21065
3294371,0.2189
3294372,0.21356
3294457,0
3294458,0.08313
3294459,0.1188
3294460,0.11282
3294479,0
3294482,0.20322
3294497,0.29026
3294498,0.2771
3294500,0.29054
3294501,0.29241
3294502,0.27348
3294503,0.27741
3294504,0.27394
3294505,0.27505
3294506,0.26692
3294552,0.01756
3294553,0.02253
3294555,0.04332
3294556,0.01626
3294557,0
3294558,0
3294562,0.12079
3294563,0.11034
3294577,0.04095
3294578,0.04211
3294582,0.02725
3297881,0.17239
3297882,0.18286
3297884,0.15784
3297885,0.17493
3297886,0.17746
3297887,0.17391
3297888,0.17664
3297889,0.1869
3297890,0.18756
3297891,0.18048
3297892,0.1815
3297893,0.18673
3297894,0.1846
3297895,0.17696
3297896,0.15844
3297897,0.15033
3297936,0.1462
3297937,0.15758
3297938,0.14699
3297939,0.14181
3297941,0.12509
3297942,0.15529
3297944,0.13227
3297945,0.11629
3297946,0.11033
3297947,0.09435
3297948,0.08282
3297949,0.07338
3297950,0.06292
3297951,0.06248
3297952,0.06373
3297953,0.05616
3297954,0.04972
3297955,0.0512
3297956,0.05727
3297957,0.05464
3297958,0.05503
3297959,0.04633
3297960,0.04163
3297961,0.0483
3297962,0.04882
3297963,0.05015
3297964,0.04591
3297965,0.04144
3297966,0.04353
3297967,0.04002
3297968,0.03913
3297969,0.04297
3297970,0.04963
3297971,0.04695
3297972,0.04633
3297973,0.04101
3297974,0.04958
3297975,0.067780000000000007
3297976,0.08275
3297977,0.08692
3297978,0.09461
3297979,0.10389
3297980,0.11483
3297981,0.12318
3297982,0.13055
3297983,0.15166
3297984,0.17014
3297985,0.17621
3297986,0.18675
3297987,0.19824
3297988,0.20903
3297989,0.20269
3298075,0.08386
3298076,0.11315
3298077,0.09686
3298078,0.09873
3298096,0
3298100,0.27263
3298116,0.28793
3298117,0.2932
3298118,0.2949
3298121,0.28442
3298122,0.27696
3298123,0.26319
3298169,0.01082
3298170,0.01007
3298172,0.05016
3298173,0.02167
3298175,0
3298176,0
3298177,0
3298180,0.1062
3298197,0.04497
3298198,0.03774
3298199,0.03141
3301498,0.16194
3301501,0.15134
3301502,0.1742
3301503,0.17241
3301504,0.17005
3301509,0.18123
3301510,0.18549
3301511,0.18669
3301512,0.18457
3301513,0.18599
3301514,0.15209
3301552,0.11493
3301553,0.14205
3301554,0.16387
3301555,0.15418
3301556,0.15088
3301557,0.15927
3301558,0.15431
3301562,0.11846
3301563,0.10725
3301564,0.09768
3301565,0.08674
3301566,0.07722
3301567,0.06823
3301568,0.06291
3301569,0.05485
3301570,0.05133
3301571,0.05411
3301572,0.05366
3301573,0.04879
3301574,0.05115
3301575,0.05357
3301576,0.05118
3301577,0.04529
3301578,0.04859
3301579,0.05022
3301580,0.04922
3301581,0.04922
3301582,0.04546
3301583,0.04251
3301584,0.04463
3301585,0.04795
3301586,0.04785
3301587,0.04611
3301588,0.0415
3301589,0.03273
3301590,0.0385
3301591,0.05226
3301592,0.06919
3301593,0.08242
3301594,0.08354
3301595,0.08899
3301596,0.09756
3301597,0.1106
3301598,0.12399
3301599,0.14024
3301600,0.15624
3301601,0.16983
3301602,0.18416
3301603,0.20009
3301604,0.20201
3301605,0.21226
3301606,0.2071
3301691,0.09408
3301693,0.11514
3301694,0.09388
3301695,0.09474
3301713,0
3301717,0.29085
3301732,0.27953
3301733,0.2932
3301735,0.28039
3301736,0.26582
3301737,0.26803
3301738,0.29176
3301739,0.2867
3301740,0.27043
3301741,0.26873
3301742,0.25615
3301743,0.25347
3301744,0.23963
3301745,0.22096
3301786,0.00679
3301787,0
3301793,0
3301794,0
3301797,0.10896
3301801,0.09812
3301814,0.04217
3301816,0.03134
3305115,0.1434
3305118,0.14695
3305119,0.16285
3305120,0.1639
3305128,0.17452
3305129,0.17567
3305130,0.18844
3305131,0.16188
3305132,0.09292
3305167,0
3305168,0.02266
3305169,0.12983
3305170,0.15726
3305171,0.16692
3305172,0.1697
3305173,0.16733
3305174,0.15443
3305175,0.15923
3305178,0.11403
3305179,0.12146
3305180,0.11628
3305181,0.10398
3305182,0.09793
3305183,0.09052
3305184,0.0838
3305185,0.06931
3305186,0.05721
3305187,0.0501
3305188,0.05652
3305189,0.06517
3305190,0.0604
3305191,0.05835
3305192,0.05191
3305193,0.04692
3305194,0.04767
3305195,0.05406
3305196,0.04833
3305197,0.05203
3305198,0.04936
3305199,0.04074
3305200,0.03675
3305201,0.03372
3305202,0.04654
3305203,0.04629
3305204,0.03646
3305205,0.03836
3305206,0.037
3305207,0.04103
3305208,0.05148
3305209,0.05492
3305210,0.0653
3305211,0.07638
3305212,0.07756
3305213,0.08807
3305214,0.09445
3305215,0.11077
3305216,0.14313
3305217,0.16451
3305218,0.17751
3305219,0.18778
3305220,0.20475
3305221,0.21674
3305222,0.21127
3305223,0.20872
3305309,0.10385
3305310,0.11198
3305311,0.09577
3305312,0.09268
3305330,0
3305334,0.29618
3305349,0.26607
3305350,0.26028
3305351,0.25869
3305352,0.274
3305353,0.28574
3305357,0.27458
3305358,0.267
3305359,0.25337
3305360,0.25155
3305361,0.23728
3305362,0.22407
3305363,0.2114
3305364,0.18818
3305365,0.17544
3305366,0.15228
3305403,0.00869
3305404,0
3305410,0
3305412,0.00101
3305414,0.10654
3305415,0.08374
3305416,0.07888
3305417,0.07973
3305418,0.08334
3305431,0.04299
3305432,0.03235
3305433,0.03012
3305434,0.03057
3308731,0.14864
3308732,0.13955
3308733,0.13099
3308734,0.12533
3308735,0.14302
3308736,0.15241
3308737,0.15958
3308747,0.18202
3308748,0.17795
3308749,0.1471
3308750,0.14896
3308784,0
3308785,0.06623
3308786,0.15636
3308787,0.14784
3308788,0.15495
3308789,0.17157
3308790,0.17203
3308791,0.15121
3308792,0.15545
3308795,0.11162
3308796,0.11986
3308797,0.11317
3308798,0.10225
3308799,0.09077
3308800,0.08709
3308801,0.08397
3308802,0.0693
3308803,0.06224
3308804,0.0601
3308805,0.05935
3308806,0.0663
3308807,0.06418
3308808,0.0611
3308809,0.04776
3308810,0.04786
3308811,0.05819
3308812,0.0606
3308813,0.04933
3308814,0.05333
3308815,0.04723
3308816,0.0403
3308817,0.03946
3308818,0.0331
3308819,0.04065
3308820,0.04427
3308821,0.04147
3308822,0.03746
3308823,0.03626
3308824,0.04598
3308825,0.05136
3308826,0.05451
3308827,0.06522
3308828,0.07492
3308829,0.07829
3308830,0.08339
3308831,0.08526
3308832,0.09736
3308833,0.13227
3308834,0.16457
3308835,0.17727
3308836,0.17558000000000001
3308837,0.19683
3308838,0.21575
3308839,0.20896
3308840,0.20215
3308841,0.07822
3308842,0
3308843,0
3308925,0.03098
3308926,0.1042
3308927,0.10897
3308928,0.09789
3308929,0.09126
3308946,0.04449
3308947,0
3308951,0.28522
3308966,0.2683
3308967,0.26594
3308975,0.2568
3308976,0.24293
3308977,0.245
3308978,0.2407
3308979,0.23044
3308983,0.14344
3308984,0.10824
3309020,0.00242
3309021,0
3309022,0
3309023,0
3309026,0
3309027,0
3309028,0
3309029,0.02102
3309032,0.08721
3309033,0.07139
3309034,0.06133
3309035,0.06936
3309036,0.0774
3309046,0.04387
3309047,0.04834
3309048,0.04559
3309049,0.0317
3309051,0.02566
3312348,0.14423
3312349,0.13695
3312350,0.13433
3312351,0.12892
3312352,0.13767
3312353,0.149
3312354,0.16251
3312364,0.18492
3312365,0.18036
3312366,0.17026
3312367,0.15791
3312401,0
3312402,0.07567
3312403,0.15957
3312404,0.14869
3312405,0.16093
3312406,0.17004
3312407,0.16229
3312408,0.14018
3312409,0.13873
3312411,0.11768
3312412,0.11797
3312413,0.1168
3312414,0.10786
3312415,0.10372
3312416,0.09049
3312417,0.08569
3312418,0.0789
3312419,0.0686
3312420,0.0615
3312421,0.06132
3312422,0.05874
3312423,0.05969
3312424,0.05937
3312425,0.05386
3312426,0.04346
3312427,0.05338
3312428,0.062330000000000003
3312429,0.06008
3312430,0.05457
3312431,0.05519
3312432,0.0427
3312433,0.0426
3312434,0.04321
3312435,0.0311
3312436,0.0348
3312437,0.04222
3312438,0.04174
3312439,0.04067
3312440,0.03605
3312441,0.03971
3312442,0.04673
3312443,0.04967
3312444,0.0588
3312445,0.06787
3312446,0.07992
3312447,0.08575
3312448,0.0908
3312449,0.10361
3312450,0.1243
3312451,0.15074
3312452,0.16317
3312453,0.17592
3312454,0.19477
3312455,0.21323
3312456,0.22322
3312457,0.20995
3312458,0.09494
3312460,0
3312543,0.11662
3312544,0.11288
3312545,0.09719
3312546,0.08707
3312563,0
3312565,0
3312568,0.23837
3312569,0.26026
3312589,0.22254
3312590,0.18029
3312591,0.17325
3312592,0.17562
3312593,0.17613
3312594,0.18749
3312601,0.05842
3312602,0.02939
3312637,0.00446
3312638,0
3312640,0
3312641,0
3312644,0
3312645,0.005
3312646,0.03404
3312647,0.01969
3312649,0.08635
3312650,0.06994
3312651,0.05535
3312652,0.06384
3312653,0.07444
3312663,0.03995
3312664,0.04167
3312665,0.03802
3312666,0.0317
3312668,0.01836
3315969,0.13454
3315970,0.14514
3315971,0.15245
3315972,0.1638
3315984,0.14141
3315985,0.09967
3316019,0.10247
3316020,0.16521
3316021,0.15332
3316022,0.15775
3316023,0.16303
3316024,0.16432
3316025,0.15493
3316026,0.1385
3316027,0.12679
3316028,0.13025
3316029,0.13275
3316030,0.12775
3316031,0.1142
3316032,0.10359
3316033,0.09394
3316034,0.09099
3316035,0.07915
3316036,0.07985
3316037,0.07415
3316038,0.06601
3316039,0.0618
3316040,0.06711
3316041,0.05923
3316042,0.05014
3316043,0.0496
3316044,0.05029
3316045,0.05433
3316046,0.05563
3316047,0.05586
3316048,0.05786
3316049,0.05077
3316050,0.04486
3316051,0.04703
3316052,0.03807
3316053,0.03883
3316054,0.04712
3316055,0.04638
3316056,0.04104
3316057,0.03768
3316058,0.03662
3316059,0.03748
3316060,0.04428
3316061,0.05088
3316062,0.0636
3316063,0.07426
3316064,0.08384
3316065,0.09919
3316066,0.11946
3316067,0.1324
3316068,0.13928
3316069,0.15041
3316070,0.16638
3316071,0.18316
3316072,0.20233
3316073,0.2223
3316074,0.23051
3316075,0.18195
3316160,0.11798
3316161,0.10952
3316162,0.09416
3316163,0.08621
3316179,0
3316180,0
3316182,0
3316186,0.20622
3316199,0.27593
3316200,0.2729
3316201,0.26772
3316205,0.26439
3316206,0.1678
3316207,0.08965
3316208,0.09894
3316209,0.10492
3316211,0.12979
3316212,0.23733
3316219,0
3316255,0
3316257,0
3316258,0
3316263,0.02187
3316264,0.0172
3316265,0.02265
3316267,0.07524
3316268,0.06578
3316279,0.04372
3316280,0.03882
3316281,0.03733
3316282,0.03087
3316283,0.02835
3316284,0.02523
3316285,0.01275
3319586,0.13318
3319587,0.13384
3319588,0.14207
3319589,0.16062
3319590,0.16682
3319601,0.15134
3319602,0.13922
3319603,0.14914
3319636,0.19279
3319637,0.1833
3319638,0.15107
3319639,0.15632
3319640,0.14698
3319641,0.15001
3319642,0.1498
3319643,0.13866
3319644,0.12157
3319645,0.12768
3319646,0.14025
3319647,0.13612
3319648,0.11934
3319649,0.10881
3319650,0.10042
3319651,0.09931
3319652,0.09741
3319653,0.08861
3319654,0.08055
3319655,0.0668
3319656,0.0615
3319657,0.06275
3319658,0.06552
3319659,0.05353
3319660,0.04939
3319661,0.04922
3319662,0.05613
3319663,0.05654
3319664,0.05485
3319665,0.05413
3319666,0.05454
3319667,0.04689
3319668,0.05113
3319669,0.04607
3319670,0.04347
3319671,0.04427
3319672,0.04876
3319673,0.03959
3319674,0.03786
3319675,0.04668
3319676,0.04375
3319677,0.04268
3319678,0.04617
3319679,0.05712
3319680,0.06875
3319681,0.07742
3319682,0.08975
3319683,0.11098
3319684,0.13057
3319685,0.14145
3319686,0.15414
3319687,0.16453
3319688,0.17331
3319689,0.18849
3319690,0.21045
3319691,0.22373
3319692,0.22915
3319693,0.22616
3319776,0.12218
3319777,0.12052
3319778,0.10008
3319779,0.0854
3319780,0.08026
3319795,0
3319796,0
3319799,0
3319803,0.16848
3319804,0.25347
3319805,0.28706
3319815,0.27047
3319816,0.28448
3319818,0.26143
3319820,0.25563
3319821,0.25485
3319822,0.2698
3319836,0
3319872,0.0072
3319873,0
3319874,0
3319875,0
3319876,0
3319877,0
3319880,0.0318
3319881,0.0311
3319882,0.03257
3319883,0.02819
3319885,0.05511
3319886,0.0667
3319896,0.04434
3319897,0.03404
3319898,0.02804
3319899,0.02959
3319900,0.02813
3319901,0.02765
3319902,0.01983
3323203,0.13784
3323204,0.12943
3323205,0.11862
3323207,0.13673
3323208,0.17031
3323219,0.17438
3323220,0.16969
3323254,0.1552
3323255,0.07708
3323256,0.0758
3323257,0.07519
3323258,0.05658
3323259,0.05186
3323260,0.05726
3323261,0.05054
3323262,0.07908
3323263,0.123
3323264,0.14115
3323265,0.13547
3323266,0.12331
3323267,0.11381
3323268,0.10826
3323269,0.10271
3323270,0.09968
3323271,0.08487
3323272,0.0706
3323273,0.06678
3323274,0.06304
3323275,0.066
3323276,0.05644
3323277,0.05357
3323278,0.05571
3323279,0.06208
3323280,0.06225
3323281,0.04972
3323282,0.04827
3323283,0.05092
3323284,0.04644
3323285,0.04755
3323286,0.05197
3323287,0.05249
3323288,0.05172
3323289,0.05014
3323290,0.03838
3323291,0.04071
3323292,0.04601
3323293,0.04588
3323294,0.0437
3323295,0.03951
3323296,0.05121
3323297,0.07058
3323298,0.07747
3323299,0.08474
3323300,0.10448
3323301,0.12422
3323302,0.13752
3323303,0.14791
3323304,0.15499
3323305,0.16291
3323306,0.18017
3323307,0.20702
3323308,0.21561
3323309,0.22546
3323310,0.21609
3323311,0.16803
3323312,0
3323313,0
3323390,0
3323391,0.06857
3323392,0.12022
3323393,0.12755
3323394,0.117
3323395,0.09972
3323396,0.08966
3323412,0
3323421,0.24023
3323422,0.25395
3323423,0.27034
3323431,0.19385
3323432,0.24975
3323435,0.24378
3323436,0.21892
3323437,0.21776
3323438,0.23428
3323447,0.03781
3323448,0.03873
3323449,0.04766
3323452,0
3323495,0.03544
3323496,0.04478
3323497,0.05151
3323500,0.02451
3323501,0.02421
3323502,0.03625
3323503,0.05598
3323514,0.03811
3323515,0.02862
3326819,0.12803
3326820,0.14155
3326824,0.07765
3326825,0.15135
3326836,0.1716
3326837,0.18349
3326838,0.22277
3326875,0
3326876,0
3326877,0
3326878,0
3326879,0.01296
3326880,0.11092
3326881,0.14259
3326882,0.14073
3326883,0.12809
3326884,0.11809
3326885,0.11232
3326886,0.10365
3326887,0.09846
3326888,0.0794
3326889,0.07288
3326890,0.07271
3326891,0.0671
3326892,0.06126
3326893,0.06542
3326894,0.06283
3326895,0.06301
3326896,0.06668
3326897,0.06829
3326898,0.05603
3326899,0.04538
3326900,0.04727
3326901,0.05224
3326902,0.05542
3326903,0.05567
3326904,0.05522
3326905,0.04869
3326906,0.04735
3326907,0.04166
3326908,0.04614
3326909,0.04373
3326910,0.04258
3326911,0.04241
3326912,0.04258
3326913,0.05239
3326914,0.06608
3326915,0.07937
3326916,0.09193
3326917,0.10883
3326918,0.12332
3326919,0.12649
3326920,0.13643
3326921,0.15251
3326922,0.16473
3326923,0.16175
3326924,0.17917
3326925,0.19497
3326926,0.22183
3326927,0.22311
3326928,0.18545
3326931,0
3327006,0
3327007,0.01593
3327008,0.09116
3327009,0.11998
3327010,0.11941
3327011,0.10323
3327012,0.09191
3327013,0.08173
3327028,0.07062
3327029,0.00859
3327040,0.27804
3327041,0.28459
3327042,0.28427
3327047,0.12563
3327048,0.10153
3327063,0.03012
3327066,0.0375
3327067,0.01004
3327069,0
3327116,0.03403
3327117,0.02112
3327118,0.01996
3327120,0.05124
3330436,0.12542
3330437,0.14795
3330441,0.07005
3330442,0.13992
3330453,0.17393
3330454,0.19071
3330496,0
3330497,0.08343
3330498,0.14411
3330499,0.14388
3330500,0.13757
3330501,0.12708
3330502,0.12003
3330503,0.10755
3330504,0.0978
3330505,0.0855
3330506,0.08209
3330507,0.07364
3330508,0.06607
3330509,0.06036
3330510,0.05986
3330511,0.06668
3330512,0.06838
3330513,0.06575
3330514,0.05973
3330515,0.05793
3330516,0.05221
3330517,0.04695
3330518,0.05252
3330519,0.05974
3330520,0.05656
3330521,0.05253
3330522,0.05083
3330523,0.05087
3330524,0.04963
3330525,0.04885
3330526,0.04505
3330527,0.04537
3330528,0.04783
3330529,0.0551
3330530,0.05811
3330531,0.06522
3330532,0.07635
3330533,0.08778
3330534,0.10254
3330535,0.12145
3330536,0.11806
3330537,0.12287
3330538,0.1415
3330539,0.15893
3330540,0.16192
3330541,0.16417
3330542,0.16988
3330543,0.20643
3330544,0.21966
3330545,0.22023
3330623,0.03808
3330624,0.06632
3330625,0.096560000000000007
3330626,0.11129
3330627,0.10029
3330628,0.08845
3330629,0.08513
3330630,0.08144
3330645,0.08325
3330646,0.01949
3330658,0.2713
3330659,0.26716
3330664,0.11605
3330679,0.01787
3330680,0.02939
3330682,0.04132
3330683,0.03833
3330684,0.01754
3330685,0
3330686,0
3330727,0.03289
3330733,0.04453
3330734,0.02621
3330735,0.01856
3330736,0.03209
3330737,0.04548
3330749,0.03777
3330750,0.0405
3330751,0.03498
3330752,0.02421
3334053,0.11044
3334054,0.13351
3334059,0.13023
3334071,0.17998
3334072,0.19523
3334113,0
3334114,0.04491
3334115,0.13647
3334116,0.14659
3334117,0.14992
3334118,0.14145
3334119,0.13075
3334120,0.12583
3334121,0.10265
3334122,0.09852
3334123,0.09673
3334124,0.07822
3334125,0.07297
3334126,0.0754
3334127,0.06158
3334128,0.06091
3334129,0.0665
3334130,0.06269
3334131,0.05272
3334132,0.06041
3334133,0.05804
3334134,0.04882
3334135,0.04962
3334136,0.0556
3334137,0.05225
3334138,0.05056
3334139,0.05783
3334140,0.05742
3334141,0.04869
3334142,0.04811
3334143,0.04881
3334144,0.04839
3334145,0.04934
3334146,0.05686
3334147,0.05633
3334148,0.06388
3334149,0.07564
3334150,0.08706
3334151,0.09455
3334152,0.11077
3334153,0.11006
3334154,0.11577
3334155,0.13063
3334156,0.14929
3334157,0.15559
3334158,0.15272
3334159,0.16188
3334160,0.19735
3334161,0.21624
3334162,0.2311
3334166,0.03669
3334167,0.17595
3334239,0.00994
3334240,0.0644
3334241,0.08321
3334242,0.0936
3334243,0.09955
3334244,0.09417
3334245,0.08536
3334246,0.08123
3334261,0.08067
3334262,0.07551
3334275,0.26171
3334280,0.23539
3334281,0.12735
3334296,0.02799
3334297,0.03999
3334298,0.04572
3334299,0.0473
3334300,0.04019
3334301,0.01867
3334302,0
3334303,0
3334304,0
3334344,0.01714
3334345,0.01574
3334346,0.01826
3334351,0.03079
3334352,0.0212
3334353,0.03504
3334354,0.04662
3334358,0.05837
3334359,0.04631
3334360,0.04602
3334361,0.04433
3334363,0.02594
3334364,0.02945
3334365,0.02876
3334369,0.01592
3337670,0.10243
3337671,0.11131
3337676,0.14003
3337677,0.15847
3337688,0.17344
3337689,0.16814
3337730,0
3337731,0.0501
3337732,0.14085
3337733,0.15349
3337734,0.15024
3337735,0.14874
3337736,0.13763
3337737,0.12195
3337738,0.09992
3337739,0.10051
3337740,0.10351
3337741,0.08847
3337742,0.08357
3337743,0.07736
3337744,0.07055
3337745,0.06625
3337746,0.07146
3337747,0.0661
3337748,0.05604
3337749,0.05811
3337750,0.06036
3337751,0.05186
3337752,0.04957
3337753,0.05287
3337754,0.05174
3337755,0.05112
3337756,0.04931
3337757,0.0505
3337758,0.05561
3337759,0.04969
3337760,0.05208
3337761,0.06058
3337762,0.05501
3337763,0.05686
3337764,0.05615
3337765,0.06284
3337766,0.07397
3337767,0.08906
3337768,0.09474
3337769,0.09963
3337770,0.10946
3337771,0.12329
3337772,0.12954
3337773,0.14371
3337774,0.15335
3337775,0.1584
3337776,0.16911
3337777,0.18764
3337778,0.20631
3337779,0.22942
3337782,0.05492
3337783,0.12542
3337784,0.22206
3337855,0
3337856,0.02189
3337857,0.0715
3337858,0.07434
3337859,0.07785
3337860,0.0857
3337861,0.08899
3337862,0.08438
3337863,0.07921
3337878,0.03109
3337892,0.25782
3337897,0.24121
3337912,0.03943
3337913,0.03906
3337914,0.04476
3337918,0.04038
3337919,0
3337920,0
3337921,0
3337922,0
3337960,0
3337961,0
3337963,0
3337979,0.03226
3337980,0.02813
3337982,0.01751
3337983,0.00204
3337985,0.00971
3337986,0.00898
3337989,0.03018
3341288,0.09403
3341293,0.17008
3341294,0.15018
3341306,0.16395
3341307,0.15521
3341347,0
3341348,0.07618
3341349,0.16085
3341350,0.16173
3341351,0.15469
3341352,0.15029
3341353,0.13857
3341354,0.12101
3341355,0.10955
3341356,0.10496
3341357,0.09881
3341358,0.09017
3341359,0.08391
3341360,0.07491
3341361,0.06666
3341362,0.06368
3341363,0.07257
3341364,0.06834
3341365,0.06271
3341366,0.05404
3341367,0.05467
3341368,0.05123
3341369,0.04933
3341370,0.04956
3341371,0.04284
3341372,0.04658
3341373,0.04568
3341374,0.04742
3341375,0.05732
3341376,0.05339
3341377,0.05535
3341378,0.0647
3341379,0.06018
3341380,0.05625
3341381,0.05905
3341382,0.06158
3341383,0.06989
3341384,0.0811
3341385,0.08788
3341386,0.08759
3341387,0.10637
3341388,0.12544
3341389,0.13591
3341390,0.14477
3341391,0.15764
3341392,0.16405
3341393,0.17245
3341394,0.18363
3341395,0.20571
3341396,0.22561
3341397,0.20926
3341398,0.17362
3341399,0.17448
3341400,0.2077
3341401,0.23605
3341402,0.21113
3341403,0.18674
3341471,0.03462
3341472,0.03171
3341473,0.05847
3341474,0.08039
3341475,0.07165
3341476,0.07368
3341477,0.08215
3341478,0.07837
3341479,0.08323
3341495,0
3341510,0.2533
3341511,0.25357
3341512,0.26987
3341513,0.27839
3341514,0.25276
3341528,0
3341529,0.02918
3341530,0.04559
3341534,0.07
3341535,0.0411
3341539,0
3341575,0
3341576,0
3341577,0
3341578,0
3341579,0
3341580,0
3341581,0
3341592,0.04841
3341604,0.00583
3341605,0.01494
3341606,0.019
3344905,0.07084
3344906,0.02155
3344911,0.14107
3344912,0.13876
3344923,0.1551
3344924,0.15639
3344964,0
3344965,0.09744
3344966,0.17034
3344967,0.16964
3344968,0.15592
3344969,0.14808
3344970,0.13563
3344971,0.12573
3344972,0.12123
3344973,0.10078
3344974,0.06028
3344975,0.03572
3344976,0.02113
3344977,0.01401
3344978,0.02201
3344979,0.03573
3344980,0.06607
3344981,0.06705
3344982,0.05984
3344983,0.05849
3344984,0.05222
3344985,0.05772
3344986,0.05607
3344987,0.05261
3344988,0.04537
3344989,0.04399
3344990,0.04538
3344991,0.0443
3344992,0.05806
3344993,0.05918
3344994,0.06031
3344995,0.06322
3344996,0.06295
3344997,0.05601
3344998,0.05536
3344999,0.05944
3345000,0.06653
3345001,0.07625
3345002,0.08226
3345003,0.07801
3345004,0.09801
3345005,0.11903
3345006,0.12811
3345007,0.13752
3345008,0.15558
3345009,0.16329
3345010,0.16826
3345011,0.17979
3345012,0.2064
3345013,0.21668
3345014,0.21839
3345015,0.2187
3345016,0.24024
3345017,0.24729
3345018,0.22825
3345019,0.19835
3345020,0.19613
3345086,0.11275
3345087,0.10062
3345088,0.07566
3345089,0.07212
3345090,0.07997
3345091,0.08646
3345092,0.07388
3345093,0.07158
3345094,0.07246
3345095,0.06706
3345112,0
3345130,0.2893
3345145,0
3345147,0.05525
3345151,0.0334
3345155,0
3345156,0
3345157,0
3345158,0
3345161,0
3345162,0
3345192,0
3345198,0.01103
3345199,0.02538
3345200,0.0345
3345206,0.05712
3345207,0.05481
3345209,0.04093
3345220,0
3345221,0
3345222,0
3345223,0.00344
3348523,0.0033
3348528,0.13171
3348529,0.12889
3348540,0.14266
3348541,0.13482
3348542,0.15321
3348581,0
3348582,0.11099
3348583,0.16792
3348584,0.17108
3348585,0.16312
3348586,0.15052
3348587,0.13748
3348588,0.12534
3348589,0.12014
3348590,0.0876
3348591,0
3348592,0
3348593,0
3348594,0
3348595,0
3348596,0.00699
3348597,0.0579
3348598,0.06812
3348599,0.0643
3348600,0.06604
3348601,0.05533
3348602,0.06434
3348603,0.06682
3348604,0.05997
3348605,0.05821
3348606,0.05052
3348607,0.05068
3348608,0.05044
3348609,0.0589
3348610,0.06628
3348611,0.06766
3348612,0.067780000000000007
3348613,0.06547
3348614,0.06161
3348615,0.05839
3348616,0.06137
3348617,0.06219
3348618,0.07276
3348619,0.07766
3348620,0.0744
3348621,0.08949
3348622,0.10893
3348623,0.12498
3348624,0.13529
3348625,0.14952
3348626,0.15806
3348627,0.1655
3348628,0.17146
3348629,0.1949
3348630,0.2046
3348631,0.21916
3348632,0.22445
3348633,0.24241
3348634,0.24603
3348635,0.20576
3348636,0.14656
3348702,0.07415
3348703,0.10194
3348704,0.10116
3348705,0.08393
3348706,0.0811
3348707,0.08227
3348708,0.07745
3348709,0.06917
3348710,0.06835
3348711,0.06758
3348729,0.03871
3348761,0
3348764,0.05503
3348767,0.00597
3348768,0.02604
3348770,0
3348773,0
3348774,0
3348775,0
3348776,0
3348777,0
3348778,0
3348779,0
3348780,0.01225
3348781,0.02612
3348782,0.04124
3348809,0
3348810,0
3348817,0.02947
3348818,0.04539
3348820,0.04766
3348823,0.04374
3348824,0.04746
3348836,6.6e-4
3348837,0
3348838,0
3348839,0
3348840,0
3348841,0.01947
3352140,0.02617
3352141,0.03608
3352146,0.12555
3352157,0.14255
3352158,0.12856
3352159,0.1348
3352198,0.02004
3352199,0.11952
3352200,0.16333
3352201,0.17007
3352202,0.15916
3352203,0.14827
3352204,0.13304
3352205,0.12029
3352206,0.11452
3352207,0.08718
3352210,0
3352214,0.05768
3352215,0.0753
3352216,0.07284
3352217,0.07787
3352218,0.06475
3352219,0.06834
3352220,0.06635
3352221,0.05874
3352222,0.05541
3352223,0.05736
3352224,0.0568
3352225,0.05591
3352226,0.06053
3352227,0.06695
3352228,0.06201
3352229,0.06236
3352230,0.06388
3352231,0.06607
3352232,0.06066
3352233,0.05344
3352234,0.05356
3352235,0.06495
3352236,0.06903
3352237,0.07087
3352238,0.08585
3352239,0.10029
3352240,0.11923
3352241,0.13237
3352243,0.15138
3352244,0.15113
3352245,0.16444
3352246,0.1849
3352247,0.19492
3352248,0.21372
3352249,0.22492
3352250,0.23427
3352251,0.23654
3352252,0.18634
3352253,0.09473
3352319,0.0704
3352320,0.09948
3352321,0.09586
3352322,0.08559
3352323,0.07918
3352324,0.07685
3352325,0.06882
3352326,0.06512
3352327,0.06755
3352328,0.0699
3352346,0.09529
3352377,0.02686
3352378,0.02933
3352381,0.05685
3352382,0.03291
3352383,0.00492
3352384,0.0056
3352387,0
3352388,0
3352390,0
3352391,0
3352392,0
3352393,0
3352394,0
3352395,0
3352396,0
3352397,0
3352398,0.01741
3352399,0.03802
3352400,0.05121
3352401,0.05033
3352427,0
3352435,0.05069
3352436,0.04175
3352437,0.04696
3352440,0.03437
3352441,0.04462
3352453,0
3352454,0
3352455,0
3352456,0
3352457,0
3352458,0.02011
3355757,0.04559
3355758,0.06276
3355763,0.13328
3355764,0.13302
3355775,0.13469
3355776,0.12912
3355816,0.13846
3355817,0.16991
3355818,0.17078
3355819,0.14647
3355820,0.13663
3355821,0.12875
3355822,0.1189
3355823,0.11388
3355831,0.07683
3355832,0.0847
3355833,0.07478
3355834,0.08196
3355835,0.07209
3355836,0.06987
3355837,0.06608
3355838,0.05881
3355839,0.04819
3355840,0.05281
3355841,0.04971
3355842,0.05259
3355843,0.05103
3355844,0.05935
3355845,0.05969
3355846,0.05879
3355847,0.06081
3355848,0.06485
3355849,0.0564
3355850,0.04929
3355851,0.04955
3355852,0.06105
3355853,0.06492
3355854,0.06917
3355855,0.08098
3355856,0.0916
3355857,0.10508
3355858,0.11669
3355860,0.13603
3355861,0.12926
3355862,0.15039
3355863,0.1701
3355864,0.17421
3355865,0.19719
3355866,0.21212
3355867,0.22028
3355868,0.22422
3355869,0.19444
3355870,0.11193
3355935,0
3355936,0.05654
3355937,0.10227
3355938,0.0974
3355939,0.08692
3355940,0.08202
3355941,0.07635
3355942,0.0683
3355943,0.06585
3355944,0.06736
3355963,0.12139
3355991,0.04561
3355992,0.0787
3355993,0.0777
3355994,0.0696
3355999,0.0346
3356000,0.01523
3356001,0.00812
3356002,0
3356003,0
3356004,0
3356005,0
3356007,0
3356008,0
3356009,0
3356010,0
3356011,0
3356012,0
3356013,0
3356014,0
3356015,0.00964
3356018,0.05386
3356019,0.0411
3356020,0.02726
3356021,0.02669
3356022,0.01948
3356023,0.0059
3356024,0
3356044,0
3356053,0.0372
3356055,0.05211
3356068,0
3356069,0
3356070,0
3356071,0
3356072,0
3356073,0
3356074,0
3356075,0
3356076,0.03154
3359374,0.05252
3359375,0.06987
3359376,0.08089
3359380,0.13843
3359381,0.13674
3359391,0.14465
3359392,0.13835
3359393,0.12397
3359394,0.09158
3359433,0.15919
3359434,0.16994
3359435,0.16253
3359436,0.14227
3359437,0.1281
3359438,0.12659
3359439,0.12354
3359440,0.1272
3359441,0.14434
3359444,0
3359448,0.10919
3359449,0.09983
3359450,0.0835
3359451,0.08766
3359452,0.08005
3359453,0.0713
3359454,0.06952
3359455,0.06515
3359456,0.0524
3359457,0.04328
3359458,0.04286
3359459,0.0488
3359460,0.04948
3359461,0.05395
3359462,0.06092
3359463,0.06094
3359464,0.05951
3359465,0.06038
3359466,0.0528
3359467,0.05266
3359468,0.05219
3359469,0.06002
3359470,0.06495
3359471,0.06924
3359472,0.08092
3359473,0.08898
3359474,0.09598
3359475,0.10317
3359476,0.11848
3359477,0.12184
3359478,0.11965
3359479,0.13827
3359480,0.15744
3359481,0.15907
3359482,0.17813
3359483,0.19208
3359484,0.20392
3359485,0.21581
3359486,0.21792
3359487,0.16445
3359551,0
3359552,0
3359553,0.05002
3359554,0.10339
3359555,0.09765
3359556,0.08697
3359557,0.084
3359558,0.07736
3359559,0.06939
3359560,0.06466
3359561,0.06359
3359580,0.13051
3359606,0
3359607,0.02326
3359608,0.06933
3359609,0.09526
3359618,0.01776
3359619,0
3359620,0
3359622,0
3359623,0
3359624,0
3359625,0
3359626,0
3359627,0
3359628,0
3359630,0
3359631,0
3359638,0.03346
3359641,0
3359642,0.00323
3359643,0.01652
3359644,0.02012
3359645,0.02295
3359646,0.0382
3359647,0.04772
3359648,0.04209
3359649,0.02747
3359650,0.00449
3359651,0
3359661,0
3359662,0
3359664,0
3359665,0
3359666,0
3359667,0
3359668,0
3359669,0.02643
3359684,0
3359685,0
3359686,0
3359687,0
3359688,0
3359692,0
3359693,0
3362992,0.07448
3362993,0.07786
3362994,0.07451
3362995,0.0639
3362996,0.06521
3362997,0.11897
3362998,0.13273
3362999,0.12906
3363009,0.1337
3363010,0.12871
3363011,0.10476
3363050,0.16388
3363051,0.15921
3363052,0.15302
3363053,0.13695
3363054,0.11892
3363055,0.11979
3363056,0.13154
3363057,0.14453
3363066,0.10028
3363067,0.09017
3363068,0.09635
3363069,0.08622
3363070,0.07465
3363071,0.07363
3363072,0.07241
3363073,0.06383
3363074,0.04478
3363075,0.04236
3363076,0.04632
3363077,0.05144
3363078,0.05686
3363079,0.06128
3363080,0.05946
3363081,0.05716
3363082,0.05576
3363083,0.0574
3363084,0.05854
3363085,0.05827
3363086,0.06026
3363087,0.06412
3363088,0.06804
3363089,0.08193
3363090,0.08786
3363091,0.08872
3363092,0.09553
3363093,0.11185
3363094,0.11413
3363095,0.11653
3363096,0.13261
3363097,0.14966
3363098,0.15246
3363099,0.16392
3363100,0.17643
3363101,0.19089
3363102,0.21049
3363103,0.21885
3363169,0
3363170,0.06637
3363171,0.09852
3363172,0.0931
3363173,0.08526
3363174,0.08025
3363175,0.07236
3363176,0.06694
3363177,0.06102
3363178,0.05979
3363197,0.12889
3363218,0
3363219,0
3363223,0.04847
3363224,0.07669
3363225,0.09989
3363235,0.01916
3363236,0
3363237,0
3363238,0
3363239,0
3363240,0
3363241,0
3363242,0
3363243,0
3363244,0
3363245,0
3363246,0
3363247,0
3363261,0.02474
3363268,0
3363270,0
3363280,0
3363281,0
3363302,0
3363303,0
3363309,0
3363310,0
3366611,0.08049
3366613,0.07411
3366614,0.10303
3366615,0.12611
3366616,0.1196
3366617,0.12853
3366626,0.12608
3366627,0.1318
3366628,0.11907
3366629,0.12791
3366666,0.01822
3366668,0.13876
3366669,0.15552
3366670,0.1399
3366671,0.12078
3366672,0.12944
3366673,0.14815
3366683,0.07011
3366684,0.07348
3366685,0.08989
3366686,0.08703
3366687,0.0824
3366688,0.07685
3366689,0.06974
3366690,0.06831
3366691,0.0548
3366692,0.04685
3366693,0.04768
3366694,0.05212
3366695,0.05882
3366696,0.06199
3366697,0.056710000000000003
3366698,0.05507
3366699,0.05379
3366700,0.06004
3366701,0.06068
3366702,0.05753
3366703,0.05526
3366704,0.06239
3366705,0.06601
3366706,0.07884
3366707,0.08259
3366708,0.07957
3366709,0.08555
3366710,0.10162
3366711,0.10711
3366712,0.11173
3366713,0.12646
3366714,0.13737
3366715,0.14065
3366716,0.14749
3366717,0.15843
3366718,0.17336
3366719,0.19677
3366720,0.19804
3366721,0.18884
3366786,0
3366787,0.07083
3366788,0.09283
3366789,0.09063
3366790,0.08589
3366791,0.07819
3366792,0.06957
3366793,0.06408
3366794,0.06104
3366795,0.06251
3366813,0.1052
3366814,0.12224
3366835,0
3366836,0
3366839,0.02917
3366840,0.10102
3366841,0.11963
3366852,0.01183
3366853,0
3366854,0
3366855,0
3366856,0
3366857,0
3366859,0
3366860,0
3366861,0
3366862,0
3366863,0
3366864,0
3366870,0
3366872,0
3366873,0
3366874,0
3366875,0
3366880,0
3366882,0.00364
3366883,0.00829
3366884,0
3366885,0
3366918,0
3366926,0
3366927,0
3366928,0.01483
3370228,0.08142
3370230,0.0797
3370231,0.09717
3370232,0.11486
3370233,0.11786
3370234,0.13293
3370235,0.15134
3370243,0.12747
3370244,0.1237
3370245,0.11785
3370246,0.13052
3370285,0.12088
3370286,0.16474
3370287,0.16211
3370288,0.13624
3370289,0.14518
3370300,0.00825
3370301,0.04061
3370302,0.07606
3370303,0.08175
3370304,0.08694
3370305,0.07738
3370306,0.06594
3370307,0.05961
3370308,0.06238
3370309,0.05595
3370310,0.05442
3370311,0.05707
3370312,0.05673
3370313,0.0588
3370314,0.05402
3370315,0.05268
3370316,0.04995
3370317,0.0533
3370318,0.05765
3370319,0.05605
3370320,0.05343
3370321,0.0606
3370322,0.06295
3370323,0.06726
3370324,0.07177
3370325,0.07542
3370326,0.07639
3370327,0.08628
3370328,0.09759
3370329,0.10683
3370330,0.11921
3370331,0.12962
3370332,0.13156
3370333,0.13076
3370334,0.13797
3370335,0.15434
3370336,0.17938
3370337,0.18328
3370338,0.17983
3370339,0.17894
3370403,0
3370404,0.06466
3370405,0.09144
3370406,0.08913
3370407,0.08434
3370408,0.07474
3370409,0.06767
3370410,0.05919
3370411,0.05664
3370412,0.06373
3370430,0.10352
3370452,0
3370453,0
3370454,0
3370455,0
3370456,0.06722
3370457,0.12151
3370458,0.13065
3370469,0.014880000000000001
3370470,0
3370471,0
3370472,0
3370473,0
3370474,0
3370475,0
3370476,0
3370477,0
3370478,0
3370479,0
3370480,0
3370481,0
3370485,0
3370486,0
3370487,0
3370488,0
3370489,0
3370490,0
3370491,0
3370492,0
3370493,0
3370494,0
3370495,0
3370496,0
3370497,0
3370498,0.0033
3370499,0.00793
3370500,0.01196
3370501,0.00397
3370535,0
3370536,0
3370537,0
3370543,0
3370544,0
3370545,0.01116
3373848,0.0905
3373849,0.10916
3373850,0.12209
3373852,0.15747
3373861,0.11772
3373862,0.1123
3373863,0.12669
3373904,0.18712
3373905,0.141
3373906,0.13275
3373917,0
3373918,0.01171
3373919,0.0711
3373920,0.07439
3373921,0.07781
3373922,0.0722
3373923,0.0673
3373924,0.05311
3373925,0.06525
3373926,0.0672
3373927,0.06373
3373928,0.05933
3373929,0.05321
3373930,0.05627
3373931,0.05022
3373932,0.04594
3373933,0.04148
3373934,0.04553
3373935,0.05021
3373936,0.05371
3373937,0.05459
3373938,0.05701
3373939,0.05673
3373940,0.05234
3373941,0.05833
3373942,0.07115
3373943,0.07185
3373944,0.07408
3373945,0.08875
3373946,0.0985
3373947,0.10819
3373948,0.1237
3373949,0.12402
3373950,0.12108
3373951,0.12773
3373952,0.14759
3373953,0.17396
3373954,0.17695
3373955,0.1734
3373956,0.17985
3374020,0
3374021,0.07926
3374022,0.09718
3374023,0.0851
3374024,0.07657
3374025,0.0695
3374026,0.06045
3374027,0.04607
3374028,0.04506
3374029,0.05623
3374047,0.10914
3374071,0.02686
3374072,0.0774
3374073,0.11142
3374074,0.12569
3374084,0.06777
3374086,0.02193
3374087,0
3374088,0
3374089,0
3374090,0
3374091,0
3374092,0
3374093,0
3374095,0
3374096,0
3374098,0
3374099,0
3374100,0
3374101,0
3374102,0
3374116,0.01513
3374151,9e-4
3374152,0
3374153,0
3374154,0
3374155,0
3374156,0
3374157,0
3374158,0
3374159,0
3374161,0
3374162,0.00731
3374163,0.0215
3377466,0.109
3377467,0.12261
3377469,0.15499
3377470,0.13301
3377478,0.12088
3377479,0.11204
3377480,0.12279
3377521,0.1234
3377522,0.10425
3377523,0.10341
3377524,0.09483
3377526,0.09946
3377527,0.09856
3377528,0.07188
3377529,0
3377534,0
3377535,0.01039
3377536,0.07343
3377537,0.07273
3377538,0.06942
3377539,0.07135
3377540,0.07166
3377541,0.06291
3377542,0.06764
3377543,0.07404
3377544,0.06827
3377545,0.05615
3377546,0.0511
3377547,0.05645
3377548,0.04347
3377549,0.03724
3377550,0.03755
3377551,0.04357
3377552,0.04301
3377553,0.04476
3377554,0.04797
3377555,0.05023
3377556,0.05036
3377557,0.0479
3377558,0.04937
3377559,0.06085
3377560,0.0685
3377561,0.07079
3377562,0.08327
3377563,0.08642
3377564,0.09568
3377565,0.11235
3377566,0.11688
3377567,0.12358
3377568,0.13528
3377569,0.15098
3377570,0.16757
3377571,0.1662
3377572,0.16648
3377573,0.1731
3377638,0.1097
3377639,0.10562
3377640,0.0801
3377641,0.06624
3377642,0.06156
3377643,0.04916
3377644,0.03342
3377645,0.0332
3377646,0.04545
3377647,0.05328
3377663,0.12323
3377664,0.12618
3377688,0.11404
3377689,0.14236
3377690,0.13008
3377691,0.12294
3377701,0.06676
3377702,0.04747
3377704,0
3377705,0
3377706,0
3377707,0
3377708,0
3377709,0
3377710,0
3377711,0
3377712,0
3377731,0.00343
3377732,0.02225
3377733,0.02842
3377768,0.00889
3377769,0
3377770,0
3377771,0
3377772,0
3377773,0
3377774,0
3377775,0
3377776,0
3377778,0
3377779,0.01114
3377780,0.01926
3381083,0.10337
3381084,0.11165
3381087,0.12696
3381096,0.11343
3381097,0.12493
3381138,0
3381139,0.04181
3381140,0.09364
3381141,0.1173
3381142,0.12144
3381143,0.11551
3381144,0.11737
3381145,0.07762
3381146,0.009
3381151,0
3381152,0.03931
3381153,0.08304
3381154,0.07532
3381155,0.07345
3381156,0.08084
3381157,0.0786
3381158,0.07441
3381159,0.06571
3381160,0.06827
3381161,0.06322
3381162,0.05529
3381163,0.05595
3381164,0.05495
3381165,0.03739
3381166,0.0321
3381167,0.04007
3381168,0.04515
3381169,0.03934
3381170,0.03808
3381171,0.03964
3381172,0.04377
3381173,0.04622
3381174,0.04623
3381175,0.04395
3381176,0.05019
3381177,0.06092
3381178,0.07216
3381179,0.07755
3381180,0.07862
3381181,0.0884
3381182,0.10679
3381183,0.11282
3381184,0.12732
3381185,0.13991
3381186,0.14463
3381187,0.14478
3381188,0.14916
3381189,0.15825
3381190,0.16958
3381256,0.1005
3381257,0.07419
3381258,0.05936
3381259,0.04814
3381260,0.03669
3381261,0.02778
3381262,0.02668
3381263,0.03651
3381264,0.04036
3381265,0.04298
3381266,0.05658
3381280,0.13838
3381307,0.11971
3381308,0.11571
3381321,8.4e-4
3381323,0
3381324,0
3381348,0.01121
3381350,0.03961
3381390,0.01046
3381391,0.00522
3381392,0
3381393,0
3381394,0
3381395,0.00749
3381396,0.01987
3381397,0.01841
3384701,0.10232
3384702,0.09491
3384704,0.1148
3384705,0.11966
3384714,0.13195
3384754,0
3384756,0.01074
3384757,0.1085
3384758,0.13949
3384759,0.13351
3384760,0.13853
3384761,0.13516
3384762,0.09429
3384763,0.055
3384764,0.05364
3384769,0.06687
3384770,0.09414
3384771,0.07917
3384772,0.07665
3384773,0.08274
3384774,0.07969
3384775,0.07426
3384776,0.06077
3384777,0.06052
3384778,0.05882
3384779,0.05811
3384780,0.06236
3384781,0.05959
3384782,0.04532
3384783,0.03622
3384784,0.04111
3384785,0.0436
3384786,0.03641
3384787,0.03407
3384788,0.03402
3384789,0.03755
3384790,0.04229
3384791,0.04195
3384792,0.03937
3384793,0.0431
3384794,0.04855
3384795,0.06258
3384796,0.0683
3384797,0.07692
3384798,0.08827
3384799,0.10533
3384800,0.1061
3384801,0.11539
3384802,0.12016
3384803,0.12351
3384804,0.12448
3384805,0.13489
3384806,0.15471
3384807,0.17224
3384872,0.12103
3384873,0.09136
3384874,0.07286
3384875,0.06051
3384876,0.03951
3384877,0.02762
3384878,0.02434
3384879,0.02539
3384880,0.03047
3384881,0.02784
3384882,0.02702
3384883,0.04235
3384884,0.05488
3384897,0.1388
3384925,0.10901
3384926,0.10676
3384965,0.01117
3384967,0.04066
3385011,0.00726
3385012,0.01318
3385013,0.02354
3385014,0.0142
3385015,0.01655
3388318,0.10378
3388319,0.08551
3388321,0.09156
3388322,0.1099
3388331,0.12966
3388332,0.08924
3388377,0.14892
3388378,0.1496
3388379,0.11264
3388380,0.08841
3388381,0.09172
3388386,0.07348
3388387,0.0799
3388388,0.06208
3388389,0.05672
3388390,0.06357
3388391,0.073
3388392,0.07337
3388393,0.06089
3388394,0.05824
3388395,0.05829
3388396,0.05775
3388397,0.06295
3388398,0.06755
3388399,0.05802
3388400,0.03864
3388401,0.02642
3388402,0.02223
3388403,0.02627
3388404,0.02713
3388405,0.0278
3388406,0.02928
3388407,0.03707
3388408,0.04328
3388409,0.03855
3388410,0.04036
3388411,0.03901
3388412,0.04525
3388413,0.05858
3388414,0.07405
3388415,0.09053
3388416,0.09745
3388417,0.10242
3388418,0.09941
3388419,0.09444
3388420,0.10332
3388421,0.11805
3388422,0.12542
3388423,0.14743
3388424,0.15934
3388489,0.11956
3388490,0.09861
3388491,0.07946
3388492,0.06575
3388493,0.04187
3388494,0.02484
3388495,0.024140000000000002
3388496,0.02444
3388497,0.02564
3388498,0.02406
3388499,0.01688
3388500,0.02217
3388501,0.03767
3388502,0.05307
3388514,0.11236
3388542,0.09884
3388543,0.08323
3388582,0.02065
3388584,0.03466
3388585,0.03557
3388628,0.01668
3388629,0.01737
3388630,0.02101
3388631,0.01139
3388632,0.00937
3391936,0.07578
3391937,0.05944
3391938,0.07704
3391939,0.09957
3391940,0.11784
3391941,0.11615
3391948,0.12387
3391949,0.07643
3391997,0.09955
3391998,0.09567
3391999,0.0966
3392004,0.05008
3392005,0.006
3392006,0
3392007,0.02297
3392008,0.06029
3392009,0.07151
3392010,0.05852
3392011,0.05077
3392012,0.05139
3392013,0.05348
3392014,0.06256
3392015,0.06704
3392016,0.05937
3392017,0.02306
3392018,0
3392019,0
3392020,0
3392021,0.02058
3392022,0.02531
3392023,0.02331
3392024,0.02916
3392025,0.03939
3392026,0.03711
3392027,0.03798
3392028,0.03546
3392029,0.03895
3392030,0.05327
3392031,0.06494
3392032,0.07734
3392033,0.08307
3392034,0.09635
3392035,0.09568
3392036,0.08575
3392037,0.09165
3392038,0.11383
3392039,0.11883
3392040,0.13472
3392041,0.13746
3392106,0.12556
3392107,0.10855
3392108,0.08316
3392109,0.06729
3392110,0.04821
3392111,0.02869
3392112,0.02731
3392113,0.02842
3392114,0.0241
3392115,0.02176
3392116,0.01256
3392117,0.0145
3392118,0.02667
3392119,0.04351
3392130,0.09155
3392131,0.09659
3392160,0.05152
3392200,0.01974
3392201,0.02293
3392202,0.03487
3395555,0.06974
3395556,0.09084
3395558,0.13069
3395559,0.11808
3395566,0.0863
3395567,0.07464
3395604,0
3395613,0.14139
3395614,0.11315
3395615,0.10184
3395616,0.10004
3395624,0
3395625,0.04176
3395626,0.06349
3395627,0.05601
3395628,0.04789
3395629,0.04733
3395630,0.05343
3395631,0.06104
3395632,0.06307
3395633,0.05866
3395634,0.01148
3395636,0
3395637,0
3395638,0.02689
3395639,0.0292
3395640,0.02183
3395641,0.02346
3395642,0.03061
3395643,0.02992
3395644,0.03014
3395645,0.03009
3395646,0.03672
3395647,0.05208
3395648,0.05574
3395649,0.05708
3395650,0.06879
3395651,0.08503
3395652,0.09811
3395653,0.09043
3395654,0.09065
3395655,0.10827
3395656,0.12024
3395657,0.12652
3395658,0.12442
3395721,0.10835
3395723,0.12587
3395724,0.10736
3395725,0.07958
3395726,0.06197
3395727,0.04614
3395728,0.03317
3395729,0.03379
3395730,0.03653
3395731,0.0297
3395732,0.02456
3395733,0.02297
3395734,0.02488
3395735,0.02815
3395736,0.03736
3395737,0.06102
3395745,0.12598
3395746,0.10067
3395747,0.07477
3395777,0.03628
3395778,0.0671
3395817,0.02301
3395818,0.02212
3399172,0.06684
3399173,0.07827
3399175,0.14193
3399176,0.12415
3399183,0.11164
3399184,0.1185
3399185,0.12118
3399231,0.1318
3399232,0.11755
3399242,0.02792
3399243,0.06419
3399244,0.05439
3399245,0.04679
3399246,0.05065
3399247,0.05504
3399248,0.05331
3399249,0.04162
3399250,0.0312
3399254,0.00165
3399255,0.04737
3399256,0.02956
3399257,0.02489
3399258,0.02511
3399259,0.0253
3399260,0.02123
3399261,0.02126
3399262,0.01837
3399263,0.0292
3399264,0.05104
3399265,0.05539
3399266,0.0543
3399267,0.06457
3399268,0.07814
3399269,0.08953
3399270,0.08887
3399271,0.09835
3399272,0.11018
3399273,0.1155
3399274,0.12348
3399275,0.1113
3399338,0.14952
3399339,0.12793
3399340,0.12068
3399341,0.09209
3399342,0.07053
3399343,0.0564
3399344,0.039
3399345,0.03284
3399346,0.03873
3399347,0.04512
3399348,0.0342
3399349,0.0281
3399350,0.03434
3399351,0.03313
3399352,0.02931
3399353,0.03397
3399354,0.05942
3399361,0.1257
3399362,0.12068
3399363,0.09204
3399382,0.24057
3399395,0.04641
3402790,0.07443
3402793,0.13227
3402794,0.1127
3402801,0.12644
3402802,0.10815
3402803,0.06348
3402849,0.12272
3402858,0
3402859,0.01926
3402860,0.06649
3402861,0.0521
3402862,0.04869
3402863,0.05052
3402864,0.05156
3402865,0.03189
3402866,0
3402873,0.02611
3402874,0.01933
3402875,0.02982
3402876,0.02586
3402877,0.01699
3402878,0.01446
3402879,0.0129
3402880,0.02454
3402881,0.0495
3402882,0.0501
3402883,0.04877
3402884,0.06115
3402885,0.06638
3402886,0.07399
3402887,0.08317
3402888,0.09986
3402889,0.11579
3402890,0.1156
3402891,0.11721
3402892,0.08458
3402955,0.16089
3402956,0.13884
3402957,0.11614
3402958,0.08598
3402959,0.06911
3402960,0.05637
3402961,0.03845
3402962,0.03627
3402963,0.04209
3402964,0.04898
3402965,0.04001
3402966,0.03757
3402967,0.03963
3402968,0.03488
3402969,0.03528
3402970,0.03927
3402971,0.05203
3402972,0.07113
3402973,0.09556
3402978,0.12795
3402997,0.23934
3402998,0.24489
3402999,0.2483
3403000,0.2166
3403001,0.14556
3403012,0
3403013,0.01224
3403081,0.02491
3403082,0.02541
3403085,0.02376
3403086,0
3403087,0
3406407,0.06921
3406410,0.11752
3406411,0.10652
3406418,0.11729
3406419,0.09957
3406420,0.06961
3406421,0.07912
3406466,0.09836
3406467,0.09495
3406475,0
3406476,0.01788
3406477,0.06549
3406478,0.05464
3406479,0.05327
3406480,0.05778
3406481,0.05374
3406482,0
3406483,0
3406491,0.0153
3406492,0.02722
3406493,0.0281
3406494,0.02055
3406495,0.01772
3406496,0.01877
3406497,0.02636
3406498,0.04031
3406499,0.0393
3406500,0.04648
3406501,0.05658
3406502,0.06039
3406503,0.07074
3406504,0.08402
3406505,0.09652
3406506,0.10428
3406507,0.10174
3406508,0.10357
3406509,0.06914
3406510,4.2e-4
3406572,0.15549
3406573,0.14107
3406574,0.11335
3406575,0.09045
3406576,0.07017
3406577,0.05634
3406578,0.04393
3406579,0.0516
3406580,0.04727
3406581,0.04917
3406582,0.03998
3406583,0.03863
3406584,0.03748
3406585,0.03447
3406586,0.04134
3406587,0.05024
3406588,0.05145
3406589,0.0526
3406590,0.08142
3406595,0.12651
3406613,0.21783
3406614,0.25103
3406615,0.25992
3406616,0.26532
3406617,0.24895
3406618,0.18247
3406630,0
3406689,0.04989
3406690,0.05735
3406691,0.05127
3406692,0.05193
3406693,0.04873
3406694,0.04774
3406695,0.03832
3406696,0.03415
3406697,0.02788
3406698,0.02212
3406699,0.02057
3406701,0.02184
3406703,0
3406704,0
3406705,0
3406706,0.00583
3410024,0.07325
3410025,0.06179
3410026,0.05486
3410028,0.11697
3410029,0.10319
3410036,0.10068
3410037,0.09244
3410038,0.10404
3410083,0.08732
3410084,0.08045
3410085,0.07448
3410086,0.0822
3410091,0
3410092,0
3410093,0.0394
3410094,0.06519
3410095,0.05902
3410096,0.04796
3410097,0.05399
3410098,0.05238
3410100,0
3410108,0.01978
3410109,0.02644
3410110,0.03407
3410111,0.027
3410112,0.02442
3410113,0.02658
3410114,0.02571
3410115,0.02878
3410116,0.03353
3410117,0.05012
3410118,0.05585
3410119,0.06236
3410120,0.06989
3410121,0.07762
3410122,0.08151
3410123,0.09155
3410124,0.09149
3410125,0.0967
3410126,0.0651
3410130,0
3410142,0
3410186,0
3410189,0.14695
3410190,0.13665
3410191,0.11063
3410192,0.08973
3410193,0.07196
3410194,0.06213
3410195,0.05203
3410196,0.05997
3410197,0.0535
3410198,0.04895
3410199,0.039
3410200,0.03773
3410201,0.03373
3410202,0.03588
3410203,0.04841
3410204,0.05577
3410205,0.05303
3410206,0.05563
3410207,0.07369
3410208,0.09799
3410212,0.11383
3410213,0.09905
3410229,0.23438
3410230,0.23479
3410231,0.26463
3410232,0.27634
3410233,0.28254
3410234,0.27096
3410235,0.27568
3410247,0
3410248,0
3410304,0.0276
3410305,0.02443
3410306,0.03168
3410316,0.01332
3410317,0.0171
3410318,0.02552
3410323,0.0132
3410324,0.0245
3410329,0.00943
3413642,0.06241
3413643,0.05245
3413646,0.10773
3413647,0.10578
3413654,0.09615
3413655,0.10166
3413701,0.10066
3413702,0.09808
3413703,0.09429
3413704,0.08823
3413708,0
3413711,0.05685
3413712,0.05339
3413713,0.04275
3413714,0.04542
3413715,0.02838
3413716,0
3413717,0
3413724,0
3413725,0.02206
3413726,0.02813
3413727,0.03294
3413728,0.02608
3413729,0.02537
3413730,0.02439
3413731,0.01875
3413732,0.02151
3413733,0.02484
3413734,0.03865
3413735,0.04834
3413736,0.05682
3413737,0.06491
3413738,0.0688
3413739,0.06937
3413740,0.07628
3413741,0.08243
3413742,0.09088
3413743,0.05597
3413746,0
3413747,0
3413755,0
3413756,0
3413759,0
3413772,0
3413803,0
3413805,0.14053
3413806,0.15472
3413807,0.13727
3413808,0.1104
3413809,0.08824
3413810,0.07997
3413811,0.07032
3413812,0.06309
3413813,0.06334
3413814,0.05578
3413815,0.05001
3413816,0.04222
3413817,0.04132
3413818,0.03829
3413819,0.03665
3413820,0.04867
3413821,0.05388
3413822,0.04966
3413823,0.0618
3413824,0.0714
3413825,0.09121
3413830,0.09238
3413845,0.19303
3413846,0.24524
3413847,0.24502
3413848,0.25604
3413849,0.26773
3413850,0.27954
3413851,0.27744
3413852,0.28327
3413865,0
3413920,0.00215
3413922,0
3413941,0.01676
3413942,0
3413943,0
3413944,0
3413945,0
3413946,0
3417260,0.05676
3417264,0.10039
3417271,0.096560000000000007
3417272,0.09112
3417273,0.08714
3417320,0.10465
3417321,0.09091
3417322,0.08016
3417323,0.06347
3417326,0.03701
3417327,0.05691
3417328,0.05976
3417329,0.04948
3417330,0.04207
3417331,0.04286
3417332,0.03309
3417333,0
3417341,0
3417342,0.01823
3417343,0.02541
3417344,0.0247
3417345,0.02274
3417346,0.02882
3417347,0.02514
3417348,0.01649
3417349,0.01858
3417350,0.01559
3417351,0.02634
3417352,0.03993
3417353,0.04376
3417354,0.05098
3417355,0.05614
3417356,0.06271
3417357,0.07362
3417358,0.08108
3417359,0.0872
3417360,0.0671
3417361,0.01224
3417362,0
3417363,0
3417364,0.03838
3417365,0.04891
3417370,0.02369
3417371,0
3417372,0
3417373,0
3417374,0
3417375,0
3417376,0
3417389,0
3417421,0.02183
3417422,0.12766
3417423,0.15114
3417424,0.13454
3417425,0.11455
3417426,0.08783
3417427,0.0843
3417428,0.07462
3417429,0.0659
3417430,0.06252
3417431,0.05657
3417432,0.05248
3417433,0.04852
3417434,0.04957
3417435,0.04175
3417436,0.04235
3417437,0.05333
3417438,0.05878
3417439,0.05357
3417440,0.06136
3417441,0.06724
3417442,0.08572
3417443,0.10841
3417446,0.10284
3417447,0.10903
3417461,0.07541
3417462,0.21155
3417463,0.24692
3417464,0.24481
3417465,0.24467
3417466,0.24923
3417467,0.25766
3417468,0.26225
3417469,0.27275
3417482,0
3417483,0
3417484,0
3417485,0.03496
3417520,0.03399
3417521,0.02562
3417522,0.01865
3417523,0
3417524,0
3417525,0
3417526,0
3417527,0
3417528,0
3417537,0
3417539,0
3417564,0
3420877,0.05963
3420878,0.06671
3420881,0.08734
3420889,0.10998
3420890,0.11451
3420937,0.09303
3420938,0.09133
3420939,0.08135
3420940,0.06797
3420941,0.06702
3420942,0.0565
3420943,0.056710000000000003
3420944,0.06592
3420945,0.07338
3420946,0.05888
3420947,0.04594
3420948,0.0462
3420949,0.03486
3420950,0
3420951,0
3420958,0.03202
3420959,0.02838
3420960,0.03178
3420961,0.03167
3420962,0.03075
3420963,0.03407
3420964,0.02381
3420965,0.01471
3420966,0.01833
3420967,0.02268
3420968,0.02455
3420969,0.03666
3420970,0.04269
3420971,0.05291
3420972,0.05134
3420973,0.05142
3420974,0.06184
3420975,0.07778
3420976,0.08981
3420977,0.0834
3420978,0.06597
3420979,0.05437
3420980,0.075
3420981,0.08205
3420982,0.07465
3420983,0.05735
3420984,0.07089
3420985,0.07209
3420986,0.08378
3420987,0.07163
3420988,0.07008
3420989,0.06981
3420990,0.06994
3420991,0.0729
3420992,0.0854
3420993,0.07602
3421005,0
3421006,0.00474
3421007,0.04295
3421039,0.14938
3421040,0.14539
3421041,0.12616
3421042,0.10794
3421043,0.08749
3421044,0.08501
3421045,0.07139
3421046,0.06082
3421047,0.05584
3421048,0.05769
3421049,0.05747
3421050,0.05233
3421051,0.04456
3421052,0.04113
3421053,0.05338
3421054,0.05967
3421055,0.06013
3421056,0.05887
3421057,0.0617
3421058,0.07875
3421059,0.09318
3421060,0.11336
3421063,0.10703
3421079,0.23466
3421080,0.246
3421081,0.24527
3421082,0.24293
3421083,0.23627
3421084,0.24329
3421085,0.25097
3421086,0.27253
3421100,0
3421101,0
3421102,0.03
3421135,0.02938
3421136,0.03448
3421137,0.03866
3421138,0.0277
3421145,0
3421146,0
3421147,0
3421152,0
3421153,0
3421154,0
3421155,0
3421157,0
3421182,0
3424495,0.05956
3424497,0.06949
3424498,0.07269
3424499,0.09072
3424506,0.11922
3424507,0.11784
3424508,0.14768
3424554,0.09446
3424555,0.09309
3424556,0.09498
3424557,0.08171
3424558,0.0707
3424559,0.06386
3424560,0.06226
3424561,0.06276
3424562,0.07133
3424563,0.06619
3424564,0.05232
3424565,0.05358
3424566,0.03651
3424567,0
3424568,0
3424570,0
3424571,0.03718
3424572,0.04746
3424574,0.0488
3424575,0.04579
3424576,0.03578
3424577,0.0355
3424578,0.03783
3424579,0.03392
3424580,0.03407
3424581,0.02739
3424582,0.01599
3424583,0.02081
3424584,0.02216
3424585,0.02426
3424586,0.03667
3424587,0.04132
3424588,0.04006
3424589,0.04022
3424590,0.04123
3424591,0.05166
3424592,0.07916
3424593,0.07652
3424594,0.07154
3424595,0.0759
3424596,0.07647
3424597,0.07922
3424598,0.09476
3424599,0.09067
3424600,0.08028
3424601,0.09283
3424602,0.1197
3424603,0.11299
3424604,0.08909
3424605,0.08668
3424606,0.08326
3424607,0.09411
3424608,0.1132
3424609,0.11152
3424610,0.11769
3424623,0.08809
3424624,0.06734
3424625,0
3424627,0
3424628,0
3424655,0.09216
3424656,0.15231
3424657,0.14464
3424658,0.12537
3424659,0.10617
3424660,0.09693
3424661,0.08783
3424662,0.07558
3424663,0.06075
3424664,0.06238
3424665,0.06652
3424666,0.06051
3424667,0.05454
3424668,0.04401
3424669,0.0432
3424670,0.0536
3424671,0.06051
3424672,0.06182
3424673,0.0706
3424674,0.07329
3424675,0.08548
3424676,0.09373
3424680,0.10005
3424697,0.19649
3424698,0.21058
3424702,0.24306
3424703,0.2586
3424717,0
3424718,0
3424719,0.02095
3424752,0.00945
3424764,0
3424767,0
3424768,0
3424769,0
3424771,0
3424774,0
3424799,0
3424800,0
3424801,0
3428112,0.06786
3428113,0.05714
3428114,0.05743
3428116,0.0735
3428123,0.10884
3428124,0.11151
3428125,0.12421
3428170,0.05998
3428171,0.0877
3428172,0.09378
3428173,0.09185
3428174,0.08034
3428175,0.08426
3428176,0.07752
3428177,0.06853
3428178,0.06566
3428179,0.06798
3428180,0.06706
3428181,0.06595
3428182,0.0597
3428183,0.04587
3428184,0.00938
3428185,0
3428186,0
3428187,0.00462
3428188,0.0372
3428189,0.05111
3428190,0.05441
3428191,0.05446
3428192,0.05498
3428193,0.05082
3428194,0.04661
3428195,0.03827
3428196,0.03549
3428197,0.04136
3428198,0.03622
3428199,0.02671
3428200,0.02529
3428201,0.02932
3428202,0.03201
3428203,0.03621
3428204,0.04072
3428205,0.03835
3428206,0.04075
3428207,0.04366
3428208,0.05119
3428209,0.06721
3428210,0.06872
3428211,0.07274
3428212,0.0743
3428213,0.06972
3428214,0.08244
3428215,0.09578
3428216,0.09686
3428217,0.10344
3428218,0.11864
3428219,0.13235
3428220,0.11886
3428221,0.09136
3428222,0.08297
3428223,0.07685
3428224,0.09559
3428225,0.11014
3428226,0.10801
3428227,0.11967
3428238,0.02636
3428239,0.03106
3428240,0.09649
3428241,0.08428
3428242,0.02426
3428243,0
3428244,0
3428245,0
3428271,0
3428273,0.15291
3428274,0.14637
3428275,0.13074
3428276,0.11873
3428277,0.10692
3428278,0.09841
3428279,0.08904
3428280,0.06965
3428281,0.07202
3428282,0.07121
3428283,0.05936
3428284,0.05139
3428285,0.05152
3428286,0.04592
3428287,0.05537
3428288,0.06305
3428289,0.05935
3428290,0.07048
3428291,0.07361
3428292,0.08234
3428293,0.09233
3428297,0.11127
3428298,0.10738
3428314,0.1111
3428315,0.16739
3428319,0.24725
3428333,5.2e-4
3428334,0
3428335,0.00872
3428336,0.02391
3428369,0
3428381,0
3428382,0
3428384,0
3428386,0
3428387,0
3428388,0
3428391,0
3428392,0
3428398,0
3428399,0
3428417,0
3428418,0
3431730,0.05921
3431731,0.05964
3431732,0.06202
3431733,0.07981
3431734,0.0869
3431741,0.10058
3431742,0.09965
3431743,0.08725
3431744,0.072
3431786,0.12552
3431787,0.09923
3431788,0.10176
3431789,0.11015
3431790,0.10254
3431791,0.07906
3431792,0.08323
3431793,0.07585
3431794,0.06978
3431795,0.06638
3431796,0.06882
3431797,0.06807
3431798,0.06599
3431799,0.06313
3431800,0.0601
3431801,0.05409
3431802,0.03281
3431803,0.0289
3431804,0.04524
3431805,0.05224
3431806,0.05559
3431807,0.0556
3431808,0.05112
3431809,0.05787
3431810,0.05835
3431811,0.04839
3431812,0.04315
3431813,0.03581
3431814,0.03463
3431815,0.02914
3431816,0.03176
3431817,0.03399
3431818,0.03304
3431819,0.03558
3431820,0.03989
3431821,0.04851
3431822,0.05199
3431823,0.05396
3431824,0.04385
3431825,0.04028
3431826,0.0551
3431827,0.06359
3431828,0.07561
3431829,0.07373
3431830,0.08007
3431831,0.09329
3431832,0.09577
3431833,0.09445
3431834,0.10539
3431835,0.1081
3431836,0.11553
3431837,0.10571
3431838,0.09926
3431839,0.09426
3431840,0.09638
3431841,0.09579
3431842,0.1141
3431843,0.10519
3431844,0.10942
3431848,0.07113
3431849,0.06909
3431850,0.08402
3431854,0.09533
3431855,0.08464
3431856,0.07607
3431857,0.10174
3431858,0.1175
3431859,0.08085
3431860,0.06099
3431861,0.0565
3431862,0.06875
3431867,0
3431869,0
3431887,0
3431889,0.15589
3431890,0.17227
3431891,0.15227
3431892,0.13277
3431893,0.12631
3431894,0.11428
3431895,0.10186
3431896,0.08947
3431897,0.08005
3431898,0.07816
3431899,0.06611
3431900,0.05587
3431901,0.05593
3431902,0.05646
3431903,0.05427
3431904,0.05706
3431905,0.06489
3431906,0.06871
3431907,0.07532
3431908,0.08023
3431909,0.07652
3431910,0.0895
3431914,0.11646
3431931,0.03519
3431935,0.24738
3431950,0.04933
3431951,0.04153
3431952,0.04194
3431953,0.02724
3431954,0.01752
3431955,0.01294
3431956,0.00824
3431986,0
3431999,0
3432000,0
3432001,0
3432002,0
3432004,0
3432005,0
3432007,0
3432008,0
3432010,0
3432014,0
3432015,0
3432016,0
3432017,0
3432022,0
3432023,0
3432024,0
3432025,0
3432026,0
3432034,0
3432035,0
3435347,0.06395
3435348,0.0698
3435349,0.07315
3435350,0.07276
3435351,0.09111
3435352,0.08864
3435358,0.08494
3435359,0.09105
3435360,0.08248
3435361,0.08124
3435362,0.09453
3435403,0.14493
3435404,0.13632
3435405,0.1271
3435406,0.11319
3435407,0.09063
3435408,0.08802
3435409,0.08832
3435410,0.08465
3435411,0.0753
3435412,0.06637
3435413,0.06271
3435414,0.06304
3435415,0.06266
3435416,0.06336
3435417,0.06447
3435418,0.0621
3435419,0.0502
3435420,0.04277
3435421,0.04115
3435422,0.04552
3435423,0.05343
3435424,0.05603
3435425,0.05589
3435426,0.059
3435427,0.04943
3435428,0.04884
3435429,0.05445
3435430,0.04102
3435431,0.03155
3435432,0.03096
3435433,0.02576
3435434,0.02659
3435435,0.0237
3435436,0.02879
3435437,0.03451
3435438,0.03507
3435439,0.03668
3435440,0.045469999999999997
3435441,0.04505
3435442,0.04578
3435443,0.05162
3435444,0.05854
3435445,0.06644
3435446,0.06859
3435447,0.07835
3435448,0.08599
3435449,0.0766
3435450,0.0734
3435451,0.08035
3435452,0.09275
3435453,0.10744
3435454,0.1088
3435455,0.10602
3435456,0.11197
3435457,0.10654
3435458,0.09926
3435459,0.11379
3435460,0.10137
3435461,0.11407
3435464,0.06826
3435465,0.0816
3435466,0.10333
3435467,0.1125
3435468,0.12289
3435469,0.12969
3435470,0.12693
3435471,0.11835
3435472,0.09991
3435473,0.11196
3435474,0.11438
3435475,0.13146
3435476,0.12337
3435477,0.11549
3435478,0.09902
3435479,0.12131
3435483,0
3435484,0
3435485,0
3435486,0
3435504,0
3435508,0.15057
3435509,0.13173
3435510,0.12432
3435511,0.11077
3435512,0.096560000000000007
3435513,0.08285
3435514,0.08286
3435515,0.08231
3435516,0.06714
3435517,0.05994
3435518,0.05643
3435519,0.05802
3435520,0.0676
3435521,0.06619
3435522,0.06318
3435523,0.07019
3435524,0.07276
3435525,0.07992
3435531,0.11317
3435532,0.09654
3435548,0.02766
3435552,0.24099
3435567,0.08955
3435568,0.06194
3435569,0.04776
3435570,0.03269
3435571,0.02168
3435572,0.00504
3435573,0
3435574,0.00971
3435575,0.00581
3435603,0
3435604,0
3435617,0
3435620,0
3435622,0
3435624,0
3435626,0
3435627,0
3435630,0
3435631,0
3435635,0
3435636,0
3435637,0
3435638,0
3435640,0
3435643,0
3435652,0
3435653,0
3438966,0.0768
3438967,0.06939
3438968,0.08594
3438969,0.08391
3438976,0.09419
3438977,0.09343
3438978,0.0889
3438979,0.08807
3438980,0.06869
3439019,0.14407
3439020,0.1279
3439021,0.1204
3439022,0.11654
3439023,0.10682
3439024,0.09553
3439025,0.09642
3439026,0.09733
3439027,0.09056
3439028,0.0813
3439029,0.07245
3439030,0.06734
3439031,0.06944
3439032,0.06809
3439033,0.06603
3439034,0.06346
3439035,0.06266
3439036,0.05317
3439037,0.04784
3439038,0.04441
3439039,0.03703
3439040,0.03621
3439041,0.04813
3439042,0.04985
3439043,0.05133
3439044,0.0516
3439045,0.04963
3439046,0.04804
3439047,0.03798
3439048,0.03249
3439049,0.02662
3439050,0.01557
3439051,0.02176
3439052,0.02991
3439053,0.03362
3439054,0.0313
3439055,0.0304
3439056,0.0319
3439057,0.04294
3439058,0.04121
3439059,0.05178
3439060,0.06081
3439061,0.06293
3439062,0.06353
3439063,0.06461
3439064,0.07396
3439065,0.08263
3439066,0.08791
3439067,0.08372
3439068,0.08083
3439069,0.08666
3439070,0.09155
3439071,0.10816
3439072,0.11593
3439073,0.11322
3439074,0.10722
3439075,0.10398
3439076,0.10802
3439077,0.10506
3439078,0.09946
3439081,0.08361
3439082,0.09494
3439083,0.1057
3439084,0.1185
3439085,0.12532
3439086,0.12347
3439087,0.11549
3439088,0.10972
3439089,0.10943
3439090,0.11534
3439091,0.12241
3439092,0.13618
3439093,0.1283
3439094,0.11968
3439095,0.11566
3439096,0.12348
3439097,0.06676
3439098,0.02144
3439099,0
3439100,0.0175
3439101,0.04487
3439102,0.04381
3439103,0
3439104,0
3439105,0
3439125,0.13107
3439126,0.12257
3439127,0.10888
3439128,0.09547
3439129,0.0921
3439130,0.09336
3439131,0.08928
3439132,0.08453
3439133,0.07824
3439134,0.06801
3439135,0.05791
3439136,0.06493
3439137,0.07433
3439138,0.07391
3439149,0.09516
3439151,0.03793
3439152,0
3439153,0
3439154,0
3439155,0
3439165,0.02179
3439169,0.19748
3439184,0.09181
3439185,0.065310000000000007
3439186,0.05016
3439190,0
3439191,0.00614
3439192,0.01022
3439193,0
3439221,0
3439239,0
3439240,0
3439241,0
3439242,0
3439244,0
3439246,0
3439247,0
3439248,0
3439255,0
3439256,0
3439260,0
3439261,0
3439269,0
3439270,0
3442583,0.08106
3442584,0.0753
3442585,0.07962
3442586,0.08088
3442587,0.07735
3442594,0.08365
3442595,0.07975
3442596,0.07468
3442597,0.06927
3442598,0.05257
3442636,0.12161
3442637,0.10468
3442638,0.11023
3442639,0.11428
3442640,0.10857
3442641,0.10135
3442642,0.09929
3442643,0.09381
3442644,0.09496
3442645,0.09012
3442646,0.07966
3442647,0.06924
3442648,0.07068
3442649,0.06903
3442650,0.06956
3442651,0.06366
3442652,0.06037
3442653,0.0613
3442654,0.05389
3442655,0.04836
3442656,0.04526
3442657,0.04198
3442658,0.04353
3442659,0.04982
3442660,0.05615
3442661,0.05635
3442662,0.05012
3442663,0.05007
3442664,0.05088
3442665,0.04716
3442666,0.02712
3442667,0.00979
3442668,0.02629
3442669,0.03801
3442670,0.04498
3442671,0.03818
3442672,0.02811
3442673,0.03115
3442674,0.04179
3442675,0.04552
3442676,0.06278
3442677,0.06795
3442678,0.06337
3442679,0.06327
3442680,0.0668
3442681,0.07349
3442682,0.08074
3442683,0.08509
3442684,0.08697
3442685,0.08413
3442686,0.08649
3442687,0.08752
3442688,0.10151
3442689,0.10704
3442690,0.09652
3442691,0.10113
3442692,0.1091
3442693,0.11058
3442694,0.10821
3442695,0.08696
3442696,0.0809
3442697,0.08736
3442698,0.09103
3442699,0.0999
3442700,0.10275
3442701,0.11125
3442702,0.10956
3442703,0.11384
3442704,0.10807
3442705,0.09792
3442706,0.10032
3442707,0.10866
3442708,0.12537
3442709,0.12247
3442710,0.10933
3442711,0.10542
3442712,0.12277
3442713,0.13973
3442714,0.11882
3442715,0.10456
3442716,0.09726
3442717,0.10157
3442718,0.10701
3442719,0.10914
3442720,0.05679
3442721,0.03657
3442722,0.04024
3442723,0.0889
3442742,0.12293
3442743,0.11596
3442744,0.10108
3442745,0.09182
3442746,0.09352
3442747,0.09431
3442748,0.08843
3442749,0.0899
3442750,0.08524
3442751,0.07282
3442752,0.06304
3442753,0.06308
3442754,0.06528
3442766,0.09445
3442767,0.07543
3442768,0.06132
3442772,0
3442782,0.03661
3442786,0.17791
3442800,0.03489
3442801,0.06906
3442802,0.06409
3442807,0.00667
3442810,0.0039
3442839,0
3442850,0
3442856,0
3442857,0
3442861,0
3442863,0
3442865,0
3442866,0
3442878,0
3442879,0
3442880,0
3442887,0
3442888,0
3446200,0.07767
3446201,0.07376
3446202,0.07109
3446203,0.07595
3446204,0.06837
3446211,0.08466
3446212,0.08137
3446213,0.08004
3446214,0.06817
3446215,0.05321
3446216,0.0074400000000000004
3446253,0.1067
3446254,0.09718
3446255,0.11534
3446256,0.12112
3446257,0.10852
3446258,0.10313
3446259,0.09521
3446260,0.09382
3446261,0.10209
3446262,0.09448
3446263,0.08353
3446264,0.07138
3446265,0.07046
3446266,0.07051
3446267,0.0792
3446268,0.07679
3446269,0.06204
3446270,0.06138
3446271,0.05372
3446272,0.04778
3446273,0.04462
3446274,0.04676
3446275,0.04277
3446276,0.05033
3446277,0.05161
3446278,0.04868
3446279,0.05273
3446280,0.0475
3446281,0.04787
3446282,0.04385
3446283,0.03304
3446284,0.01881
3446285,0.03089
3446286,0.03883
3446287,0.03739
3446288,0.03856
3446289,0.0288
3446290,0.03019
3446291,0.03451
3446292,0.04327
3446293,0.06392
3446294,0.06381
3446295,0.0546
3446296,0.05885
3446297,0.05956
3446298,0.06047
3446299,0.06409
3446300,0.07878
3446301,0.08116
3446302,0.08258
3446303,0.08423
3446304,0.0887
3446305,0.09973
3446306,0.09629
3446307,0.09568
3446308,0.10311
3446309,0.10765
3446310,0.10314
3446311,0.10371
3446312,0.08829
3446313,0.08303
3446314,0.09349
3446315,0.09864
3446316,0.09496
3446317,0.09523
3446318,0.09543
3446319,0.09711
3446320,0.09552
3446321,0.09562
3446322,0.09683
3446323,0.0986
3446324,0.09962
3446325,0.12308
3446326,0.11726
3446327,0.09512
3446328,0.08976
3446329,0.10346
3446330,0.12265
3446331,0.13004
3446332,0.12223
3446333,0.12472
3446334,0.11994
3446335,0.12388
3446336,0.12909
3446337,0.1056
3446338,0.10651
3446339,0.1002
3446340,0.11447
3446353,0.08552
3446354,0.05195
3446358,0.13999
3446359,0.11778
3446360,0.11304
3446361,0.10627
3446362,0.09598
3446363,0.09102
3446364,0.09019
3446365,0.08809
3446366,0.09967
3446367,0.08444
3446368,0.07067
3446369,0.06543
3446370,0.0615
3446388,0.07611
3446399,0.08925
3446403,0.17821
3446404,0.11009
3446418,0.04961
3446419,0.04538
3446425,0.00953
3446426,0.00917
3446456,0
3446457,0
3446466,0
3446467,0
3446473,0
3446476,0
3446478,0
3446479,0
3446480,0
3446481,0
3446483,0
3446497,0
3446498,0
3446503,0
3446504,0
3446505,0
3449817,0.07063
3449818,0.06817
3449819,0.05729
3449820,0.06792
3449828,0.08465
3449829,0.08817
3449830,0.08263
3449831,0.07138
3449832,0.05884
3449833,0.0084
3449870,0.10091
3449871,0.06922
3449872,0.10429
3449873,0.12349
3449874,0.11829
3449875,0.11689
3449876,0.10683
3449877,0.09827
3449878,0.10321
3449879,0.10232
3449880,0.0918
3449881,0.0738
3449882,0.0712
3449883,0.07076
3449884,0.08282
3449885,0.08711
3449886,0.07717
3449887,0.07111
3449888,0.05884
3449889,0.0557
3449890,0.05323
3449891,0.045469999999999997
3449892,0.04748
3449893,0.05394
3449894,0.05265
3449895,0.05448
3449896,0.06334
3449897,0.04853
3449898,0.0438
3449899,0.03944
3449900,0.03195
3449901,0.02869
3449902,0.0339
3449903,0.03015
3449904,0.02862
3449905,0.0322
3449906,0.03713
3449907,0.02991
3449908,0.03324
3449909,0.04481
3449910,0.0636
3449911,0.05914
3449912,0.04841
3449913,0.05055
3449914,0.04897
3449915,0.05309
3449916,0.05965
3449917,0.0676
3449918,0.07858
3449919,0.08264
3449920,0.08546
3449921,0.08911
3449922,0.09161
3449923,0.09765
3449924,0.09994
3449925,0.10587
3449926,0.09981
3449927,0.08716
3449928,0.0839
3449929,0.08611
3449930,0.08681
3449931,0.08772
3449932,0.08982
3449933,0.087
3449934,0.08509
3449935,0.09158
3449936,0.0879
3449937,0.08855
3449938,0.09199
3449939,0.09795
3449940,0.09877
3449941,0.10653
3449942,0.10799
3449943,0.10456
3449944,0.0895
3449945,0.08267
3449946,0.0845
3449947,0.10035
3449948,0.11656999999999999
3449949,0.11297
3449950,0.123
3449951,0.1304
3449952,0.13854
3449953,0.12268
3449954,0.11981
3449955,0.11176
3449956,0.10923
3449957,0.12039
3449968,0.05323
3449969,0.08701
3449970,0.10491
3449971,0.09916
3449975,0.13106
3449976,0.10809
3449977,0.10537
3449978,0.10333
3449979,0.1052
3449980,0.09439
3449981,0.08985
3449982,0.09175
3449983,0.09961
3449984,0.07818
3449985,0.07105
3449986,0.06166
3449987,0.06211
3450005,0.07252
3450006,0.07005
3450016,0.15437
3450021,0.10999
3450022,0.09014
3450036,0.03271
3450037,0.04334
3450074,0
3450075,0
3450076,0
3450081,0
3450082,0
3450083,0
3450084,0
3450090,0
3450092,0
3450093,0
3450094,0
3450099,0
3450100,0
3450116,0
3450117,0
3450120,0
3453435,0.06322
3453436,0.05944
3453437,0.07015
3453438,0.0657
3453446,0.09717
3453447,0.09725
3453448,0.0805
3453449,0.05767
3453450,0.01409
3453488,0.02608
3453489,0.09188
3453490,0.12015
3453491,0.11405
3453492,0.11383
3453493,0.11416
3453494,0.10406
3453495,0.10305
3453496,0.10166
3453497,0.09448
3453498,0.08391
3453499,0.07903
3453500,0.07629
3453501,0.07706
3453502,0.07934
3453503,0.07536
3453504,0.06512
3453505,0.06571
3453506,0.07088
3453507,0.06882
3453508,0.05329
3453509,0.05279
3453510,0.05781
3453511,0.06394
3453512,0.06408
3453513,0.06134
3453514,0.04364
3453515,0.04282
3453516,0.0373
3453517,0.02913
3453518,0.02711
3453519,0.02972
3453520,0.02041
3453521,0.01852
3453522,0.02525
3453523,0.03436
3453524,0.03431
3453525,0.03449
3453526,0.04429
3453527,0.06513
3453528,0.06126
3453529,0.04876
3453530,0.0549
3453531,0.05406
3453532,0.05795
3453533,0.05601
3453534,0.05991
3453535,0.06902
3453536,0.07055
3453537,0.07044
3453538,0.07663
3453539,0.08324
3453540,0.08969
3453541,0.09381
3453542,0.0988
3453543,0.08912
3453544,0.0782
3453545,0.08426
3453546,0.08123
3453547,0.0746
3453548,0.0717
3453549,0.07791
3453550,0.08063
3453551,0.08269
3453552,0.08283
3453553,0.07696
3453554,0.07982
3453555,0.08718
3453556,0.09386
3453557,0.09264
3453558,0.10349
3453559,0.09602
3453560,0.09224
3453561,0.09146
3453562,0.08212
3453563,0.08078
3453564,0.0888
3453565,0.09563
3453566,0.09237
3453567,0.10432
3453568,0.11293
3453569,0.12204
3453570,0.11653
3453571,0.11762
3453572,0.11316
3453573,0.10665
3453574,0.11321
3453583,0.09914
3453584,0.08612
3453585,0.09841
3453586,0.11154
3453587,0.12388
3453588,0.14021
3453591,0.12199
3453592,0.10885
3453593,0.09315
3453594,0.09178
3453595,0.09338
3453596,0.10203
3453597,0.09211
3453598,0.08882
3453599,0.09076
3453600,0.09451
3453601,0.08358
3453602,0.07946
3453603,0.06936
3453623,0.08887
3453632,0.15657
3453633,0.18322
3453638,0.15961
3453639,0.14573
3453640,0.16332
3453654,0.05413
3453655,0.04938
3453656,0.02989
3453657,0.02074
3453693,0
3453694,0
3453695,0
3453696,0
3453697,0
3453698,0
3453699,0
3453701,0
3453707,0
3453708,0
3453709,0
3453710,0
3453734,0
3453735,0
3453737,0
3453738,0
3453739,0
3457053,0.06182
3457054,0.06222
3457055,0.0674
3457056,0.06441
3457065,0.0855
3457066,0.06197
3457067,0.02763
3457105,0.04637
3457106,0.10417
3457107,0.11979
3457108,0.11438
3457109,0.11062
3457110,0.11353
3457111,0.10004
3457112,0.09592
3457113,0.09501
3457114,0.09255
3457115,0.09026
3457116,0.08407
3457117,0.07577
3457118,0.06823
3457119,0.0694
3457120,0.07005
3457121,0.0645
3457122,0.06847
3457123,0.07285
3457124,0.07192
3457125,0.06237
3457126,0.05718
3457127,0.05631
3457128,0.06073
3457129,0.05456
3457130,0.05022
3457131,0.04425
3457132,0.03677
3457133,0.0334
3457134,0.03641
3457135,0.02788
3457136,0.02685
3457137,0.02676
3457138,0.02381
3457139,0.02299
3457140,0.02834
3457141,0.03436
3457142,0.03204
3457143,0.04301
3457144,0.05414
3457145,0.05221
3457146,0.04844
3457147,0.05991
3457148,0.06268
3457149,0.0631
3457150,0.05618
3457151,0.05595
3457152,0.06135
3457153,0.06514
3457154,0.06454
3457155,0.06965
3457156,0.07537
3457157,0.07903
3457158,0.07886
3457159,0.07824
3457160,0.07231
3457161,0.07314
3457162,0.07626
3457163,0.07007
3457164,0.06212
3457165,0.06914
3457166,0.07412
3457167,0.07138
3457168,0.07643
3457169,0.07909
3457170,0.08151
3457171,0.07728
3457172,0.08054
3457173,0.08421
3457174,0.09354
3457175,0.09828
3457176,0.08728
3457177,0.08424
3457178,0.07887
3457179,0.07265
3457180,0.0756
3457181,0.07321
3457182,0.0853
3457183,0.09226
3457184,0.09248
3457185,0.09747
3457186,0.10768
3457187,0.10937
3457188,0.11407
3457189,0.11821
3457190,0.11027
3457191,0.1097
3457198,0.05587
3457199,0.10815
3457200,0.11085
3457201,0.11578
3457202,0.11762
3457203,0.1237
3457204,0.12665
3457205,0.14467
3457208,0.09765
3457209,0.09813
3457210,0.08523
3457211,0.08351
3457212,0.09044
3457213,0.09394
3457214,0.0896
3457215,0.08764
3457216,0.09154
3457217,0.08897
3457218,0.08942
3457219,0.08726
3457220,0.08211
3457240,0.10272
3457249,0.17976
3457255,0.17475
3457256,0.17488
3457257,0.18174
3457258,0.19206
3457272,0.00553
3457273,0
3457274,0
3457275,0
3457276,0
3457277,0
3457278,0
3457312,0
3457313,0
3457316,0
3457317,0
3457318,0
3457353,0
3457354,0
3457355,0
3457356,0
3457357,0
3457358,0
3457359,0
3457360,0
3460670,0.06977
3460671,0.05809
3460672,0.06082
3460673,0.06509
3460674,0.06664
3460682,0.07719
3460683,0.06164
3460684,0.04498
3460685,0.05346
3460721,0.05287
3460722,0.09251
3460723,0.11705
3460724,0.12274
3460725,0.12179
3460726,0.11594
3460727,0.11289
3460728,0.10517
3460729,0.09865
3460730,0.09098
3460731,0.08929
3460732,0.09371
3460733,0.08626
3460734,0.07507
3460735,0.0663
3460736,0.06566
3460737,0.07737
3460738,0.0802
3460739,0.07951
3460740,0.07527
3460741,0.07678
3460742,0.0732
3460743,0.05786
3460744,0.04632
3460745,0.04484
3460746,0.04598
3460747,0.04533
3460748,0.03919
3460749,0.03635
3460750,0.03155
3460751,0.03081
3460752,0.02632
3460753,0.02839
3460754,0.0335
3460755,0.03043
3460756,0.02971
3460757,0.03267
3460758,0.03694
3460759,0.03303
3460760,0.03813
3460761,0.04803
3460762,0.04778
3460763,0.04991
3460764,0.06034
3460765,0.06703
3460766,0.06489
3460767,0.06257
3460768,0.06426
3460769,0.05971
3460770,0.05818
3460771,0.05963
3460772,0.06867
3460773,0.07157
3460774,0.07303
3460775,0.07297
3460776,0.07002
3460777,0.06477
3460778,0.07366
3460779,0.07076
3460780,0.06411
3460781,0.05483
3460782,0.06258
3460783,0.07144
3460784,0.07009
3460785,0.06993
3460786,0.07309
3460787,0.07739
3460788,0.08216
3460789,0.08502
3460790,0.08507
3460791,0.08286
3460792,0.07807
3460793,0.08078
3460794,0.08372
3460795,0.07579
3460796,0.07241
3460797,0.07398
3460798,0.06726
3460799,0.07701
3460800,0.08889
3460801,0.09138
3460802,0.09535
3460803,0.10341
3460804,0.10919
3460805,0.11249
3460806,0.11218
3460807,0.11367
3460808,0.1123
3460813,0
3460814,0.01151
3460815,0.07918
3460816,0.11237
3460817,0.11624
3460818,0.12457
3460819,0.12244
3460820,0.12686
3460821,0.11828
3460822,0.12395
3460824,0.09487
3460825,0.09922
3460826,0.09696
3460827,0.08172
3460828,0.07935
3460829,0.08883
3460830,0.0894
3460831,0.08796
3460832,0.08192
3460833,0.08784
3460834,0.08776
3460835,0.0845
3460857,0.11395
3460858,0.13667
3460866,0.1808
3460873,0.17722
3460874,0.19133
3460875,0.1855
3460876,0.17613
3460889,0
3460890,0
3460891,0
3460893,0
3460894,0
3460895,0
3460974,0
3460975,0
3460977,0
3464287,0.05858
3464288,0.05094
3464289,0.05023
3464290,0.06126
3464291,0.07176
3464299,0.06321
3464300,0.06014
3464301,0.05258
3464302,0.0663
3464303,0.0926
3464338,0.10279
3464339,0.1162
3464340,0.12686
3464341,0.12832
3464342,0.12761
3464343,0.11919
3464344,0.11308
3464345,0.11036
3464346,0.10513
3464347,0.09459
3464348,0.08946
3464349,0.09255
3464350,0.08651
3464351,0.07965
3464352,0.07351
3464353,0.07183
3464354,0.07551
3464355,0.08046
3464356,0.08547
3464357,0.07843
3464358,0.07403
3464359,0.07967
3464360,0.06918
3464361,0.05424
3464362,0.04552
3464363,0.0484
3464364,0.05106
3464365,0.03548
3464366,0.03187
3464367,0.0314
3464368,0.03354
3464369,0.03095
3464370,0.0301
3464371,0.03534
3464372,0.03331
3464373,0.03718
3464374,0.04347
3464375,0.04256
3464376,0.03533
3464377,0.03599
3464378,0.04721
3464379,0.05247
3464380,0.05463
3464381,0.06056
3464382,0.06815
3464383,0.0724
3464384,0.0664
3464385,0.06271
3464386,0.05751
3464387,0.05845
3464388,0.05449
3464389,0.05476
3464390,0.06686
3464391,0.06862
3464392,0.07097
3464393,0.07127
3464394,0.06515
3464395,0.06722
3464396,0.06352
3464397,0.05922
3464398,0.05815
3464399,0.06477
3464400,0.06994
3464401,0.06921
3464402,0.06539
3464403,0.06447
3464404,0.07086
3464405,0.07402
3464406,0.06875
3464407,0.07055
3464408,0.06402
3464409,0.05789
3464410,0.07002
3464411,0.06917
3464412,0.06874
3464413,0.06886
3464414,0.06801
3464415,0.06185
3464416,0.07045
3464417,0.07976
3464418,0.08253
3464419,0.08751
3464420,0.09719
3464421,0.10332
3464422,0.10505
3464423,0.10264
3464424,0.10943
3464428,0.09346
3464429,0.05743
3464430,0.05298
3464431,0.06407
3464432,0.09748
3464433,0.11507
3464434,0.11978
3464435,0.1156
3464436,0.11973
3464437,0.11827
3464438,0.10807
3464439,0.10475
3464440,0.09115
3464441,0.09401
3464442,0.10013
3464443,0.09862
3464444,0.08321
3464445,0.07805
3464446,0.08075
3464447,0.08345
3464448,0.08308
3464449,0.08013
3464450,0.07988
3464452,0.07912
3464474,0.12683
3464483,0.1693
3464490,0.16722
3464491,0.18322
3464492,0.17766
3464493,0.16559
3464494,0.17487
3464506,0
3464508,0
3464512,0
3464591,0
3464593,0
3464594,0
3467904,0.05666
3467905,0.04866
3467906,0.04772
3467907,0.05659
3467908,0.06246
3467916,0.0602
3467917,0.05556
3467918,0.0524
3467919,0.06095
3467920,0.076
3467921,0.07595
3467954,0.14722
3467955,0.13799
3467956,0.12542
3467957,0.12825
3467958,0.13021
3467959,0.13083
3467960,0.11844
3467961,0.11325
3467962,0.11272
3467963,0.11061
3467964,0.10259
3467965,0.09379
3467966,0.08754
3467967,0.08062
3467968,0.08022
3467969,0.07833
3467970,0.07529
3467971,0.06792
3467972,0.07149
3467973,0.07828
3467974,0.0714
3467975,0.0678
3467976,0.07405
3467977,0.06655
3467978,0.0573
3467979,0.05607
3467980,0.05522
3467981,0.05056
3467982,0.03317
3467983,0.03215
3467984,0.02984
3467985,0.03155
3467986,0.03613
3467987,0.03157
3467988,0.03254
3467989,0.03066
3467990,0.03938
3467991,0.04679
3467992,0.04386
3467993,0.04268
3467994,0.04053
3467995,0.04368
3467996,0.05752
3467997,0.05902
3467998,0.0591
3467999,0.06172
3468000,0.07375
3468001,0.06648
3468002,0.06511
3468003,0.0609
3468004,0.05663
3468005,0.04583
3468006,0.04873
3468007,0.05882
3468008,0.0619
3468009,0.06506
3468010,0.06736
3468011,0.06698
3468012,0.05829
3468013,0.05768
3468014,0.06348
3468015,0.06354
3468016,0.06326
3468017,0.0626
3468018,0.06154
3468019,0.05985
3468020,0.05842
3468021,0.06532
3468022,0.06095
3468023,0.04781
3468024,0.04738
3468025,0.0477
3468026,0.04255
3468027,0.05183
3468028,0.05948
3468029,0.06278
3468030,0.05556
3468031,0.05183
3468032,0.05689
3468033,0.06439
3468034,0.071
3468035,0.07243
3468036,0.07465
3468037,0.08171
3468038,0.08613
3468039,0.0847
3468040,0.08465
3468041,0.09572
3468043,0.10122
3468044,0.10508
3468045,0.09646
3468046,0.08907
3468047,0.09516
3468048,0.09117
3468049,0.09962
3468050,0.10771
3468051,0.10868
3468052,0.10785
3468053,0.10451
3468054,0.10577
3468055,0.09973
3468056,0.09028
3468057,0.08115
3468058,0.08909
3468059,0.09256
3468060,0.0916
3468061,0.08621
3468062,0.07995
3468063,0.08056
3468064,0.08209
3468065,0.08046
3468066,0.08414
3468067,0.07763
3468068,0.07416
3468069,0.07305
3468091,0.13827
3468092,0.13415
3468100,0.1658
3468108,0.1758
3468109,0.17721
3468110,0.15702
3468111,0.16604
3468125,0
3468128,0
3468129,0
3468208,0
3468209,0
3468210,0
3471522,0.0516
3471523,0.05723
3471524,0.05901
3471525,0.06149
3471534,0.05904
3471535,0.05711
3471536,0.05722
3471537,0.06974
3471538,0.07509
3471539,0.06522
3471571,0.16909
3471572,0.15352
3471573,0.12982
3471574,0.12902
3471575,0.13045
3471576,0.1261
3471577,0.11586
3471578,0.10927
3471579,0.10066
3471580,0.1005
3471581,0.10022
3471582,0.10031
3471583,0.08741
3471584,0.07603
3471585,0.07868
3471586,0.0767
3471587,0.07014
3471588,0.05758
3471589,0.05694
3471590,0.06515
3471591,0.06254
3471592,0.06345
3471593,0.07437
3471594,0.06125
3471595,0.0587
3471596,0.06371
3471597,0.05532
3471598,0.05291
3471599,0.04032
3471600,0.0356
3471601,0.03375
3471602,0.03132
3471603,0.03617
3471604,0.03082
3471605,0.02836
3471606,0.02933
3471607,0.04145
3471608,0.04966
3471609,0.04677
3471610,0.04851
3471611,0.04277
3471612,0.04843
3471613,0.0576
3471614,0.05458
3471615,0.05816
3471616,0.05903
3471617,0.05894
3471618,0.05233
3471619,0.06069
3471620,0.06367
3471621,0.05799
3471622,0.04776
3471623,0.04549
3471624,0.04752
3471625,0.05232
3471626,0.05517
3471627,0.05853
3471628,0.06034
3471629,0.05034
3471630,0.05733
3471631,0.05881
3471632,0.05185
3471633,0.05344
3471634,0.05743
3471635,0.05501
3471636,0.05508
3471637,0.05411
3471638,0.05769
3471639,0.05252
3471640,0.03673
3471641,0.03211
3471642,0.03056
3471643,0.02331
3471644,0.03609
3471645,0.05142
3471646,0.05397
3471647,0.04638
3471648,0.0413
3471649,0.04394
3471650,0.0516
3471651,0.05423
3471652,0.05721
3471653,0.06524
3471654,0.0679
3471655,0.06943
3471656,0.07443
3471657,0.07553
3471658,0.09003
3471659,0.09054
3471660,0.0924
3471661,0.09399
3471662,0.09567
3471663,0.09498
3471664,0.09902
3471665,0.09542
3471666,0.09484
3471667,0.10185
3471668,0.10474
3471669,0.10843
3471670,0.09934
3471671,0.09896
3471672,0.09766
3471673,0.08977
3471674,0.08001
3471675,0.08666
3471676,0.09145
3471677,0.08733
3471678,0.08456
3471679,0.07505
3471680,0.0756
3471681,0.08
3471682,0.07981
3471683,0.08577
3471684,0.08113
3471685,0.0725
3471686,0.06708
3471708,0.15467
3471717,0.1765
3471726,0.16774
3471727,0.1319
3471742,0
3471743,0
3471745,0
3471826,0
3471827,0
3475142,0.06074
3475143,0.06105
3475152,0.0594
3475153,0.06512
3475154,0.06953
3475155,0.07107
3475156,0.06901
3475157,0.09046
3475188,0.17792
3475189,0.1521
3475190,0.13456
3475191,0.12776
3475192,0.12852
3475193,0.12422
3475194,0.11281
3475195,0.1007
3475196,0.09379
3475197,0.09669
3475198,0.09697
3475199,0.10053
3475200,0.0856
3475201,0.07383
3475202,0.06798
3475203,0.06583
3475204,0.06042
3475205,0.05218
3475206,0.05081
3475207,0.05963
3475208,0.05593
3475209,0.05825
3475210,0.06664
3475211,0.06186
3475212,0.06631
3475213,0.06961
3475214,0.06328
3475215,0.05887
3475216,0.05141
3475217,0.04544
3475218,0.04488
3475219,0.04215
3475220,0.04044
3475221,0.03638
3475222,0.0303
3475223,0.03589
3475224,0.04427
3475225,0.05347
3475226,0.05321
3475227,0.0535
3475228,0.04751
3475229,0.05297
3475230,0.05895
3475231,0.05366
3475232,0.05915
3475233,0.05897
3475234,0.04897
3475235,0.04319
3475236,0.04853
3475237,0.05636
3475238,0.05917
3475239,0.05777
3475240,0.05098
3475241,0.05015
3475242,0.04815
3475243,0.04884
3475244,0.0533
3475245,0.05022
3475246,0.04267
3475247,0.04856
3475248,0.04834
3475249,0.04102
3475250,0.0475
3475251,0.04843
3475252,0.04966
3475253,0.05117
3475254,0.04754
3475255,0.04537
3475256,0.04524
3475257,0.03442
3475258,0.02723
3475259,0.02652
3475260,0.02038
3475261,0.03098
3475262,0.04313
3475263,0.04488
3475264,0.04296
3475265,0.03927
3475266,0.03968
3475267,0.04445
3475268,0.04335
3475269,0.04545
3475270,0.05333
3475271,0.05791
3475272,0.06273
3475273,0.06955
3475274,0.07446
3475275,0.08969
3475276,0.09741
3475277,0.09016
3475278,0.08901
3475279,0.09388
3475280,0.0955
3475281,0.10461
3475282,0.09528
3475283,0.09307
3475284,0.09902
3475285,0.10468
3475286,0.10411
3475287,0.09208
3475288,0.08848
3475289,0.09102
3475290,0.08873
3475291,0.08042
3475292,0.08793
3475293,0.08601
3475294,0.07819
3475295,0.07477
3475296,0.06649
3475297,0.06795
3475298,0.07284
3475299,0.07428
3475300,0.07794
3475301,0.07468
3475302,0.06736
3475303,0.06562
3475322,0.13803
3475323,0.14447
3475324,0.15823
3475325,0.17135
3475334,0.17359
3475335,0.17162
3475344,0.11195
3475359,0
3475360,0
3475361,0
3475427,0
3475445,0
3478759,0.05353
3478760,0.05751
3478761,0.04985
3478770,0.06888
3478771,0.06856
3478772,0.06995
3478773,0.07225
3478774,0.07974
3478805,0.1716
3478806,0.12508
3478807,0.12069
3478808,0.13096
3478809,0.13
3478810,0.12087
3478811,0.10977
3478812,0.10296
3478813,0.09817
3478814,0.10066
3478815,0.10008
3478816,0.0959
3478817,0.08481
3478818,0.07732
3478819,0.0699
3478820,0.06291
3478821,0.06085
3478822,0.05558
3478823,0.05392
3478824,0.06158
3478825,0.05925
3478826,0.05563
3478827,0.0583
3478828,0.06018
3478829,0.06734
3478830,0.07129
3478831,0.06838
3478832,0.06252
3478833,0.06074
3478834,0.05758
3478835,0.05178
3478836,0.04759
3478837,0.04646
3478838,0.04833
3478839,0.03952
3478840,0.04331
3478841,0.04894
3478842,0.05637
3478843,0.05468
3478844,0.05823
3478845,0.05375
3478846,0.05429
3478847,0.06136
3478848,0.05734
3478849,0.05793
3478850,0.05698
3478851,0.05408
3478852,0.04381
3478853,0.04362
3478854,0.05284
3478855,0.05822
3478856,0.05971
3478857,0.0536
3478858,0.05432
3478859,0.04775
3478860,0.04589
3478861,0.0472
3478862,0.04312
3478863,0.03989
3478864,0.04471
3478865,0.04439
3478866,0.04255
3478867,0.04651
3478868,0.04218
3478869,0.04244
3478870,0.03588
3478871,0.03043
3478872,0.03254
3478873,0.03625
3478874,0.03325
3478875,0.03443
3478876,0.03332
3478877,0.02481
3478878,0.02775
3478879,0.03556
3478880,0.03579
3478881,0.04098
3478882,0.04248
3478883,0.04706
3478884,0.04641
3478885,0.04339
3478886,0.04209
3478887,0.04319
3478888,0.05257
3478889,0.05645
3478890,0.06389
3478891,0.07078
3478892,0.08489
3478893,0.0987
3478894,0.08574
3478895,0.08036
3478896,0.08302
3478897,0.09028
3478898,0.09924
3478899,0.09155
3478900,0.09148
3478901,0.09393
3478902,0.0953
3478903,0.09102
3478904,0.07803
3478905,0.08019
3478906,0.08067
3478907,0.07893
3478908,0.07701
3478909,0.07934
3478910,0.07219
3478911,0.06496
3478912,0.06635
3478913,0.06255
3478914,0.06304
3478915,0.06181
3478916,0.0669
3478917,0.06927
3478918,0.06341
3478919,0.06213
3478939,0.12553
3478940,0.14846
3478941,0.15395
3478942,0.16522
3478951,0.15522
3478952,0.15708
3478961,0.11107
3478974,0
3478976,0
3478978,0
3479062,0
3479063,0
3479064,0
3482377,0.05058
3482378,0.04807
3482387,0.0668
3482388,0.05822
3482389,0.06483
3482390,0.06805
3482391,0.06192
3482392,0.07272
3482423,0.0686
3482424,0.10076
3482425,0.13005
3482426,0.12821
3482427,0.12356
3482428,0.11365
3482429,0.11258
3482430,0.10643
3482431,0.09971
3482432,0.094
3482433,0.08483
3482434,0.07953
3482435,0.07403
3482436,0.07091
3482437,0.06505
3482438,0.062
3482439,0.06166
3482440,0.06505
3482441,0.07033
3482442,0.06621
3482443,0.05957
3482444,0.06216
3482445,0.06344
3482446,0.06691
3482447,0.07019
3482448,0.06752
3482449,0.0683
3482450,0.06976
3482451,0.06518
3482452,0.05861
3482453,0.05497
3482454,0.05394
3482455,0.05563
3482456,0.04736
3482457,0.04514
3482458,0.04897
3482459,0.04804
3482460,0.04928
3482461,0.05791
3482462,0.05443
3482463,0.05627
3482464,0.0608
3482465,0.05486
3482466,0.05097
3482467,0.04942
3482468,0.0535
3482469,0.04815
3482470,0.04389
3482471,0.04767
3482472,0.04834
3482473,0.04935
3482474,0.05271
3482475,0.05814
3482476,0.04725
3482477,0.04367
3482478,0.04297
3482479,0.04204
3482480,0.04253
3482481,0.04405
3482482,0.03874
3482483,0.04126
3482484,0.04548
3482485,0.03742
3482486,0.03508
3482487,0.028
3482488,0.02697
3482489,0.02969
3482490,0.03128
3482491,0.03201
3482492,0.03988
3482493,0.03455
3482494,0.02644
3482495,0.02928
3482496,0.03304
3482497,0.03033
3482498,0.03513
3482499,0.03955
3482500,0.04401
3482501,0.0512
3482502,0.04688
3482503,0.03717
3482504,0.03874
3482505,0.05006
3482506,0.05346
3482507,0.06218
3482508,0.06886
3482509,0.07889
3482510,0.08178
3482511,0.07517
3482512,0.07403
3482513,0.07653
3482514,0.09021
3482515,0.09463
3482516,0.0906
3482517,0.08312
3482518,0.08286
3482519,0.08244
3482520,0.07724
3482521,0.07056
3482522,0.06908
3482523,0.06543
3482524,0.06418
3482525,0.06853
3482526,0.06107
3482527,0.0569
3482528,0.05406
3482529,0.06209
3482530,0.06012
3482531,0.05716
3482532,0.05689
3482533,0.05999
3482534,0.06108
3482535,0.0576
3482536,0.06411
3482556,0.11631
3482557,0.14642
3482558,0.15924
3482559,0.16845
3482568,0.11209
3482569,0.13686
3482578,0.11377
3482586,0.00449
3482587,0
3482588,0.02149
3482589,0.06796
3482590,0.04036
3482592,0
3482595,0
3482596,0
3482661,0
3482662,0
3482663,0
3482664,0
3482679,0
3482681,0
3486005,0.05376
3486006,0.05685
3486007,0.05672
3486008,0.04825
3486009,0.04632
3486010,0.03592
3486011,0.03945
3486040,0.03686
3486041,0.10236
3486042,0.12592
3486043,0.12306
3486044,0.12241
3486045,0.12045
3486046,0.11889
3486047,0.10693
3486048,0.09438
3486049,0.08232
3486050,0.07307
3486051,0.07165
3486052,0.0707
3486053,0.06921
3486054,0.06946
3486055,0.06204
3486056,0.06177
3486057,0.06743
3486058,0.0721
3486059,0.07323
3486060,0.07368
3486061,0.07261
3486062,0.06898
3486063,0.06664
3486064,0.06734
3486065,0.06401
3486066,0.07118
3486067,0.0705
3486068,0.06291
3486069,0.05826
3486070,0.05833
3486071,0.0595
3486072,0.05489
3486073,0.04924
3486074,0.04338
3486075,0.04691
3486076,0.05094
3486077,0.05176
3486078,0.06088
3486079,0.05715
3486080,0.05384
3486081,0.05688
3486082,0.05226
3486083,0.05064
3486084,0.05126
3486085,0.05582
3486086,0.05519
3486087,0.04439
3486088,0.04034
3486089,0.0402
3486090,0.0419
3486091,0.04699
3486092,0.05611
3486093,0.04332
3486094,0.04119
3486095,0.04234
3486096,0.04533
3486097,0.04459
3486098,0.04197
3486099,0.03917
3486100,0.04094
3486101,0.04217
3486102,0.03167
3486103,0.02919
3486104,0.02709
3486105,0.03504
3486106,0.03362
3486107,0.02686
3486108,0.03235
3486109,0.03837
3486110,0.03173
3486111,0.02219
3486112,0.03204
3486113,0.0371
3486114,0.03191
3486115,0.03181
3486116,0.03457
3486117,0.03233
3486118,0.04945
3486119,0.04536
3486120,0.03832
3486121,0.03901
3486122,0.04879
3486123,0.05586
3486124,0.06725
3486125,0.06853
3486126,0.06756
3486127,0.06636
3486128,0.06955
3486129,0.07294
3486130,0.07236
3486131,0.0858
3486132,0.09774
3486133,0.09282
3486134,0.07783
3486135,0.07379
3486136,0.07259
3486137,0.06834
3486138,0.07016
3486139,0.06075
3486140,0.05468
3486141,0.05673
3486142,0.05625
3486143,0.04791
3486144,0.04817
3486145,0.04904
3486146,0.05548
3486147,0.05638
3486148,0.05508
3486149,0.05699
3486150,0.05548
3486151,0.05485
3486152,0.05569
3486153,0.06938
3486172,0.10967
3486173,0.12277
3486174,0.14806
3486175,0.1766
3486176,0.18903
3486185,0.06967
3486186,0.1171
3486187,0.15165
3486195,0.11703
3486202,0.05272
3486203,0.05147
3486204,0.05955
3486205,0.09166
3486206,0.10546
3486207,0.04989
3486208,0
3486213,0
3486277,0
3486278,0
3486279,0
3486280,0
3486281,0
3486297,0
3486298,0
3486299,0
3489624,0.04833
3489625,0.03508
3489626,0.02546
3489627,0.03016
3489628,0.03151
3489629,0.00431
3489657,0.0344
3489658,0.10857
3489659,0.12509
3489660,0.12163
3489661,0.12218
3489662,0.11817
3489663,0.11225
3489664,0.10184
3489665,0.09237
3489666,0.07757
3489667,0.0719
3489668,0.07209
3489669,0.07782
3489670,0.07522
3489671,0.07447
3489672,0.06728
3489673,0.06621
3489674,0.06737
3489675,0.06906
3489676,0.07327
3489677,0.08144
3489678,0.07608
3489679,0.0693
3489680,0.06849
3489681,0.06663
3489682,0.06267
3489683,0.06694
3489684,0.06306
3489685,0.05188
3489686,0.04981
3489687,0.05488
3489688,0.05734
3489689,0.04897
3489690,0.04924
3489691,0.04532
3489692,0.04677
3489693,0.05434
3489694,0.0578
3489695,0.06342
3489696,0.0632
3489697,0.05328
3489698,0.04994
3489699,0.05406
3489700,0.05265
3489701,0.05238
3489702,0.05741
3489703,0.05801
3489704,0.04688
3489705,0.03893
3489706,0.04108
3489707,0.04162
3489708,0.04171
3489709,0.04636
3489710,0.03668
3489711,0.03827
3489712,0.04439
3489713,0.04222
3489714,0.04111
3489715,0.03995
3489716,0.03983
3489717,0.04055
3489718,0.03652
3489719,0.02766
3489720,0.02195
3489721,0.02363
3489722,0.0337
3489723,0.02928
3489724,0.02323
3489725,0.03054
3489726,0.03216
3489727,0.02721
3489728,0.01904
3489729,0.03207
3489730,0.03488
3489731,0.03272
3489732,0.03161
3489733,0.03237
3489734,0.03081
3489735,0.03896
3489736,0.03547
3489737,0.03606
3489738,0.03648
3489739,0.04016
3489740,0.05492
3489741,0.0616
3489742,0.05965
3489743,0.05615
3489744,0.05632
3489745,0.0651
3489746,0.07156
3489747,0.06967
3489748,0.07792
3489749,0.09219
3489750,0.08676
3489751,0.07392
3489752,0.06904
3489753,0.0657
3489754,0.062330000000000003
3489755,0.06629
3489756,0.05702
3489757,0.04949
3489758,0.04886
3489759,0.04387
3489760,0.04227
3489761,0.04396
3489762,0.04418
3489763,0.04947
3489764,0.05278
3489765,0.05014
3489766,0.05176
3489767,0.0537
3489768,0.05263
3489769,0.06171
3489770,0.07609
3489788,0.11295
3489789,0.11802
3489790,0.13036
3489791,0.14807
3489792,0.17644
3489802,0.06994
3489803,0.10981
3489804,0.13832
3489805,0.14984
3489812,0.10536
3489818,0.10289
3489819,0.10161
3489820,0.10328
3489821,0.13114
3489822,0.15044
3489823,0.14644
3489825,0
3489830,0
3489898,0
3489914,0
3489915,0
3493245,0.01313
3493246,0
3493247,0
3493273,0.0443
3493274,0.05814
3493275,0.10943
3493276,0.12096
3493277,0.12183
3493278,0.12505
3493279,0.11371
3493280,0.10897
3493281,0.10217
3493282,0.09444
3493283,0.08272
3493284,0.08196
3493285,0.0816
3493286,0.08935
3493287,0.08659
3493288,0.08083
3493289,0.08033
3493290,0.07182
3493291,0.06861
3493292,0.07217
3493293,0.07589
3493294,0.07974
3493295,0.07474
3493296,0.06946
3493297,0.07302
3493298,0.0708
3493299,0.06437
3493300,0.05916
3493301,0.05448
3493302,0.04683
3493303,0.04554
3493304,0.05104
3493305,0.0492
3493306,0.04611
3493307,0.0494
3493308,0.04819
3493309,0.04885
3493310,0.05378
3493311,0.05772
3493312,0.05911
3493313,0.0608
3493314,0.05498
3493315,0.04753
3493316,0.0549
3493317,0.05156
3493318,0.05107
3493319,0.05517
3493320,0.0564
3493321,0.04767
3493322,0.04294
3493323,0.04444
3493324,0.04197
3493325,0.04228
3493326,0.04154
3493327,0.03537
3493328,0.03977
3493329,0.04745
3493330,0.04125
3493331,0.04034
3493332,0.03882
3493333,0.03481
3493334,0.03472
3493335,0.03363
3493336,0.02872
3493337,0.01728
3493338,0.02294
3493339,0.02506
3493340,0.01976
3493341,0.02212
3493342,0.0295
3493343,0.02968
3493344,0.02419
3493345,0.01824
3493346,0.02557
3493347,0.02562
3493348,0.02859
3493349,0.03136
3493350,0.03464
3493351,0.03664
3493352,0.03381
3493353,0.02916
3493354,0.0291
3493355,0.02909
3493356,0.0288
3493357,0.0479
3493358,0.05119
3493359,0.05083
3493360,0.05233
3493361,0.04996
3493362,0.05293
3493363,0.06094
3493364,0.06371
3493365,0.06896
3493366,0.07743
3493367,0.07253
3493368,0.0639
3493369,0.06009
3493370,0.05924
3493371,0.05881
3493372,0.0579
3493373,0.04821
3493374,0.04092
3493375,0.03722
3493376,0.0342
3493377,0.03484
3493378,0.03892
3493379,0.04094
3493380,0.04868
3493381,0.04807
3493382,0.04212
3493383,0.04578
3493384,0.04995
3493385,0.05065
3493386,0.06605
3493387,0.07637
3493404,0.0936
3493405,0.10528
3493406,0.11499
3493407,0.12787
3493408,0.14071
3493409,0.14608
3493419,0.10328
3493420,0.11856
3493421,0.1334
3493422,0.1513
3493429,0.09247
3493435,0.11242
3493436,0.11322
3493437,0.12078
3493438,0.17075
3493442,0
3493447,0
3493531,0
3493532,0
3493533,0
3496864,0
3496865,0
3496890,0.12337
3496891,0.09885
3496892,0.1105
3496893,0.11672
3496894,0.11884
3496895,0.11924
3496896,0.11327
3496897,0.11138
3496898,0.1028
3496899,0.09451
3496900,0.09275
3496901,0.09703
3496902,0.09411
3496903,0.09393
3496904,0.0914
3496905,0.08708
3496906,0.08827
3496907,0.0776
3496908,0.07392
3496909,0.08038
3496910,0.08247
3496911,0.08062
3496912,0.07734
3496913,0.07443
3496914,0.07714
3496915,0.07274
3496916,0.06871
3496917,0.05378
3496918,0.05317
3496919,0.05311
3496920,0.0465
3496921,0.04713
3496922,0.04548
3496923,0.05154
3496924,0.0546
3496925,0.05423
3496926,0.05515
3496927,0.05642
3496928,0.05548
3496929,0.05411
3496930,0.05498
3496931,0.0507
3496932,0.04572
3496933,0.05041
3496934,0.04796
3496935,0.05086
3496936,0.0528
3496937,0.05266
3496938,0.0488
3496939,0.04959
3496940,0.04831
3496941,0.04432
3496942,0.04386
3496943,0.04344
3496944,0.04162
3496945,0.04432
3496946,0.04673
3496947,0.04564
3496948,0.0428
3496949,0.03571
3496950,0.03095
3496951,0.03158
3496952,0.033890000000000003
3496953,0.02921
3496954,0.01615
3496955,0.02308
3496956,0.02239
3496957,0.01718
3496958,0.01688
3496959,0.02492
3496960,0.02779
3496961,0.0245
3496962,0.02029
3496963,0.02279
3496964,0.02068
3496965,0.02663
3496966,0.03103
3496967,0.03644
3496968,0.03406
3496969,0.03068
3496970,0.02916
3496971,0.03136
3496972,0.03308
3496973,0.03208
3496974,0.04185
3496975,0.04533
3496976,0.04472
3496977,0.04606
3496978,0.0426
3496979,0.04415
3496980,0.04822
3496981,0.05424
3496982,0.06126
3496983,0.06684
3496984,0.05912
3496985,0.04871
3496986,0.0448
3496987,0.04688
3496988,0.04815
3496990,0.03471
3496991,0.03218
3496992,0.03321
3496993,0.03739
3496994,0.03238
3496995,0.03738
3496996,0.04104
3496997,0.04519
3496998,0.04154
3496999,0.03833
3497000,0.04288
3497001,0.04906
3497002,0.0519
3497003,0.06295
3497004,0.072
3497022,0.09827
3497023,0.11095
3497024,0.12076
3497025,0.12961
3497026,0.1202
3497035,0.14811
3497036,0.14019
3497037,0.13394
3497038,0.13567
3497039,0.15095
3497046,0.09469
3497047,0.07308
3497053,0.09722
3497054,0.11462
3497059,0
3497064,0
3497148,0
3497149,0
3500482,0
3500483,0
3500507,0.15053
3500508,0.12642
3500509,0.11792
3500510,0.11929
3500511,0.12
3500512,0.11124
3500513,0.11092
3500514,0.11109
3500515,0.10253
3500516,0.0971
3500517,0.10264
3500518,0.10701
3500519,0.10327
3500520,0.0948
3500521,0.08907
3500522,0.08681
3500523,0.08767
3500524,0.08604
3500525,0.08303
3500526,0.08411
3500527,0.08136
3500528,0.07869
3500529,0.07774
3500530,0.07886
3500531,0.07939
3500532,0.07208
3500533,0.0758
3500534,0.06011
3500535,0.06364
3500536,0.06317
3500537,0.05225
3500538,0.04934
3500539,0.04977
3500540,0.05804
3500541,0.06257
3500542,0.06516
3500543,0.06504
3500544,0.05932
3500545,0.0568
3500546,0.05506
3500547,0.05541
3500548,0.04891
3500549,0.04506
3500550,0.04609
3500551,0.04422
3500552,0.04851
3500553,0.04987
3500554,0.05037
3500555,0.05082
3500556,0.05306
3500557,0.04882
3500558,0.04445
3500559,0.04284
3500560,0.04503
3500561,0.04863
3500562,0.0485
3500563,0.0462
3500564,0.04586
3500565,0.03959
3500566,0.03191
3500567,0.02778
3500568,0.02889
3500569,0.0317
3500570,0.02928
3500571,0.01796
3500572,0.01892
3500573,0.01841
3500574,0.01623
3500575,0.01216
3500576,0.01741
3500577,0.02293
3500578,0.02412
3500579,0.0211
3500580,0.02356
3500581,0.01944
3500582,0.02479
3500583,0.03088
3500584,0.03288
3500585,0.0283
3500586,0.02275
3500587,0.02656
3500588,0.03512
3500589,0.04156
3500590,0.03637
3500591,0.03305
3500592,0.0351
3500593,0.03625
3500594,0.03659
3500595,0.038
3500596,0.04126
3500597,0.0442
3500598,0.04879
3500599,0.05661
3500600,0.05669
3500601,0.05035
3500602,0.03999
3500603,0.03621
3500604,0.03533
3500605,0.03408
3500606,0.03097
3500607,0.03111
3500608,0.03284
3500609,0.03955
3500610,0.04435
3500611,0.03608
3500612,0.03876
3500613,0.03929
3500614,0.03827
3500615,0.03652
3500616,0.03603
3500617,0.04159
3500618,0.04709
3500619,0.05172
3500620,0.05939
3500621,0.06761
3500627,0.10009
3500628,0.10831
3500634,0.09806
3500639,0.08871
3500640,0.10328
3500641,0.11093
3500642,0.10998
3500643,0.09373
3500652,0.15674
3500653,0.15259
3500654,0.13717
3500655,0.13091
3500656,0.14256
3500657,0.14526
3500664,0.09061
3500665,0.08197
3500666,0.07401
3500667,0.05729
3500668,0.0475
3500669,0.06261
3500670,0.08263
3500671,0.10929
3500676,0
3500679,0.00676
3500680,0.00799
3500681,1.1e-4
3504099,0
3504100,0
3504101,0.00422
3504102,0
3504124,0.14604
3504125,0.13022
3504126,0.12836
3504127,0.12602
3504128,0.12619
3504129,0.1129
3504130,0.10576
3504131,0.11267
3504132,0.10712
3504133,0.10186
3504134,0.10536
3504135,0.11138
3504136,0.10975
3504137,0.09721
3504138,0.08885
3504139,0.08961
3504140,0.0923
3504141,0.09137
3504142,0.08691
3504143,0.08272
3504144,0.07672
3504145,0.07142
3504146,0.07692
3504147,0.08247
3504148,0.08089
3504149,0.0727
3504150,0.07875
3504151,0.07254
3504152,0.07148
3504153,0.06736
3504154,0.06029
3504155,0.05846
3504156,0.05795
3504157,0.06257
3504158,0.06646
3504159,0.07032
3504160,0.0709
3504161,0.06096
3504162,0.06047
3504163,0.06134
3504164,0.05925
3504165,0.05455
3504166,0.0516
3504167,0.04865
3504168,0.04528
3504169,0.04602
3504170,0.04604
3504171,0.0465
3504172,0.05064
3504173,0.05003
3504174,0.04552
3504175,0.0436
3504176,0.04148
3504177,0.04273
3504178,0.0503
3504179,0.05024
3504180,0.04688
3504181,0.04528
3504182,0.03522
3504183,0.03024
3504184,0.0276
3504185,0.0272
3504186,0.02891
3504187,0.03122
3504188,0.02088
3504189,0.01614
3504190,0.01343
3504191,0.01695
3504192,0.01699
3504193,0.01946
3504194,0.02301
3504195,0.02138
3504196,0.01522
3504197,0.01685
3504198,0.01715
3504199,0.0185
3504200,0.02727
3504201,0.03084
3504202,0.02965
3504203,0.02035
3504204,0.02548
3504205,0.03075
3504206,0.03498
3504207,0.02766
3504208,0.02222
3504209,0.02474
3504210,0.02883
3504211,0.0299
3504212,0.03478
3504213,0.03692
3504214,0.04283
3504215,0.04741
3504216,0.05019
3504217,0.04468
3504218,0.04263
3504219,0.03743
3504220,0.03535
3504221,0.03252
3504222,0.0306
3504223,0.03067
3504224,0.03345
3504225,0.03734
3504226,0.04486
3504227,0.04168
3504228,0.0376
3504229,0.03809
3504230,0.03811
3504231,0.0389
3504232,0.03611
3504233,0.03571
3504234,0.04058
3504235,0.04098
3504236,0.04645
3504237,0.05339
3504243,0.09118
3504244,0.09857
3504250,0.10105
3504255,0.07762
3504256,0.07301
3504257,0.08722
3504258,0.09815
3504259,0.09284
3504268,0.15144
3504269,0.14713
3504270,0.13839
3504271,0.12411
3504272,0.11942
3504273,0.13797
3504280,0.11672
3504282,0.0856
3504283,0.07337
3504284,0.06447
3504285,0.06784
3504286,0.06669
3504287,0.07897
3504288,0.12507
3504293,0
3504295,0
3504296,0.00623
3504611,0.19671
3504612,0.20398
3507718,0.01368
3507719,0.00956
3507720,0.01328
3507741,0.13032
3507742,0.12043
3507743,0.13067
3507744,0.13044
3507745,0.12783
3507746,0.11694
3507747,0.10367
3507748,0.11357
3507749,0.10714
3507750,0.10138
3507751,0.10481
3507752,0.11459
3507753,0.11333
3507754,0.09784
3507755,0.0945
3507756,0.09697
3507757,0.09701
3507758,0.0944
3507759,0.08584
3507760,0.08136
3507761,0.07767
3507762,0.0724
3507763,0.08155
3507764,0.08334
3507765,0.07779
3507766,0.06976
3507767,0.07551
3507768,0.07611
3507769,0.07206
3507770,0.06926
3507771,0.06446
3507772,0.06497
3507773,0.065310000000000007
3507774,0.06616
3507775,0.06535
3507776,0.06493
3507777,0.06542
3507778,0.05796
3507779,0.06308
3507780,0.06555
3507781,0.06423
3507782,0.0611
3507783,0.05919
3507784,0.05027
3507785,0.0468
3507786,0.04645
3507787,0.04322
3507788,0.04004
3507789,0.05037
3507790,0.04908
3507791,0.04565
3507792,0.04725
3507793,0.04196
3507794,0.04107
3507795,0.04908
3507796,0.04866
3507797,0.04796
3507798,0.0499
3507799,0.03989
3507800,0.03024
3507801,0.03034
3507802,0.03067
3507803,0.02679
3507804,0.03087
3507805,0.02733
3507806,0.01988
3507807,0.01501
3507808,0.02289
3507809,0.02333
3507810,0.02573
3507811,0.02478
3507812,0.01796
3507813,0.01221
3507814,0.01381
3507815,0.01845
3507816,0.01379
3507817,0.02099
3507818,0.03181
3507819,0.03317
3507820,0.02635
3507821,0.02799
3507822,0.02786
3507823,0.02622
3507824,0.01809
3507825,0.0184
3507826,0.02153
3507827,0.02395
3507828,0.02589
3507829,0.02956
3507830,0.03304
3507831,0.03995
3507832,0.04463
3507833,0.04107
3507834,0.03629
3507835,0.03449
3507836,0.03152
3507837,0.03326
3507838,0.03364
3507839,0.03317
3507840,0.03155
3507841,0.03183
3507842,0.03744
3507843,0.04253
3507844,0.03665
3507845,0.03496
3507846,0.03734
3507847,0.03971
3507848,0.04192
3507849,0.0353
3507850,0.0323
3507851,0.03456
3507852,0.03944
3507853,0.04574
3507854,0.0477
3507859,0.08128
3507860,0.08844
3507861,0.08856
3507862,0.08882
3507863,0.09266
3507872,0.06239
3507873,0.05689
3507874,0.07131
3507875,0.08802
3507876,0.09124
3507885,0.13766
3507886,0.14029
3507887,0.1253
3507888,0.11217
3507889,0.11385
3507900,0.07311
3507901,0.08055
3507902,0.08633
3507903,0.07587
3507904,0.07912
3507905,0.12632
3507909,0
3507912,0
3508000,0
3508002,0
3508227,0.18549
3508229,0.19607
3511337,0
3511358,0.12797
3511359,0.11513
3511360,0.12674
3511361,0.12655
3511362,0.12568
3511363,0.11667
3511364,0.10878
3511365,0.11281
3511366,0.10451
3511367,0.106
3511368,0.10875
3511369,0.11069
3511370,0.1126
3511371,0.10035
3511372,0.1052
3511373,0.10043
3511374,0.10022
3511375,0.09749
3511376,0.08466
3511377,0.07714
3511378,0.07654
3511379,0.07945
3511380,0.08426
3511381,0.07779
3511382,0.07141
3511383,0.06562
3511384,0.07259
3511385,0.07293
3511386,0.07349
3511387,0.0746
3511388,0.06785
3511389,0.06746
3511390,0.06833
3511391,0.06707
3511392,0.0629
3511393,0.05656
3511394,0.05529
3511395,0.0554
3511396,0.06597
3511397,0.06384
3511398,0.069
3511399,0.06742
3511400,0.05949
3511401,0.04488
3511402,0.04735
3511403,0.05157
3511404,0.04749
3511405,0.04441
3511406,0.05402
3511407,0.0541
3511408,0.04794
3511409,0.04991
3511410,0.04627
3511411,0.04607
3511412,0.05191
3511413,0.05001
3511414,0.05252
3511415,0.05504
3511416,0.04643
3511417,0.02988
3511418,0.0297
3511419,0.02864
3511420,0.02208
3511421,0.03173
3511422,0.03666
3511423,0.02277
3511424,0.01548
3511425,0.02578
3511426,0.02603
3511427,0.02597
3511428,0.02131
3511429,0.01543
3511430,0.01537
3511431,0.01719
3511432,0.02214
3511433,0.01409
3511434,0.01897
3511435,0.03072
3511436,0.03363
3511437,0.02923
3511438,0.0243
3511439,0.02708
3511440,0.02528
3511441,0.01332
3511442,0.01634
3511443,0.02225
3511444,0.02334
3511445,0.0231
3511446,0.03218
3511447,0.03284
3511448,0.03914
3511449,0.03652
3511450,0.02939
3511451,0.02838
3511452,0.02778
3511453,0.02671
3511454,0.03117
3511455,0.03392
3511456,0.0326
3511457,0.02803
3511458,0.02879
3511459,0.03315
3511460,0.03604
3511461,0.03101
3511462,0.02899
3511463,0.03593
3511464,0.03713
3511465,0.03601
3511466,0.02908
3511467,0.0223
3511468,0.02502
3511469,0.03814
3511470,0.04815
3511475,0.05298
3511476,0.069
3511477,0.08031
3511478,0.07787
3511479,0.08245
3511480,0.08009
3511489,0.03652
3511490,0.03274
3511491,0.0531
3511492,0.08095
3511502,0.1376
3511503,0.13579
3511504,0.12064
3511505,0.10824
3511506,0.1144
3511516,0.08061
3511517,0.07745
3511519,0.08729
3511520,0.07218
3511521,0.07654
3511522,0.10749
3511525,0.00563
3511526,0
3511530,0.01473
3511618,0
3511619,0
3511843,0.18437
3511844,0.18208
3511846,0.18644
3514936,0
3514937,0
3514938,0
3514954,0
3514975,0.13426
3514976,0.11845
3514977,0.12024
3514978,0.1202
3514979,0.12008
3514980,0.11365
3514981,0.11485
3514982,0.11348
3514983,0.10759
3514984,0.11303
3514985,0.10598
3514986,0.10027
3514987,0.11119
3514988,0.10675
3514989,0.11457
3514990,0.11018
3514991,0.10746
3514992,0.10176
3514993,0.09115
3514994,0.07378
3514995,0.06871
3514996,0.08137
3514997,0.08523
3514998,0.07898
3514999,0.0745
3515000,0.06976
3515001,0.07269
3515002,0.07189
3515003,0.06954
3515004,0.06969
3515005,0.06653
3515006,0.06946
3515007,0.07117
3515008,0.06907
3515009,0.06481
3515010,0.05642
3515011,0.05596
3515012,0.06143
3515013,0.06659
3515014,0.06127
3515015,0.06901
3515016,0.06679
3515017,0.05481
3515018,0.04513
3515019,0.05008
3515020,0.05201
3515021,0.05113
3515022,0.05385
3515023,0.06173
3515024,0.05989
3515025,0.05199
3515026,0.05378
3515027,0.05349
3515028,0.05221
3515029,0.05587
3515030,0.05387
3515031,0.05382
3515032,0.05328
3515033,0.04336
3515034,0.02896
3515035,0.02958
3515036,0.02514
3515037,0.02397
3515038,0.03592
3515039,0.0373
3515040,0.02472
3515041,0.02054
3515042,0.02981
3515043,0.03025
3515044,0.02645
3515045,0.01786
3515046,0.01464
3515047,0.01803
3515048,0.01687
3515049,0.02078
3515050,0.01739
3515051,0.01894
3515052,0.02522
3515053,0.0285
3515054,0.02244
3515055,0.01538
3515056,0.0208
3515057,0.02435
3515058,0.01341
3515059,0.01329
3515060,0.02297
3515061,0.02569
3515062,0.02147
3515063,0.0321
3515064,0.03366
3515065,0.03791
3515066,0.02977
3515067,0.02179
3515068,0.02512
3515069,0.02506
3515070,0.02571
3515071,0.02848
3515072,0.03058
3515073,0.0295
3515074,0.02227
3515075,0.02122
3515076,0.02448
3515077,0.02837
3515078,0.02658
3515079,0.02868
3515080,0.0317
3515081,0.02767
3515082,0.02832
3515083,0.0266
3515084,0.02164
3515085,0.02122
3515086,0.03675
3515091,0.03684
3515092,0.03671
3515093,0.04238
3515094,0.06555
3515095,0.06856
3515096,0.07221
3515097,0.06453
3515106,0.0168
3515107,0.01187
3515108,0.035
3515109,0.06907
3515119,0.14159
3515120,0.12773
3515133,0.08064
3515137,0.06819
3515138,0.07395
3515142,0.00511
3515143,0
3515148,0.00592
3515150,0
3515151,0
3515152,0
3515158,0
3515236,0
3515242,0
3515243,0
3515461,0.186
3515463,0.18555
3518553,0
3518554,0
3518555,0
3518556,0
3518557,0
3518572,0
3518591,0.13322
3518592,0.13403
3518593,0.12088
3518594,0.11634
3518595,0.11861
3518596,0.11518
3518597,0.11018
3518598,0.11746
3518599,0.11424
3518600,0.10685
3518601,0.10887
3518602,0.10048
3518603,0.09166
3518604,0.10629
3518605,0.11195
3518606,0.11952
3518607,0.11683
3518608,0.10326
3518609,0.10562
3518610,0.10274
3518611,0.08263
3518612,0.07805
3518613,0.08615
3518614,0.08727
3518615,0.0851
3518616,0.0802
3518617,0.07817
3518618,0.07552
3518619,0.07277
3518620,0.06735
3518621,0.06264
3518622,0.06032
3518623,0.0732
3518624,0.0785
3518625,0.07523
3518626,0.07052
3518627,0.06672
3518628,0.06615
3518629,0.07046
3518630,0.06688
3518631,0.06452
3518632,0.06714
3518633,0.06432
3518634,0.06054
3518635,0.05381
3518636,0.05206
3518637,0.05004
3518638,0.04986
3518639,0.05489
3518640,0.06339
3518641,0.06435
3518642,0.06012
3518643,0.05768
3518644,0.05316
3518645,0.05427
3518646,0.05538
3518647,0.05659
3518648,0.05348
3518649,0.04731
3518650,0.0388
3518651,0.03378
3518652,0.03236
3518653,0.03324
3518654,0.03795
3518655,0.03802
3518656,0.03942
3518657,0.03761
3518658,0.03038
3518659,0.03337
3518660,0.0301
3518661,0.02952
3518662,0.02085
3518663,0.01764
3518664,0.02039
3518665,0.01754
3518666,0.01802
3518667,0.01871
3518668,0.01822
3518669,0.01562
3518670,0.01954
3518671,0.01503
3518672,0.00986
3518673,0.01519
3518674,0.02184
3518675,0.01305
3518676,0.01297
3518677,0.01932
3518678,0.02546
3518679,0.0277
3518680,0.02938
3518681,0.02757
3518682,0.03046
3518683,0.02799
3518684,0.02513
3518685,0.02871
3518686,0.03049
3518687,0.0279
3518688,0.02614
3518689,0.02938
3518690,0.03415
3518691,0.02614
3518692,0.01905
3518693,0.02202
3518694,0.02651
3518695,0.02572
3518696,0.02953
3518697,0.02503
3518698,0.01792
3518699,0.02266
3518700,0.02653
3518701,0.02255
3518702,0.02105
3518703,0.03565
3518707,0.03767
3518708,0.02611
3518709,0.02961
3518710,0.03309
3518711,0.04714
3518712,0.05759
3518713,0.05926
3518714,0.05649
3518722,7e-4
3518723,0.00314
3518724,0.00383
3518725,0.02144
3518726,0.044
3518737,0.11644
3518750,0.07164
3518754,0.05968
3518755,0.06312
3518765,0.00216
3518767,0
3518769,0
3518775,0
3518776,0
3518810,0
3518811,0
3518852,0
3518853,0
3518857,0
3518859,0
3518860,0
3518861,0
3519078,0.19268
3519080,0.18471
3522170,0
3522171,0
3522174,0
3522189,0
3522190,0
3522208,0.12741
3522209,0.12719
3522210,0.11458
3522211,0.11511
3522212,0.12331
3522213,0.12323
3522214,0.11786
3522215,0.12308
3522216,0.11472
3522217,0.11155
3522218,0.11041
3522219,0.10295
3522220,0.09166
3522221,0.10705
3522222,0.11327
3522223,0.11786
3522224,0.11141
3522225,0.10241
3522226,0.11085
3522227,0.1103
3522228,0.10095
3522229,0.10006
3522230,0.09626
3522231,0.08902
3522232,0.08359
3522233,0.07954
3522234,0.08048
3522235,0.07805
3522236,0.07403
3522237,0.07369
3522238,0.07085
3522239,0.06878
3522240,0.08177
3522241,0.0905
3522242,0.08645
3522243,0.08008
3522244,0.07625
3522245,0.07309
3522246,0.07365
3522247,0.07848
3522248,0.07598
3522249,0.07343
3522250,0.07254
3522251,0.06649
3522252,0.05863
3522253,0.06195
3522254,0.06214
3522255,0.05617
3522256,0.05223
3522257,0.06152
3522258,0.06347
3522259,0.0645
3522260,0.05951
3522261,0.04559
3522262,0.05077
3522263,0.05545
3522264,0.05845
3522265,0.0512
3522266,0.04248
3522267,0.03775
3522268,0.04064
3522269,0.04185
3522270,0.04749
3522271,0.04737
3522272,0.03895
3522273,0.03927
3522274,0.04094
3522275,0.03375
3522276,0.02801
3522277,0.0226
3522278,0.03136
3522279,0.03016
3522280,0.02427
3522281,0.01951
3522282,0.01837
3522283,0.01636
3522284,0.0175
3522285,0.01617
3522286,0.01283
3522287,0.01282
3522288,0.00964
3522289,0.01072
3522290,0.01359
3522291,0.01527
3522292,0.01259
3522293,0.01397
3522294,0.01502
3522295,0.02127
3522296,0.02813
3522297,0.03342
3522298,0.02828
3522299,0.0244
3522300,0.02829
3522301,0.03338
3522302,0.03192
3522303,0.03078
3522304,0.02857
3522305,0.02632
3522306,0.03435
3522307,0.04162
3522308,0.03228
3522309,0.02337
3522310,0.0259
3522311,0.02619
3522312,0.02202
3522313,0.02312
3522314,0.02001
3522315,0.01647
3522316,0.01637
3522317,0.01837
3522318,0.01676
3522319,0.01556
3522320,0.0251
3522324,0.02595
3522325,0.02241
3522326,0.02921
3522327,0.0333
3522328,0.03707
3522330,0.05075
3522331,0.04755
3522339,0
3522340,0
3522341,0
3522342,0
3522343,0.00729
3522354,0.10648
3522367,0.04994
3522368,0.02494
3522370,0.05322
3522371,0.05012
3522372,0.04566
3522381,0
3522382,0
3522384,0
3522385,0
3522386,0
3522392,0
3522393,0
3522427,0
3522428,0
3522469,0
3522470,0
3522474,0
3522476,0
3522477,0
3522478,0
3522480,0
3522695,0.18866
3522697,0.18308
3525787,0
3525788,0
3525789,0
3525791,0
3525792,0
3525807,0.00145
3525825,0.12265
3525826,0.11952
3525827,0.1126
3525828,0.11865
3525829,0.13253
3525830,0.13091
3525831,0.12296
3525832,0.1228
3525833,0.11834
3525834,0.11887
3525835,0.11701
3525836,0.11012
3525837,0.0974
3525838,0.10946
3525839,0.10973
3525840,0.10641
3525841,0.10581
3525842,0.11066
3525843,0.11876
3525844,0.11611
3525845,0.11182
3525846,0.10748
3525847,0.1043
3525848,0.09365
3525849,0.08472
3525850,0.07961
3525851,0.07992
3525852,0.08624
3525853,0.08658
3525854,0.0874
3525855,0.0848
3525856,0.08791
3525857,0.09937
3525858,0.10054
3525859,0.09057
3525860,0.08087
3525861,0.07836
3525862,0.07787
3525863,0.07864
3525864,0.08376
3525865,0.08392
3525866,0.07848
3525867,0.07211
3525868,0.06789
3525869,0.06451
3525870,0.07288
3525871,0.07437
3525872,0.06127
3525873,0.05333
3525874,0.0613
3525875,0.0615
3525876,0.06141
3525877,0.06265
3525878,0.04776
3525879,0.05352
3525880,0.05622
3525881,0.05354
3525882,0.04955
3525883,0.0444
3525884,0.04132
3525885,0.04712
3525886,0.05134
3525887,0.04992
3525888,0.04805
3525889,0.04645
3525890,0.03115
3525891,0.02911
3525892,0.03094
3525893,0.02602
3525894,0.02105
3525895,0.0345
3525896,0.03919
3525897,0.0321
3525898,0.01938
3525899,0.01883
3525900,0.01748
3525901,0.01828
3525902,0.01288
3525903,0.01263
3525904,0.01109
3525905,0.00923
3525906,0.01447
3525907,0.01805
3525908,0.01486
3525909,0.01332
3525910,0.0108
3525911,0.01048
3525912,0.01556
3525913,0.026950000000000002
3525914,0.03516
3525915,0.0321
3525916,0.03029
3525917,0.03649
3525918,0.04131
3525919,0.03121
3525920,0.0261
3525921,0.02903
3525922,0.03589
3525923,0.044
3525924,0.03933
3525925,0.03596
3525926,0.0281
3525927,0.02295
3525928,0.0221
3525929,0.01729
3525930,0.02053
3525931,0.02353
3525932,0.02022
3525933,0.01651
3525934,0.02234
3525935,0.02232
3525936,0.01975
3525941,0.01535
3525942,0.02165
3525943,0.02438
3525944,0.02418
3525945,0.03639
3525946,0.04612
3525947,0.03916
3525950,0.0146
3525951,0.01158
3525952,0.00906
3525953,0
3525956,0
3525957,0
3525958,0
3525959,0
3525960,0
3525971,0.08861
3525984,0.03376
3525985,0.00892
3525987,0.02384
3525988,0.039
3525989,0.03591
3525990,0.00628
3525991,0
3525992,0
3525996,0
3525997,0
3525998,0
3526000,0
3526001,0
3526002,0
3526003,0
3526005,0
3526041,0
3526042,0
3526044,0
3526045,0
3526086,0
3526087,0
3526089,0
3526090,0
3526091,0
3526093,0
3526094,0
3526095,0
3526096,0
3526312,0.16953
3526313,0.15054
3526314,0.16127
3526315,0.15621
3526316,0.1791
3529405,0
3529406,0
3529407,0
3529408,0
3529409,0
3529425,0
3529429,0.04552
3529430,0
3529436,0
3529437,0.00319
3529442,0.11928
3529443,0.11422
3529444,0.11254
3529445,0.1232
3529446,0.13211
3529447,0.12698
3529448,0.11676
3529449,0.11372
3529450,0.1247
3529451,0.12232
3529452,0.11904000000000001
3529453,0.11863
3529454,0.10751
3529455,0.11099
3529456,0.10777
3529457,0.10901
3529458,0.11391
3529459,0.12058
3529460,0.12232
3529461,0.12122
3529462,0.12069
3529463,0.11748
3529464,0.11249
3529465,0.09947
3529466,0.09456
3529467,0.08741
3529468,0.08235
3529469,0.09195
3529470,0.09238
3529471,0.09534
3529472,0.09284
3529473,0.09637
3529474,0.10167
3529475,0.10258
3529476,0.09679
3529477,0.08797
3529478,0.08515
3529479,0.08475
3529480,0.08229
3529481,0.08646
3529482,0.08834
3529483,0.07959
3529484,0.07322
3529485,0.07252
3529486,0.06924
3529487,0.07401
3529488,0.07392
3529489,0.06436
3529490,0.06493
3529491,0.06773
3529492,0.06676
3529493,0.06284
3529494,0.06939
3529495,0.05752
3529496,0.06018
3529497,0.05635
3529498,0.05637
3529499,0.05701
3529500,0.05832
3529501,0.05103
3529502,0.04703
3529503,0.05253
3529504,0.05389
3529505,0.05465
3529506,0.04841
3529507,0.04088
3529508,0.03784
3529509,0.04004
3529510,0.03281
3529511,0.02682
3529512,0.0396
3529513,0.04704
3529514,0.04
3529515,0.02447
3529516,0.01424
3529517,0.01526
3529518,0.01686
3529519,0.01892
3529520,0.01978
3529521,0.01329
3529522,0.00891
3529523,0.01262
3529524,0.01748
3529525,0.01408
3529526,0.01118
3529527,0.0076
3529528,0.01652
3529529,0.01941
3529530,0.0231
3529531,0.02699
3529532,0.02347
3529533,0.02714
3529534,0.03587
3529535,0.0399
3529536,0.03125
3529537,0.02823
3529538,0.02691
3529539,0.03808
3529540,0.04795
3529541,0.03748
3529542,0.03328
3529543,0.02679
3529544,0.02433
3529545,0.02735
3529546,0.01987
3529547,0.02466
3529548,0.02618
3529549,0.02315
3529550,0.01983
3529551,0.02656
3529552,0.02262
3529553,0.02791
3529556,0.02391
3529557,0.01304
3529558,0.01405
3529559,0.01656
3529560,0.01512
3529561,0.01682
3529562,0.03049
3529563,0.04073
3529564,0.02802
3529567,0
3529568,0
3529569,0
3529570,0
3529574,0
3529575,0
3529576,0
3529577,0
3529586,0
3529588,0.06113
3529603,0.01028
3529604,0.01635
3529608,0
3529609,0
3529613,0
3529617,0
3529618,0
3529619,0
3529620,0
3529622,0
3529623,0
3529658,0
3529659,0
3529703,0
3529704,0
3529705,0
3529706,0
3529707,0
3529708,0
3529709,0
3529710,0
3529712,0
3529713,0
3529929,0.15238
3529930,0.12604
3529934,0.19979
3529935,0.18323
3533023,0
3533024,0
3533025,0
3533042,0
3533043,0
3533047,0.00845
3533048,0.00251
3533053,0.01334
3533054,0.02262
3533059,0.11229
3533060,0.10482
3533061,0.11321
3533062,0.12728
3533063,0.12772
3533064,0.11815
3533065,0.10871
3533066,0.10828
3533067,0.12364
3533068,0.12458
3533069,0.12149
3533070,0.12204
3533071,0.11667
3533072,0.11307
3533073,0.11935
3533074,0.12688
3533075,0.12551
3533076,0.13037
3533077,0.12515
3533078,0.1271
3533079,0.1259
3533080,0.12373
3533081,0.12057
3533082,0.11124
3533083,0.10571
3533084,0.09944
3533085,0.09873
3533086,0.09785
3533087,0.09711
3533088,0.10182
3533089,0.09801
3533090,0.10183
3533091,0.09869
3533092,0.09971
3533093,0.0979
3533094,0.0936
3533095,0.09632
3533096,0.09987
3533097,0.09393
3533098,0.09043
3533099,0.08723
3533100,0.08015
3533101,0.08287
3533102,0.08115
3533103,0.07649
3533104,0.07928
3533105,0.0737
3533106,0.06995
3533107,0.07498
3533108,0.07715
3533109,0.0744
3533110,0.07156
3533111,0.07521
3533112,0.07018
3533113,0.06525
3533114,0.06857
3533115,0.06941
3533116,0.06861
3533117,0.06707
3533118,0.0651
3533119,0.05253
3533120,0.048280000000000003
3533121,0.04846
3533122,0.05248
3533123,0.0563
3533124,0.05745
3533125,0.0524
3533126,0.05562
3533127,0.04871
3533128,0.04375
3533129,0.05067
3533130,0.05765
3533131,0.04806
3533132,0.02728
3533133,0.01759
3533134,0.01946
3533135,0.02094
3533136,0.02642
3533137,0.02816
3533138,0.02059
3533139,0.01435
3533140,0.0173
3533141,0.01534
3533142,0.00746
3533143,0.00536
3533144,0.00819
3533145,0.02438
3533146,0.02685
3533147,0.0178
3533148,0.01683
3533149,0.02784
3533150,0.02749
3533151,0.03465
3533152,0.03601
3533153,0.03219
3533154,0.02649
3533155,0.02546
3533156,0.0376
3533157,0.04402
3533158,0.03648
3533159,0.03731
3533160,0.0329
3533161,0.03488
3533162,0.02839
3533163,0.02538
3533164,0.0326
3533165,0.03367
3533166,0.03234
3533167,0.02123
3533168,0.01875
3533169,0.01512
3533172,0.0264
3533173,0.02564
3533174,0.01647
3533175,0.01479
3533176,0.01443
3533177,0.01537
3533178,0.01782
3533179,0.02327
3533180,0.03295
3533183,0
3533184,0
3533185,0
3533193,0
3533194,0
3533195,0
3533199,0
3533200,0
3533201,0
3533202,0
3533203,0
3533204,0
3533205,0.03016
3533225,0
3533226,0
3533229,0
3533230,0
3533236,0
3533237,0
3533238,0
3533239,0
3533241,0
3533320,0
3533321,0
3533322,0
3533324,0
3533325,0
3533326,0
3533329,0
3533330,0
3533545,0.17313
3533546,0.14799
3533547,0.1326
3533551,0.19853
3533552,0.16849
3536660,0
3536661,0
3536664,0.02201
3536665,0.00655
3536666,0.02079
3536670,0.04173
3536671,0.03864
3536672,0.02038
3536676,0.1052
3536677,0.10158
3536678,0.10781
3536679,0.11409
3536680,0.12061
3536681,0.11668
3536682,0.1129
3536683,0.11486
3536684,0.11423
3536685,0.12114
3536686,0.12027
3536687,0.123
3536688,0.12442
3536689,0.12198
3536690,0.13113
3536691,0.13995
3536692,0.13733
3536693,0.13845
3536694,0.13567
3536695,0.12022
3536696,0.12422
3536697,0.13021
3536698,0.13138
3536699,0.11327
3536700,0.10752
3536701,0.1135
3536702,0.1155
3536703,0.11008
3536704,0.1052
3536705,0.10513
3536706,0.1027
3536707,0.10472
3536708,0.10063
3536709,0.09831
3536710,0.10308
3536711,0.10137
3536712,0.10193
3536713,0.10682
3536714,0.10259
3536715,0.08952
3536716,0.08545
3536717,0.07784
3536718,0.07515
3536719,0.06989
3536720,0.07077
3536721,0.08001
3536722,0.07651
3536723,0.08127
3536724,0.08681
3536725,0.08613
3536726,0.07905
3536727,0.0764
3536728,0.08061
3536729,0.08141
3536730,0.08104
3536731,0.08117
3536732,0.07733
3536733,0.07595
3536734,0.0754
3536735,0.07866
3536736,0.06736
3536737,0.05875
3536738,0.05932
3536739,0.05565
3536740,0.05421
3536741,0.06274
3536742,0.0636
3536743,0.06845
3536744,0.067
3536745,0.05999
3536746,0.05372
3536747,0.0514
3536748,0.04495
3536749,0.03072
3536750,0.02362
3536751,0.02989
3536752,0.02736
3536753,0.02691
3536754,0.0359
3536755,0.02497
3536756,0.02295
3536757,0.02147
3536758,0.01585
3536759,0.00937
3536760,0.012
3536761,0.01444
3536762,0.02159
3536763,0.03015
3536764,0.01533
3536765,0.00898
3536766,0.02038
3536767,0.02719
3536768,0.03581
3536769,0.03598
3536770,0.02992
3536771,0.02798
3536772,0.02719
3536773,0.03203
3536774,0.03651
3536775,0.03863
3536776,0.0402
3536777,0.03934
3536778,0.03412
3536779,0.02799
3536780,0.03394
3536781,0.03474
3536782,0.0344
3536783,0.03263
3536784,0.02512
3536785,0.02015
3536788,0.02191
3536789,0.01828
3536790,0.01755
3536791,0.0157
3536792,0.00451
3536793,0.00686
3536794,0.01583
3536795,0.02425
3536796,0.02626
3536799,0
3536800,0
3536801,0
3536802,0
3536803,0
3536804,0
3536812,0
3536813,0
3536814,0
3536815,0
3536816,0
3536817,0
3536818,0
3536819,0
3536820,0
3536821,0
3536822,0.01426
3536823,0.04033
3536842,0
3536843,0
3536844,0
3536845,0
3536846,0
3536854,0
3536855,0
3536856,0
3536857,0
3536858,0
3536859,0
3536860,0
3536862,0
3536863,0
3536938,0
3536939,0
3536940,0
3536941,0
3536942,0
3536943,0
3536945,0
3536946,0
3536947,0
3536948,0
3537162,0.17211
3537163,0.1449
3537169,0.15016
3540277,0
3540278,0
3540281,0.03929
3540282,0.02309
3540283,0.01128
3540284,0.00677
3540285,0
3540287,0.05863
3540288,0.04571
3540289,0.02786
3540293,0.09905
3540294,0.10676
3540295,0.10959
3540296,0.10819
3540297,0.11934
3540298,0.11956
3540299,0.11211
3540300,0.11759
3540301,0.11165
3540302,0.11876
3540303,0.11959
3540304,0.12527
3540305,0.13127
3540306,0.13412
3540307,0.13854
3540308,0.13876
3540309,0.13751
3540310,0.13428
3540311,0.13123
3540312,0.12611
3540313,0.1255
3540314,0.1377
3540315,0.14234
3540316,0.1248
3540317,0.12201
3540318,0.12879
3540319,0.12643
3540320,0.1218
3540321,0.12034
3540322,0.11767
3540323,0.11355
3540324,0.10629
3540325,0.09996
3540326,0.10935
3540327,0.1113
3540328,0.10718
3540329,0.10231
3540330,0.1035
3540331,0.10588
3540332,0.10476
3540333,0.09874
3540334,0.08671
3540335,0.07631
3540336,0.06648
3540337,0.07671
3540338,0.08801
3540339,0.08321
3540340,0.08517
3540341,0.08785
3540342,0.08758
3540343,0.07767
3540344,0.07482
3540345,0.07812
3540346,0.08871
3540347,0.09071
3540348,0.08854
3540349,0.08758
3540350,0.08867
3540351,0.09211
3540352,0.08251
3540353,0.08273
3540354,0.07581
3540355,0.07616
3540356,0.06946
3540357,0.05895
3540358,0.06797
3540359,0.06667
3540362,0.05793
3540363,0.05706
3540364,0.04863
3540365,0.0478
3540366,0.03995
3540367,0.03928
3540368,0.0392
3540369,0.03636
3540370,0.03001
3540371,0.03566
3540372,0.03775
3540373,0.03324
3540374,0.02808
3540375,0.02478
3540376,0.02062
3540377,0.0158
3540378,0.01818
3540379,0.023
3540380,0.02339
3540381,0.02067
3540382,0.01805
3540383,0.02344
3540384,0.03731
3540385,0.04119
3540386,0.04339
3540387,0.04035
3540388,0.03629
3540389,0.02473
3540390,0.02925
3540391,0.03992
3540392,0.03878
3540393,0.03476
3540394,0.02726
3540395,0.02485
3540396,0.03104
3540397,0.02987
3540398,0.02902
3540399,0.03394
3540400,0.02848
3540401,0.01972
3540404,0.02069
3540405,0.01859
3540406,0.0113
3540407,0.01113
3540408,0.01252
3540409,0
3540410,0
3540411,0.00786
3540412,0.01775
3540415,0
3540416,0
3540417,0
3540418,0
3540419,0
3540420,0
3540428,0
3540429,0
3540430,0
3540431,0
3540432,0
3540433,0
3540434,0
3540435,0
3540436,0
3540437,0
3540438,0
3540440,0.03481
3540458,0
3540459,0
3540460,0
3540461,0
3540462,0
3540470,0
3540471,0
3540472,0
3540473,0
3540474,0
3540475,0
3540476,0
3540478,0
3540479,0
3540555,0
3540556,0
3540557,0
3540558,0
3540559,0
3540560,0
3540562,0
3540563,0
3540564,0
3540779,0.16231
3540780,0.13933
3540786,0.13894
3543894,0
3543895,0
3543896,0
3543898,0.02897
3543899,0.02219
3543900,0.02134
3543901,0.0202
3543902,0.02825
3543903,0.0455
3543904,0.05342
3543905,0.05747
3543906,0.05147
3543907,0.06405
3543908,0.06506
3543909,0.08483
3543910,0.10138
3543911,0.11385
3543912,0.11403
3543913,0.11328
3543914,0.13033
3543915,0.11815
3543916,0.104
3543917,0.11236
3543918,0.10302
3543919,0.11788
3543920,0.12254
3543921,0.13311
3543922,0.1355
3543923,0.12787
3543924,0.12683
3543925,0.13007
3543926,0.12525
3543927,0.12974
3543928,0.12484
3543929,0.12624
3543930,0.13064
3543931,0.14121
3543932,0.14145
3543933,0.13389
3543934,0.13199
3543935,0.13853
3543936,0.1336
3543937,0.12205
3543938,0.12773
3543939,0.13099
3543940,0.12705
3543941,0.12422
3543942,0.11476
3543943,0.10946
3543944,0.11688
3543945,0.112
3543946,0.10943
3543947,0.10724
3543948,0.10663
3543949,0.10371
3543950,0.10395
3543951,0.09509
3543952,0.09109
3543953,0.08418
3543954,0.08978
3543955,0.10065
3543956,0.09408
3543957,0.09046
3543958,0.08453
3543959,0.09003
3543960,0.08118
3543961,0.08467
3543962,0.08582
3543963,0.08892
3543964,0.09382
3543965,0.0876
3543966,0.08141
3543967,0.09207
3543968,0.09151
3543969,0.08742
3543970,0.09009
3543971,0.09149
3543972,0.09156
3543973,0.08279
3543974,0.07414
3543975,0.07228
3543976,0.06182
3543977,0.05652
3543978,0.0465
3543979,0.05044
3543980,0.05297
3543981,0.04516
3543982,0.04971
3543983,0.0514
3543984,0.04185
3543985,0.04052
3543986,0.04232
3543987,0.04174
3543988,0.04319
3543989,0.03623
3543990,0.03539
3543991,0.03551
3543992,0.03506
3543993,0.03899
3543994,0.03326
3543995,0.03039
3543996,0.02891
3543997,0.02791
3543998,0.03053
3543999,0.02907
3544000,0.03267
3544001,0.03975
3544002,0.04207
3544003,0.04279
3544004,0.04059
3544005,0.03422
3544006,0.0276
3544007,0.03383
3544008,0.03431
3544009,0.03787
3544010,0.03247
3544011,0.02821
3544012,0.02968
3544013,0.02667
3544014,0.02394
3544015,0.02992
3544016,0.02655
3544017,0.0232
3544018,0.01757
3544021,0.02436
3544022,0.01882
3544023,0.01098
3544024,0.00687
3544025,0.01031
3544032,0
3544033,0
3544034,0
3544035,0
3544036,0
3544037,0
3544047,0
3544048,0
3544049,0
3544050,0
3544055,0
3544057,0.03802
3544087,0
3544088,0
3544089,0
3544090,0
3544091,0
3544092,0
3544094,0
3544175,0
3544176,0
3544177,0
3544179,0
3544181,0
3544396,0.15478
3544397,0.13053
3544398,0.13526
3544403,0.1525
3544404,0.16592
3547512,0
3547513,0
3547514,3.8e-4
3547515,0.02351
3547516,0.03512
3547520,0.04775
3547521,0.05706
3547522,0.06491
3547524,0.07042
3547525,0.05266
3547526,0.06403
3547527,0.0875
3547529,0.09068
3547530,0.10363
3547531,0.12094
3547532,0.10204
3547533,0.08105
3547534,0.07789
3547535,0.07612
3547536,0.08299
3547537,0.09052
3547538,0.12032
3547540,0.11462
3547541,0.10837
3547542,0.11369
3547543,0.11193
3547544,0.12685
3547545,0.12515
3547546,0.12503
3547547,0.12588
3547548,0.1307
3547549,0.1338
3547550,0.13417
3547551,0.13758
3547552,0.14865
3547553,0.14503
3547554,0.1258
3547555,0.13277
3547556,0.13907
3547557,0.13289
3547558,0.12561
3547559,0.11078
3547560,0.10468
3547561,0.12411
3547562,0.1297
3547563,0.12486
3547564,0.11519
3547565,0.1071
3547566,0.10515
3547567,0.10797
3547568,0.09741
3547569,0.09599
3547570,0.09308
3547571,0.09258
3547572,0.10188
3547573,0.1047
3547574,0.09991
3547575,0.08165
3547576,0.08404
3547577,0.08179
3547578,0.09292
3547579,0.09757
3547580,0.09388
3547581,0.09165
3547582,0.08417
3547583,0.08376
3547584,0.09165
3547585,0.09469
3547586,0.09114
3547587,0.09429
3547588,0.09347
3547589,0.09414
3547590,0.0859
3547591,0.07773
3547592,0.07604
3547593,0.06807
3547594,0.05586
3547595,0.05182
3547596,0.06008
3547597,0.06143
3547598,0.05124
3547599,0.05377
3547600,0.05003
3547601,0.03858
3547602,0.03977
3547603,0.04007
3547604,0.04511
3547605,0.04732
3547606,0.0398
3547607,0.03776
3547608,0.04144
3547609,0.04322
3547610,0.03954
3547611,0.03991
3547612,0.03596
3547613,0.03309
3547614,0.03402
3547615,0.03244
3547616,0.02983
3547617,0.03241
3547618,0.04202
3547619,0.04285
3547620,0.0408
3547621,0.03611
3547622,0.02985
3547623,0.02465
3547624,0.02314
3547625,0.02624
3547626,0.03074
3547627,0.02704
3547628,0.02886
3547629,0.02881
3547630,0.01747
3547631,0.0187
3547632,0.02901
3547633,0.02168
3547639,0.01812
3547640,0.00748
3547641,0.00439
3547642,0.00607
3547649,0
3547650,0
3547651,0
3547652,0
3547653,0
3547654,0
3547666,0
3547667,0
3547672,0
3547674,0.03514
3547704,0
3547705,0
3547706,0
3547707,0
3547709,0
3547791,0
3547792,0
3547793,0
3547794,0
3547796,0
3547797,0
3547798,0
3548013,0.15968
3548014,0.14512
3548021,0.16001
3548022,0.1582
3551129,0
3551130,0
3551131,0.00884
3551132,0.02846
3551137,0.06052
3551138,0.06625
3551139,0.06666
3551140,0.06069
3551141,0.06699
3551142,0.05528
3551143,0.06358
3551144,0.08319
3551150,0.06427
3551152,0.04042
3551153,0.01749
3551154,0.02587
3551159,0.0866
3551160,0.09382
3551161,0.11483
3551162,0.11842
3551163,0.12603
3551164,0.12137
3551165,0.1262
3551166,0.12798
3551167,0.13211
3551168,0.13467
3551169,0.13921
3551170,0.15088
3551171,0.14005
3551172,0.13471
3551173,0.1401
3551174,0.13345
3551175,0.13327
3551176,0.117
3551177,0.11575
3551178,0.13458
3551179,0.13536
3551180,0.13549
3551181,0.1297
3551182,0.12035
3551183,0.11959
3551184,0.11369
3551185,0.10811
3551186,0.10708
3551187,0.10631
3551188,0.10735
3551189,0.11074
3551190,0.11043
3551191,0.10553
3551192,0.09545
3551193,0.09976
3551194,0.08756
3551195,0.08307
3551196,0.09626
3551197,0.10357
3551198,0.09794
3551199,0.08918
3551200,0.09006
3551201,0.09647
3551202,0.10989
3551203,0.09997
3551204,0.09461
3551205,0.09481
3551206,0.09485
3551207,0.0918
3551208,0.08277
3551209,0.07865
3551210,0.07304
3551211,0.06213
3551212,0.05709
3551213,0.0652
3551214,0.06771
3551215,0.05638
3551216,0.06337
3551217,0.05764
3551218,0.05345
3551219,0.05173
3551220,0.04743
3551221,0.0437
3551222,0.04485
3551223,0.04812
3551224,0.04393
3551225,0.04494
3551226,0.04814
3551227,0.04312
3551228,0.04294
3551229,0.03576
3551230,0.02753
3551231,0.02991
3551232,0.03399
3551233,0.03113
3551234,0.03124
3551235,0.03586
3551236,0.03661
3551237,0.03342
3551238,0.02913
3551239,0.02446
3551240,0.01724
3551241,0.01722
3551242,0.02309
3551243,0.02551
3551244,0.02567
3551245,0.02587
3551246,0.02563
3551247,0.02373
3551248,0.02664
3551249,0.02148
3551250,0.01149
3551264,0
3551266,0
3551267,0
3551268,0
3551269,0
3551274,0
3551288,0
3551289,0
3551291,0.02682
3551324,0
3551325,0
3551326,0
3551328,0
3551329,0
3551408,0
3551410,0
3551411,0
3551412,0
3551413,0
3551414,0
3551630,0.15729
3551631,0.13882
3551632,0.12352
3551639,0.14105
3551640,0.15961
3554747,0.00235
3554748,0.02192
3554749,0.04433
3554751,0.05179
3554752,0.05431
3554754,0.06026
3554755,0.06173
3554756,0.06244
3554757,0.05171
3554758,0.05197
3554759,0.05503
3554760,0.07482
3554770,0
3554777,0.09452
3554778,0.1205
3554779,0.11347
3554780,0.11878
3554781,0.12649
3554782,0.12487
3554783,0.12809
3554784,0.13431
3554785,0.14239
3554786,0.14225
3554787,0.15108
3554788,0.15047
3554789,0.15008
3554790,0.14284
3554791,0.14198
3554792,0.1409
3554793,0.13249
3554794,0.1328
3554795,0.1449
3554796,0.14737
3554797,0.14564
3554798,0.13941
3554799,0.12926
3554800,0.13821
3554801,0.12459
3554802,0.1235
3554803,0.12415
3554804,0.12007
3554805,0.11844
3554806,0.12114
3554807,0.11605
3554808,0.10551
3554809,0.10447
3554810,0.10779
3554811,0.10387
3554812,0.09762
3554813,0.09552
3554814,0.10513
3554815,0.10409
3554816,0.09776
3554817,0.09735
3554818,0.10127
3554819,0.11383
3554820,0.10722
3554821,0.09031
3554822,0.09414
3554823,0.09713
3554824,0.09528
3554825,0.08834
3554826,0.07941
3554827,0.0751
3554828,0.06899
3554829,0.06318
3554830,0.06221
3554831,0.07016
3554832,0.06609
3554833,0.06626
3554834,0.0624
3554835,0.06272
3554836,0.06728
3554837,0.05992
3554838,0.05019
3554839,0.04769
3554840,0.05227
3554841,0.04991
3554842,0.04812
3554843,0.04895
3554844,0.04359
3554845,0.03652
3554846,0.03938
3554847,0.03887
3554848,0.04026
3554849,0.04115
3554850,0.03556
3554851,0.03171
3554852,0.0316
3554853,0.03316
3554854,0.03182
3554855,0.03247
3554856,0.02741
3554857,0.02254
3554858,0.02243
3554859,0.02449
3554860,0.0274
3554861,0.0271
3554862,0.0232
3554863,0.02665
3554864,0.02433
3554865,0.02126
3554866,0.01584
3554867,0.01463
3554880,0
3554881,0
3554884,0
3554885,0
3554891,0
3554905,0
3554906,0
3554908,0.0227
3554928,0
3554929,0
3554945,0
3554948,0
3555025,0
3555026,0
3555027,0
3555028,0
3555029,0
3555247,0.16209
3555248,0.15347
3555249,0.14639
3555250,0.13966
3555256,0.13197
3555257,0.14673
3555258,0.15845
3558364,0.00573
3558365,0.01491
3558366,0.03269
3558368,0.04316
3558369,0.04908
3558371,0.05748
3558372,0.05405
3558373,0.04635
3558374,0.04672
3558375,0.04405
3558376,0.04741
3558377,0.06137
3558395,0.11385
3558396,0.10686
3558397,0.12035
3558398,0.11221
3558399,0.10252
3558400,0.10807
3558401,0.13222
3558402,0.15312
3558403,0.151
3558404,0.15353
3558405,0.16627
3558406,0.16549
3558407,0.15401
3558408,0.1513
3558409,0.15043
3558410,0.14852
3558411,0.15584
3558412,0.16526
3558413,0.15402
3558414,0.14925
3558415,0.14598
3558416,0.14139
3558417,0.13636
3558418,0.12527
3558419,0.13117
3558420,0.12836
3558421,0.13595
3558422,0.13473
3558423,0.12286
3558424,0.10762
3558425,0.10037
3558426,0.10295
3558427,0.11445
3558428,0.11695
3558429,0.10833
3558430,0.10162
3558431,0.1038
3558432,0.10426
3558433,0.10508
3558434,0.10438
3558435,0.10572
3558436,0.12177
3558437,0.11785
3558438,0.10076
3558439,0.10236
3558440,0.10635
3558441,0.10482
3558442,0.09776
3558443,0.08893
3558444,0.07613
3558445,0.0794
3558446,0.08819
3558447,0.07767
3558448,0.07687
3558449,0.07215
3558450,0.07193
3558451,0.07124
3558452,0.07193
3558453,0.07515
3558454,0.07207
3558455,0.06296
3558456,0.05359
3558457,0.04947
3558458,0.04551
3558459,0.04478
3558460,0.05169
3558461,0.04799
3558462,0.03978
3558463,0.04021
3558464,0.03742
3558465,0.0374
3558466,0.03607
3558467,0.03024
3558468,0.03445
3558469,0.03668
3558470,0.04053
3558471,0.03573
3558472,0.02937
3558473,0.01947
3558474,0.02208
3558475,0.02769
3558476,0.02856
3558477,0.02556
3558478,0.03044
3558479,0.01955
3558480,0.02459
3558481,0.02334
3558482,0.02356
3558483,0.0242
3558484,0.02394
3558497,0
3558498,0
3558501,0
3558502,0
3558508,0
3558522,0
3558524,0.01549
3558545,0
3558546,0
3558562,0
3558565,0
3558642,0
3558643,0
3558644,0
3558645,0
3558646,0
3558863,0.1613
3558864,0.16603
3558865,0.16018
3558866,0.15817
3558867,0.13394
3558874,0.13812
3558875,0.14301
3561981,0.02143
3561982,0.01598
3561983,0.02902
3561985,0.04718
3561988,0.05464
3561989,0.05372
3561990,0.04189
3561991,0.04309
3561992,0.03752
3561993,0.04427
3562016,0.07235
3562017,0.07793
3562019,0.1563
3562020,0.15149
3562021,0.15049
3562022,0.16389
3562023,0.16767
3562024,0.16347
3562025,0.15777
3562026,0.15687
3562027,0.15845
3562028,0.16581
3562029,0.17459
3562030,0.15732
3562031,0.14944
3562032,0.14866
3562033,0.14372
3562034,0.13624
3562035,0.1386
3562036,0.14603
3562037,0.14374
3562038,0.14234
3562039,0.13406
3562040,0.12241
3562041,0.11036
3562042,0.10548
3562043,0.10713
3562044,0.11573
3562045,0.11709
3562046,0.11383
3562047,0.12078
3562048,0.10792
3562049,0.09195
3562050,0.09974
3562051,0.10888
3562052,0.1228
3562053,0.13503
3562054,0.12
3562055,0.10478
3562056,0.09699
3562057,0.09716
3562058,0.10005
3562059,0.10233
3562060,0.09548
3562061,0.07904
3562062,0.08646
3562063,0.09164
3562064,0.08698
3562065,0.08545
3562066,0.08099
3562067,0.08173
3562068,0.07044
3562069,0.07217
3562070,0.07743
3562071,0.0739
3562072,0.06222
3562073,0.05138
3562074,0.04714
3562075,0.04698
3562076,0.04601
3562077,0.04992
3562078,0.04724
3562079,0.03703
3562080,0.03883
3562081,0.04213
3562082,0.04274
3562083,0.03754
3562084,0.0299
3562085,0.02332
3562086,0.03515
3562087,0.03739
3562088,0.02865
3562089,0.02299
3562090,0.01887
3562091,0.01652
3562092,0.01709
3562093,0.02407
3562094,0.02379
3562095,0.02883
3562096,0.02291
3562097,0.02321
3562098,0.01982
3562099,0.02832
3562100,0.03943
3562139,0
3562141,0.00872
3562162,0
3562163,0
3562235,0
3562236,0
3562260,0
3562261,0
3562262,0
3562482,0.16287
3562483,0.15214
3562484,0.13013
3562485,0.10745
3562486,0.08495
3562492,0.13752
3562493,0.15256
3565599,0
3565600,0.01643
3565605,0.047
3565606,0.05244
3565607,0.04208
3565608,0.03254
3565609,0.03446
3565610,0.03846
3565637,0.15416
3565638,0.14511
3565639,0.15622
3565640,0.16661
3565641,0.16506
3565642,0.15793
3565643,0.15853
3565644,0.16984
3565645,0.1768
3565646,0.16969
3565647,0.16192
3565648,0.15402
3565649,0.14723
3565650,0.15388
3565651,0.15064
3565652,0.14801
3565653,0.14076
3565654,0.13326
3565655,0.14751
3565656,0.13761
3565657,0.12445
3565658,0.11215
3565659,0.11037
3565660,0.11295
3565661,0.11487
3565662,0.11156
3565663,0.11353
3565664,0.11818
3565665,0.11111
3565666,0.10608
3565667,0.11136
3565668,0.1165
3565669,0.13296
3565670,0.13468
3565671,0.11891
3565672,0.11558
3565673,0.10957
3565674,0.10326
3565675,0.09142
3565676,0.10424
3565677,0.10161
3565678,0.09722
3565679,0.10077
3565680,0.09981
3565681,0.09527
3565682,0.09189
3565683,0.08688
3565684,0.07809
3565685,0.07522
3565686,0.07876
3565687,0.08429
3565688,0.07983
3565689,0.07414
3565690,0.06141
3565691,0.05664
3565692,0.05588
3565693,0.05189
3565694,0.05032
3565695,0.04647
3565696,0.03948
3565697,0.03874
3565698,0.0429
3565699,0.04244
3565700,0.04351
3565701,0.03378
3565702,0.03146
3565703,0.03742
3565704,0.03461
3565705,0.02298
3565706,0.01017
3565707,0.01211
3565708,0.01815
3565709,0.02035
3565710,0.01904
3565711,0.02042
3565712,0.0202
3565713,0.02019
3565714,0.01651
3565715,0.01621
3565716,0.02821
3565717,0.02696
3565756,0
3565758,0
3565763,7.2e-4
3565764,0.00883
3565851,0
3565852,0
3565853,0
3566099,0.16708
3566100,0.16517
3566101,0.15778
3566102,0.13418
3566103,0.10304
3566110,0.14151
3566111,0.14351
3566112,0.1397
3569222,0.0392
3569223,0.05034
3569224,0.0436
3569225,0.03247
3569226,0.02753
3569227,0.04032
3569254,0.14859
3569255,0.14487
3569256,0.15403
3569257,0.17081
3569258,0.17182
3569259,0.17141
3569260,0.17552
3569261,0.17596
3569262,0.1771
3569263,0.17038
3569264,0.16477
3569265,0.15413
3569266,0.15242
3569267,0.1619
3569268,0.15631
3569269,0.15399
3569270,0.14971
3569271,0.13806
3569272,0.1442
3569273,0.13774
3569274,0.12411
3569275,0.11656
3569276,0.11559
3569280,0.12294
3569281,0.11069
3569282,0.11297
3569283,0.11009
3569284,0.11561
3569285,0.1176
3569286,0.1276
3569287,0.12855
3569288,0.11823
3569289,0.11344
3569290,0.11253
3569291,0.10718
3569292,0.09559
3569293,0.10609
3569294,0.11622
3569295,0.11772
3569296,0.1083
3569297,0.10693
3569298,0.10752
3569299,0.10784
3569300,0.0969
3569301,0.08832
3569302,0.09048
3569303,0.08626
3569304,0.08942
3569305,0.0833
3569306,0.07509
3569307,0.07045
3569308,0.06431
3569309,0.0597
3569310,0.05164
3569311,0.0445
3569312,0.0359
3569313,0.02885
3569314,0.03698
3569315,0.04344
3569316,0.04235
3569317,0.0395
3569318,0.0341
3569319,0.03793
3569320,0.03988
3569321,0.03137
3569322,0.01764
3569323,0.00655
3569324,0.00642
3569325,0.01575
3569326,0.0197
3569327,0.02085
3569328,0.02008
3569329,0.01492
3569330,0.01523
3569331,0.01036
3569332,0.00778
3569333,0.01687
3569373,0
3569375,0
3569379,0
3569380,0
3569381,0.00809
3569382,0.00627
3569383,0.00969
3569716,0.16633
3569717,0.16875
3569718,0.16468
3569719,0.15238
3569720,0.13566
3569728,0.12284
3569729,0.12225
3572837,0.03458
3572838,0.04418
3572839,0.03549
3572840,0.03971
3572841,0.03148
3572842,0.03274
3572872,0.14152
3572873,0.16083
3572874,0.167
3572875,0.17904
3572876,0.18217
3572877,0.18238
3572878,0.17892
3572879,0.17251
3572880,0.16418
3572881,0.16034
3572882,0.1588
3572883,0.16024
3572884,0.1605
3572885,0.155
3572886,0.15599
3572887,0.15637
3572888,0.15451
3572889,0.15016
3572890,0.12899
3572891,0.12017
3572892,0.12355
3572897,0.12079
3572898,0.11155
3572899,0.11405
3572900,0.11777
3572901,0.1179
3572902,0.11056
3572903,0.11416
3572904,0.12068
3572905,0.12391
3572906,0.11297
3572907,0.10749
3572908,0.09944
3572909,0.09313
3572910,0.1057
3572911,0.11623
3572912,0.1143
3572913,0.11654
3572914,0.11723
3572915,0.11315
3572916,0.11279
3572917,0.10479
3572918,0.10173
3572919,0.10153
3572920,0.09352
3572921,0.0909
3572922,0.08709
3572923,0.08141
3572924,0.0716
3572925,0.06686
3572926,0.05983
3572927,0.04718
3572928,0.03685
3572929,0.03354
3572930,0.0357
3572931,0.03982
3572932,0.0426
3572933,0.04072
3572934,0.03293
3572935,0.02853
3572936,0.02794
3572937,0.0377
3572938,0.03189
3572939,0.0197
3572940,0.01262
3572941,0.01019
3572942,0.01092
3572943,0.01413
3572944,0.01653
3572945,0.01315
3572946,0.01238
3572947,0.01717
3572948,0.01366
3572949,0.006
3572973,0
3572974,0
3572989,0
3572990,0
3572991,0
3572995,0
3572996,0
3572997,0
3572998,0
3572999,0.00297
3573334,0.16881
3573335,0.16918
3573336,0.16332
3573345,0.09774
3573346,0.11314
3573347,0.12841
3573350,0.15842
3573351,0.16417
3576454,0.00684
3576456,0.01695
3576457,0.0332
3576458,0.04105
3576459,0.05547
3576489,0.14781
3576490,0.15587
3576491,0.16839
3576492,0.17992
3576493,0.17901
3576494,0.17476
3576495,0.16538
3576496,0.15822
3576497,0.1634
3576498,0.16209
3576499,0.16377
3576500,0.16124
3576501,0.15384
3576502,0.14992
3576503,0.15142
3576504,0.15766
3576505,0.1601
3576506,0.14721
3576507,0.12384
3576508,0.10807
3576509,0.11728
3576514,0.13274
3576515,0.13228
3576516,0.12857
3576517,0.13478
3576518,0.13494
3576519,0.12706
3576520,0.1145
3576521,0.11578
3576522,0.123
3576523,0.11117
3576524,0.10713
3576525,0.0992
3576526,0.09511
3576527,0.1145
3576528,0.11568
3576529,0.11244
3576530,0.12
3576531,0.12336
3576532,0.1179
3576533,0.11342000000000001
3576534,0.10664
3576535,0.10425
3576536,0.10417
3576537,0.09778
3576538,0.08715
3576539,0.08871
3576540,0.08302
3576541,0.07293
3576542,0.06873
3576543,0.06737
3576544,0.05122
3576545,0.04123
3576546,0.03872
3576547,0.04371
3576548,0.04165
3576549,0.03965
3576550,0.03949
3576551,0.03487
3576552,0.0308
3576553,0.02716
3576554,0.03373
3576555,0.03246
3576556,0.0224
3576557,0.01486
3576558,0.01406
3576559,0.00896
3576560,0.01128
3576561,0.01705
3576562,0.01237
3576563,0.01337
3576564,0.01812
3576565,0.01317
3576566,0.00689
3576585,0
3576586,0
3576587,0
3576588,0
3576589,0
3576590,0
3576591,0
3576592,0
3576605,0
3576606,0
3576607,0
3576612,0
3576613,0
3576614,0
3576615,0
3576669,0
3576697,0
3576718,0
3576719,0
3576735,0
3576952,0.16841
3576953,0.15767
3576954,0.12657
3576962,0.07232
3576963,0.09292
3576964,0.11259
3576965,0.12227
3576966,0.14111
3576967,0.15822
3576968,0.16394
3576969,0.1639
3576970,0.15989
3580070,0
3580071,0
3580072,0
3580073,2.7e-4
3580074,0.03667
3580075,0.0538
3580106,0.14849
3580107,0.13122
3580108,0.14042
3580109,0.1504
3580110,0.17098
3580111,0.16374
3580112,0.14884
3580113,0.15415
3580114,0.16442
3580115,0.17423
3580116,0.16153
3580117,0.15179
3580118,0.15018
3580119,0.14802
3580120,0.14723
3580121,0.15291
3580122,0.15944
3580123,0.14389
3580124,0.1227
3580125,0.10183
3580126,0.10052
3580132,0.14241
3580133,0.13448
3580134,0.14133
3580137,0.10142
3580138,0.0952
3580139,0.1111
3580140,0.11562
3580141,0.11725
3580142,0.11546
3580143,0.11084
3580144,0.12294
3580145,0.11643
3580146,0.10631
3580147,0.1087
3580148,0.11061
3580149,0.10986
3580150,0.11472
3580151,0.11434
3580152,0.10491
3580153,0.10344
3580154,0.10015
3580155,0.08478
3580156,0.08642
3580157,0.08665
3580158,0.07991
3580159,0.07199
3580160,0.06789
3580161,0.0592
3580162,0.05397
3580163,0.05001
3580164,0.05365
3580165,0.05588
3580166,0.04792
3580167,0.04773
3580168,0.04427
3580169,0.03831
3580170,0.04189
3580171,0.04298
3580172,0.04124
3580173,0.03262
3580174,0.03005
3580175,0.02721
3580176,0.01603
3580177,0.01711
3580178,0.01819
3580179,0.01428
3580180,0.0146
3580181,0.01134
3580182,0.01158
3580183,0.01124
3580202,0
3580203,0
3580204,0
3580205,0
3580206,0
3580207,0
3580208,0
3580209,0
3580222,0
3580223,0
3580224,0
3580229,0
3580230,0.01097
3580231,0.00131
3580232,0
3580286,0
3580314,0
3580315,0
3580334,0
3580335,0
3580336,0
3580568,0.16172
3580569,0.16342
3580570,0.14953
3580571,0.10918
3580572,0.07684
3580579,0.05661
3580580,0.0714
3580581,0.09573
3580582,0.11252
3580583,0.12217
3580586,0.17062
3580587,0.16687
3583688,0
3583723,0.14006
3583724,0.0792
3583725,0.09519
3583726,0.12269
3583727,0.17001
3583728,0.17403
3583729,0.15916
3583730,0.1635
3583731,0.17381
3583732,0.19284
3583733,0.16217
3583734,0.14717
3583735,0.15214
3583736,0.16429
3583737,0.15735
3583738,0.15492
3583739,0.15456
3583740,0.14137
3583741,0.13234
3583742,0.10224
3583754,0.0915
3583755,0.08933
3583756,0.10535
3583757,0.11893
3583758,0.12779
3583759,0.12827
3583760,0.13156
3583761,0.13898
3583762,0.13017
3583763,0.11846
3583764,0.11181
3583765,0.11189
3583766,0.11478
3583767,0.11609
3583768,0.11369
3583769,0.10914
3583770,0.10589
3583771,0.09586
3583772,0.08573
3583773,0.08594
3583774,0.08903
3583775,0.08619
3583776,0.0769
3583777,0.07767
3583778,0.07491
3583779,0.06611
3583780,0.05319
3583781,0.05623
3583782,0.05703
3583783,0.05072
3583784,0.05158
3583785,0.05065
3583786,0.05058
3583787,0.04561
3583788,0.04546
3583789,0.04954
3583790,0.0468
3583791,0.04462
3583792,0.03676
3583793,0.02816
3583794,0.02393
3583795,0.02514
3583796,0.02202
3583797,0.01922
3583798,0.02016
3583799,0.01786
3583800,0.01094
3583819,0
3583820,0
3583821,0
3583822,0
3583823,0
3583824,0
3583825,0
3583826,0
3583827,0
3583828,0
3583829,0
3583839,0
3583840,0
3583841,0
3583844,0
3583845,0
3583846,0
3583847,0.00855
3583848,0.00491
3583849,0
3583931,0
3583932,0
3583951,0
3583953,0
3583968,0
3584186,0.16234
3584187,0.15015
3584188,0.11872
3584189,0.09222
3584195,0.02711
3584196,0.04156
3584197,0.0546
3584198,0.07672
3584199,0.09282
3584200,0.08345
3584204,0.1831
3584205,0.17165
3587306,0
3587307,0
3587308,0
3587310,0
3587311,0
3587312,0
3587313,0
3587314,0
3587343,0.12389
3587345,0.18963
3587346,0.18364
3587347,0.18432
3587348,0.18313
3587350,0.17017
3587351,0.1654
3587352,0.17308
3587353,0.18182
3587354,0.17204
3587355,0.16548
3587356,0.17451
3587357,0.16054
3587358,0.14178
3587359,0.1058
3587374,0.13351
3587375,0.14787
3587376,0.15434
3587377,0.16712
3587378,0.15807
3587379,0.1471
3587380,0.14111
3587381,0.13599
3587382,0.12823
3587383,0.13003
3587384,0.12754
3587385,0.11967
3587386,0.11875
3587387,0.10881
3587388,0.09617
3587389,0.09268
3587390,0.09659
3587391,0.1002
3587392,0.10404
3587393,0.09253
3587394,0.09599
3587395,0.08699
3587396,0.07889
3587397,0.0697
3587398,0.05841
3587399,0.05003
3587400,0.04509
3587401,0.04943
3587402,0.04897
3587403,0.04635
3587404,0.03847
3587405,0.03953
3587408,0.05324
3587409,0.04326
3587410,0.03076
3587411,0.02443
3587412,0.02407
3587413,0.02111
3587414,0.01566
3587415,0.01814
3587416,0.0145
3587417,0.01093
3587437,0
3587438,0
3587439,0
3587440,0
3587441,0
3587442,0
3587443,0
3587444,0
3587445,0
3587446,0
3587461,0
3587462,0
3587463,0
3587464,0
3587465,0.01056
3587466,0.00879
3587467,0.00265
3587476,0.02797
3587548,0
3587549,0
3587568,0
3587569,0
3587570,0
3587804,0.15234
3587805,0.13564
3587806,0.12547
3587807,0.12336
3587811,0.07654
3587812,0.04838
3587813,0.0416
3587814,0.0493
3587815,0.06931
3587816,0.08316
3587817,0.08267
3587822,0.17419
3587823,0.16335
3590923,0
3590924,0
3590925,0
3590926,0
3590927,0
3590928,0
3590929,0
3590930,0
3590931,0
3590932,0
3590974,0.17129
3590975,0.13631
3590997,0.11336
3590998,0.13327
3591012,0.08571
3591013,0.08038
3591014,0.07015
3591015,0.05412
3591016,0.04384
3591017,0.04046
3591018,0.04397
3591019,0.04164
3591020,0.04109
3591021,0.03502
3591022,0.03319
3591025,0.01594
3591027,0.03048
3591028,0.02383
3591029,0.01908
3591030,0.01854
3591031,0.01664
3591032,0.01735
3591033,0.02065
3591055,0
3591056,0
3591057,0
3591058,0
3591059,0
3591060,0
3591061,0
3591062,0
3591076,0
3591077,0
3591078,0
3591079,0
3591081,0
3591082,0.00706
3591083,0.00725
3591084,0.00626
3591092,0.02792
3591093,0.03272
3591161,0
3591162,0
3591185,0
3591186,0
3591187,0
3591190,0
3591191,0
3591192,0
3591423,0.14287
3591424,0.14278
3591425,0.13866
3591426,0.1419
3591427,0.13556000000000001
3591428,0.09861
3591429,0.07303
3591430,0.05942
3591431,0.05768
3591432,0.08299
3591433,0.09576
3591434,0.09719
3591435,0.096560000000000007
3591436,0.10941
3591441,0.15295
3594541,0
3594542,0
3594544,0
3594545,0
3594546,0
3594549,0
3594550,0
3594551,0
3594552,0
3594553,0
3594614,0.05903
3594615,0.12138
3594629,0.09363
3594630,0.08243
3594631,0.07034
3594632,0.05108
3594633,0.04332
3594634,0.04134
3594635,0.04278
3594636,0.04219
3594637,0.04512
3594638,0.03947
3594639,0.03014
3594640,0.02148
3594641,0.016
3594643,0.00657
3594645,0.02829
3594646,0.02867
3594647,0.02188
3594648,0.02125
3594649,0.02257
3594650,0.02965
3594667,0
3594668,0
3594669,0
3594670,0
3594673,0
3594674,0
3594675,0
3594676,0
3594692,0
3594693,0
3594694,0
3594695,0
3594696,0
3594698,0
3594699,0
3594700,0.00337
3594772,0
3594773,0
3594774,0
3594778,0
3594779,0
3594801,0
3594802,0
3594803,0
3594804,0
3594805,0
3594806,0
3594807,0
3594808,0
3595041,0.14999
3595042,0.14584
3595043,0.15452
3595045,0.1073
3595046,0.08645
3595047,0.08409
3595048,0.08214
3595052,0.10757
3595053,0.1118
3595058,0.1512
3595059,0.1487
3598158,0
3598159,0
3598160,0
3598161,0
3598162,0
3598163,0
3598166,0
3598167,0
3598168,0
3598169,0
3598231,0
3598243,0.07823
3598245,0.0971
3598246,0.09941
3598247,0.09169
3598248,0.07019
3598249,0.04968
3598250,0.05157
3598251,0.04589
3598252,0.05122
3598253,0.05305
3598254,0.04966
3598255,0.04165
3598256,0.03348
3598257,0.02599
3598258,0.0265
3598259,0.02035
3598260,0.00464
3598261,0.01164
3598262,0.04654
3598263,0.04659
3598264,0.02448
3598265,0.02671
3598266,0.03073
3598267,0.03838
3598284,0
3598285,0
3598286,0
3598287,0
3598290,0
3598291,0
3598292,0
3598293,0
3598309,0
3598310,0
3598312,0
3598313,0
3598315,0
3598316,0
3598317,0.00189
3598389,0
3598391,0
3598395,0
3598418,0
3598419,0
3598420,0
3598421,0
3598422,0
3598423,0
3598424,0
3598425,0
3598658,0.14854
3598659,0.14601
3598662,0.11478
3598663,0.10525
3598664,0.10608
3598665,0.10646
3598669,0.11716
3598670,0.11445
3598671,0.10687
3598675,0.15767
3598676,0.1507
3601785,0
3601848,0
3601852,0
3601857,0.13347
3601858,0.12741
3601859,0.10828
3601860,0.09299
3601861,0.09291
3601862,0.09767
3601863,0.08836
3601864,0.06867
3601868,0.04813
3601869,0.05379
3601870,0.05606
3601871,0.05171
3601872,0.04267
3601873,0.03707
3601874,0.0316
3601875,0.03117
3601876,0.0289
3601877,0.01515
3601878,0.01154
3601880,0.04682
3601881,0.03443
3601882,0.03832
3601883,0.03947
3601885,0.02953
3601901,0
3601902,0
3601903,0
3601904,0
3601905,0
3601926,0
3601927,0
3601928,0
3601929,0
3601935,0.0167
3601936,0.02277
3602006,0
3602008,0
3602034,0
3602035,0
3602039,0
3602041,0
3602276,0.15002
3602277,0.14146
3602278,0.13404
3602279,0.11952
3602286,0.12006
3602287,0.11911
3602288,0.11278
3602293,0.15718
3605401,0
3605402,0
3605467,8.6e-4
3605468,0.03279
3605469,0.03739
3605470,0.02881
3605471,0.03503
3605472,0.05386
3605473,0.08578
3605474,0.14886
3605475,0.15216
3605476,0.12407
3605477,0.11278
3605478,0.11342000000000001
3605479,0.10189
3605480,0.08136
3605481,0.05923
3605482,0.05565
3605483,0.05513
3605484,0.05347
3605485,0.05155
3605486,0.0571
3605487,0.06161
3605488,0.05607
3605489,0.04699
3605490,0.0409
3605495,0.01356
3605496,0.02847
3605497,0.04177
3605498,0.04219
3605501,0.04049
3605518,0
3605519,0
3605520,0
3605521,0
3605522,0
3605545,0
3605546,0.00191
3605547,0.0097
3605548,0.01529
3605549,0.01738
3605552,0.02563
3605553,0.02781
3605554,0.02582
3605555,0.02671
3605621,0
3605622,0
3605623,0
3605624,0
3605625,0
3605650,0
3605651,0
3605652,0
3605654,0
3605655,0
3605656,0
3605657,0
3605658,0
3605892,0.15393
3605893,0.14852
3605905,0.11718
3605906,0.11636
3605910,0.1576
3605911,0.15552
3605912,0.14673
3605913,0.14147
3605914,0.13657
3605915,0.1318
3605916,0.13635
3605917,0.14002
3605918,0.14617
3609018,0
3609019,0
3609084,0.08754
3609085,0.10966
3609086,0.10796
3609087,0.09707
3609088,0.09459
3609089,0.11247
3609090,0.13712
3609091,0.16601
3609092,0.16577
3609093,0.14639
3609094,0.13654
3609095,0.13149
3609096,0.11507
3609097,0.09383
3609098,0.07671
3609099,0.06807
3609100,0.064
3609101,0.06002
3609102,0.0566
3609103,0.06515
3609104,0.07016
3609105,0.05934
3609106,0.05061
3609130,0.00593
3609131,0.0029
3609132,0.00151
3609133,0.00446
3609135,0
3609136,0
3609137,0
3609162,0.00831
3609163,0.00983
3609164,0.0051
3609166,0.01284
3609171,0.02759
3609172,0.02912
3609173,0.04262
3609174,0.04911
3609240,0
3609266,0
3609268,0
3609271,0
3609272,0
3609273,0
3609274,0
3609508,0.15048
3609509,0.15024
3609510,0.14003
3609523,0.11498
3609524,0.09631
3609530,0.13809
3609531,0.13671
3609532,0.12724
3609533,0.12062
3609534,0.12101
3609535,0.12696
3609536,0.14162
3609537,0.14568
3612635,0
3612636,0
3612637,0
3612700,0.09475
3612701,0.13943
3612702,0.16447
3612703,0.16078
3612704,0.14826
3612705,0.13699
3612706,0.14831
3612707,0.16152
3612708,0.16805
3612709,0.16132
3612710,0.15306
3612711,0.1469
3612712,0.14228
3612713,0.12569
3612714,0.10388
3612715,0.08642
3612716,0.07264
3612717,0.06774
3612718,0.06368
3612719,0.06547
3612720,0.07513
3612721,0.07527
3612722,0.06536
3612742,0.01896
3612743,0.01667
3612744,0.01736
3612746,0.00593
3612747,5e-5
3612748,0.00516
3612749,0.00584
3612750,0.00961
3612751,0.01077
3612781,0.0098
3612782,0.00158
3612783,0.00787
3612786,0.03687
3612790,0.03708
3612880,0
3612881,0
3612882,0
3612883,0
3612884,0
3612888,0
3612889,0
3612890,0
3613125,0.14182
3613126,0.13755
3613127,0.13193
3613141,0.10327
3613142,0.10895
3613143,0.11929
3613144,0.11359
3613145,0.10283
3613147,0.1308
3613149,0.124
3613150,0.10684
3613151,0.10917
3613152,0.11252
3613154,0.14469
3613155,0.15418
3613157,0.15621
3616252,0
3616253,0
3616254,0
3616255,0
3616256,0
3616257,0
3616258,0
3616259,0
3616260,0
3616261,0
3616317,0.12771
3616318,0.15994
3616319,0.1753
3616320,0.17366
3616321,0.16096
3616322,0.14244
3616323,0.14773
3616324,0.15581
3616325,0.15163
3616326,0.14996
3616327,0.14683
3616328,0.14551
3616329,0.14764
3616330,0.13109
3616331,0.10561
3616332,0.08864
3616333,0.07487
3616334,0.07136
3616335,0.0703
3616336,0.07367
3616337,0.08003
3616338,0.07701
3616339,0.07045
3616359,0.01538
3616360,0.00683
3616361,0.0065
3616363,0.00302
3616364,0
3616365,0.00778
3616366,0.01088
3616367,0.01306
3616368,0.01677
3616399,0.0198
3616400,0.0175
3616403,0.03883
3616407,0.0385
3616454,0
3616455,0
3616461,0
3616462,0
3616463,0
3616484,0
3616485,0
3616486,0
3616496,0
3616497,0
3616499,0
3616500,0
3616505,0
3616506,0
3616507,0
3616742,0.13639
3616743,0.12956
3616744,0.12648
3616753,0.13212
3616758,0.11795
3616759,0.11528
3616760,0.1185
3616761,0.11795
3616762,0.11244
3616763,0.11498
3616764,0.11964
3616765,0.12363
3616766,0.11326
3616767,0.10082
3616768,0.1077
3616769,0.10754
3616770,0.12156
3616772,0.16481
3616773,0.15734
3616774,0.15929
3619870,0
3619871,0
3619872,0
3619873,0
3619874,0
3619875,0
3619876,0
3619877,0
3619878,0
3619879,0
3619880,0
3619881,0
3619934,0.15961
3619935,0.19343
3619936,0.17429
3619937,0.16738
3619938,0.15592
3619939,0.14605
3619940,0.14777
3619941,0.14902
3619942,0.14457
3619943,0.15136
3619944,0.1534
3619945,0.152
3619946,0.15047
3619947,0.12266
3619948,0.10006
3619949,0.08813
3619950,0.07511
3619951,0.06996
3619952,0.07745
3619953,0.07967
3619977,0.00436
3619978,0.00126
3619979,0.00515
3619980,0.00841
3619981,0.0126
3619982,0.02167
3619983,0.02117
3619984,0.0191
3619985,0.02493
3619986,0.024140000000000002
3620023,0.04839
3620069,0.00905
3620070,0.00146
3620071,0
3620072,0
3620078,0
3620080,0
3620101,0
3620102,0
3620103,0
3620113,0
3620114,0
3620115,0
3620116,0
3620122,0
3620123,0
3620369,0.13346
3620370,0.14085
3620371,0.13432
3620380,0.12153
3620381,0.1187
3620382,0.11209
3620383,0.10711
3620384,0.11027
3620385,0.11206
3620386,0.1048
3620387,0.10957
3620391,0.17009
3620392,0.16737
3623496,0
3623497,0
3623498,0
3623499,0
3623511,0
3623552,0.22439
3623553,0.17995
3623554,0.15209
3623555,0.14017
3623556,0.14826
3623557,0.15537
3623558,0.15333
3623559,0.14865
3623560,0.15385
3623561,0.16713
3623562,0.16263
3623564,0.1062
3623565,0.09023
3623566,0.07839
3623567,0.06405
3623568,0.05896
3623594,0.0158
3623595,0.00637
3623596,0.01534
3623597,0.02228
3623606,0.01252
3623607,0.01878
3623681,0.02944
3623682,0.02312
3623683,0.01858
3623684,0.01399
3623685,0.00918
3623690,0
3623691,0
3623695,0
3623696,0
3623697,0
3623698,0
3623719,0
3623721,0
3623722,0
3623730,0
3623731,0
3623732,0
3623733,0
3623738,0
3623739,0
3623985,0.12111
3623988,0.13649
3623989,0.13182
3624000,0.11655
3624001,0.12468
3624002,0.12036
3624003,0.1071
3624004,0.10779
3624005,0.10652
3624006,0.13223
3624009,0.18125
3624010,0.1659
3627116,0
3627117,0
3627119,0
3627125,0
3627126,0
3627127,0
3627130,0
3627131,0
3627132,0
3627133,0
3627171,0.1354
3627172,0.12855
3627173,0.13886
3627183,0.06215
3627184,0.04424
3627211,0.02271
3627212,0.01478
3627274,0.05286
3627275,0.04745
3627297,0.03273
3627308,0
3627312,0
3627313,0
3627334,0
3627335,0
3627336,0
3627338,0
3627339,0
3627340,0
3627346,0
3627347,0
3627348,0
3627349,0
3627354,0
3627355,0
3627602,0.11319
3627603,0.10965
3627606,0.13551
3627622,0.11203
3627623,0.10823
3627627,0.17716
3627628,0.15888
3630735,0
3630736,0
3630737,0
3630738,0
3630739,0
3630740,0
3630741,0
3630742,0
3630743,0
3630744,0
3630745,0
3630746,0
3630747,0
3630748,0
3630749,0
3630750,0
3630751,0
3630752,0
3630753,0
3630801,0.02463
3630802,0.05446
3630891,0.049
3630892,0.04012
3630913,0.02853
3630914,0.03176
3630922,0
3630923,0
3630924,0
3630925,0
3630951,0
3630954,0
3630955,0
3630956,0
3630957,0
3630963,0
3630964,0
3630965,0
3630966,0
3630970,0
3630971,0
3631219,0.10564
3631222,0.12082
3631223,0.13292
3631224,0.14277
3631225,0.14701
3631226,0.14881
3631240,0.10287
3631241,0.10293
3631245,0.16262
3631246,0.15367
3631247,0.14631
3631260,0.11533
3631261,0.106
3634353,0
3634355,0
3634356,0
3634357,0
3634358,0
3634359,0
3634360,0
3634361,0
3634362,0
3634363,0
3634364,0
3634365,0
3634366,0
3634367,0
3634368,0
3634369,0
3634370,0
3634371,0
3634372,0
3634373,0
3634418,0.0105
3634530,0.01527
3634533,0
3634538,0
3634539,0
3634568,0
3634571,0
3634572,0
3634580,0
3634581,0
3634582,0
3634583,0
3634587,0
3634836,0.10406
3634837,0.09446
3634839,0.11848
3634840,0.12907
3634841,0.14786
3634844,0.13885
3634845,0.13482
3634846,0.13589
3634847,0.1411
3634858,0.0971
3634859,0.09499
3634863,0.16714
3634864,0.15417
3634865,0.1434
3634866,0.14367
3634868,0.13652
3634869,0.1376
3634870,0.13682
3634877,0.11232
3634878,0.10404
3634879,0.09676
3637969,0
3637971,0
3637972,0
3637973,0
3637974,0
3637975,0
3637976,0
3637977,0
3637978,0
3637979,0
3637980,0
3637981,0
3637982,0
3637983,0
3637984,0
3637985,0
3637986,0
3637987,0
3637988,0
3637989,0
3637990,0
3637991,0
3638035,0.0075
3638041,0.09218
3638042,0.08171
3638147,0
3638149,0
3638150,0
3638151,0
3638152,0
3638153,0
3638154,0
3638155,0
3638160,0
3638161,0
3638162,0
3638185,0
3638188,0
3638197,0
3638198,0
3638199,0
3638200,0
3638202,0
3638203,0
3638204,0
3638453,0.11278
3638454,0.09668
3638455,0.09519
3638456,0.11738
3638457,0.11977
3638461,0.13096
3638462,0.14173
3638464,0.14952
3638465,0.13838
3638476,0.09252
3638477,0.08191
3638481,0.15989
3638482,0.15389
3638483,0.14614
3638485,0.12775
3638486,0.13035
3638487,0.13102
3638494,0.10994
3638495,0.09811
3641589,0
3641590,0
3641591,0
3641592,0
3641593,0
3641594,0
3641595,0
3641596,0
3641597,0
3641598,0
3641599,0
3641600,0
3641601,0
3641602,0
3641603,0
3641604,0
3641605,0
3641606,0
3641607,0
3641608,0
3641609,0
3641610,0
3641651,0
3641652,0.01803
3641653,0.07251
3641654,0.08307
3641657,0.09724
3641658,0.10866
3641659,0.095
3641660,0.08458
3641661,0.07597
3641684,0.04088
3641685,0.05598
3641686,0.05582
3641687,0.04323
3641688,0.02537
3641697,0.00799
3641734,0.08449
3641735,0.08221
3641736,0.05941
3641751,0.018
3641752,0.01718
3641762,0.01436
3641763,0
3641764,0
3641765,0
3641777,0
3641779,0
3641783,0
3641784,0
3641785,0
3641786,0
3641787,0
3641802,0
3641803,0
3641804,0
3641805,0
3641813,0
3641814,0
3641815,0
3641816,0
3641817,0
3641818,0
3641819,0
3641820,0
3642069,0.12049
3642070,0.1171
3642071,0.10661
3642072,0.10311
3642074,0.09784
3642077,0.12195
3642078,0.13026
3642082,0.13538
3642093,0.09469
3642094,0.08388
3642100,0.14843
3642101,0.14022
3642102,0.12551
3642103,0.12302
3642104,0.12309
3642111,0.1074
3642112,0.09796
3645210,0
3645211,0
3645212,0
3645213,0
3645214,0
3645215,0
3645216,0
3645217,0
3645218,0
3645225,0
3645226,0
3645227,0
3645228,0
3645229,0
3645271,0.0925
3645272,0.09299
3645273,0.09716
3645278,0.08888
3645279,0.0635
3645287,0.05416
3645288,0.04994
3645297,0.01792
3645298,0.01969
3645299,0.02098
3645300,0.01841
3645301,0.03265
3645305,2.3e-4
3645306,0
3645313,0
3645315,0
3645345,0.0887
3645350,0.07527
3645353,0.03032
3645354,0.01878
3645360,0.03866
3645361,0.03891
3645362,0.02242
3645365,0.00547
3645366,0.01691
3645367,0.0116
3645369,0.02314
3645370,0.02331
3645371,0.029760000000000002
3645372,0.03765
3645373,0.03373
3645374,0.02038
3645375,0.01264
3645378,0.00947
3645379,0.00161
3645380,0
3645394,0
3645395,0
3645396,0
3645399,0
3645400,0
3645403,0
3645405,0
3645406,0
3645407,0
3645408,0
3645409,0
3645410,0
3645411,0
3645412,0
3645413,0
3645421,0
3645422,0
3645430,0
3645431,0
3645432,0
3645435,0
3645436,0
3645687,0.10893
3645688,0.10804
3645689,0.10294
3645690,0.09657
3645691,0.08801
3645692,0.11008
3645693,0.10738
3645694,0.12462
3645699,0.13719
3645712,0.08654
3645713,0.10025
3645718,0.14851
3645719,0.13172
3645720,0.12043
3645721,0.1147
3645722,0.11853
3645723,0.12418
3648832,0
3648844,0
3648845,0
3648846,0
3648847,0
3648848,0
3648849,0
3648896,0.03725
3648897,0.01199
3648902,0.02789
3648903,0.05104
3648905,0.04648
3648906,0.036
3648907,0.02419
3648908,0.03043
3648915,0.02187
3648917,0.01131
3648922,0
3648923,0
3648924,0
3648925,0
3648926,0
3648927,0
3648928,0
3648929,0
3648930,0
3648932,0
3648942,0.03011
3648943,0.03461
3648944,0.04389
3648945,0.04057
3648946,0.0301
3648947,0.02521
3648957,0.09505
3648958,0.08922
3648967,0.05734
3648968,0.01486
3648969,0.00469
3648970,0
3648971,0
3648972,0.00113
3648973,0
3648974,0
3648975,0.00245
3648976,0.00842
3648977,1.1e-4
3648979,0
3648980,0
3648981,0
3648982,0
3648992,0
3648994,0
3648995,0
3648997,0
3649015,0
3649017,0
3649018,0
3649019,0
3649023,0
3649024,0
3649025,0
3649026,0
3649027,0
3649028,0
3649030,0
3649031,0
3649038,0
3649046,0
3649047,0
3649048,0
3649050,0
3649051,0
3649052,0
3649303,0.10134
3649304,0.09007
3649305,0.10559
3649308,0.08558
3649315,0.15532
3649316,0.14677
3649317,0.13343
3649330,0.10793
3649331,0.10858
3649336,0.12359
3649337,0.1125
3649338,0.11014
3649339,0.11696
3649340,0.13074
3649341,0.13576
3649342,0.13494
3649344,0.1128
3649345,0.11698
3649346,0.12002
3649347,0.10445
3652463,0
3652464,0
3652465,0
3652466,0
3652467,0
3652468,0
3652469,0
3652470,0
3652471,0
3652476,0
3652477,0
3652488,0
3652489,0
3652490,0
3652501,0
3652502,0
3652514,0
3652515,0
3652518,0.00143
3652519,0.02834
3652524,0.00354
3652525,0.01346
3652528,0.03667
3652529,0.03822
3652530,0.02439
3652531,0.01887
3652532,0.02924
3652533,0.01441
3652534,0
3652540,0
3652541,0
3652544,0
3652547,0
3652548,0
3652549,0
3652550,0
3652553,0
3652554,0
3652555,0.0094
3652556,0.00869
3652557,0
3652558,0
3652559,0.0087
3652562,0.03324
3652564,0
3652565,0
3652566,0.01131
3652567,0.04145
3652568,0.06409
3652573,0.08041
3652575,0.08481
3652579,0.08997
3652580,0.08637
3652583,0.06731
3652584,0.03902
3652587,0
3652590,0
3652593,0
3652595,0
3652596,0
3652597,0
3652598,0
3652608,0
3652609,0
3652611,0
3652612,0
3652613,0
3652625,0.00112
3652626,0.01373
3652627,0.01196
3652628,0.00124
3652629,0
3652630,0
3652633,0
3652634,0
3652636,0
3652637,0
3652638,0
3652639,0
3652640,0
3652641,0
3652642,0
3652645,0
3652646,0
3652647,0
3652662,0
3652663,0
3652664,0
3652666,0
3652667,0
3652668,0
3652920,0.08819
3652921,0.0858
3652926,0.08894
3652927,0.09354
3652929,0.08445
3652930,0.07774
3652931,0.09953
3652934,0.14415
3652935,0.13431
3652948,0.10657
3652949,0.09418
3652954,0.1092
3652957,0.13437
3652958,0.13083
3652959,0.12858
3652960,0.12482
3652961,0.1141
3652962,0.11993
3652964,0.10814
3652982,0.10514
3652983,0.10812
3652984,0.11419
3652985,0.1143
3656080,0
3656081,0
3656082,0
3656083,0
3656084,0
3656085,0
3656086,0
3656087,0
3656088,0
3656089,0
3656090,0
3656091,0
3656092,0
3656093,0
3656094,0
3656095,0
3656096,0
3656097,0
3656098,0
3656104,0
3656105,0
3656106,0
3656107,0
3656118,0
3656119,0
3656132,0
3656134,0
3656135,0
3656142,0
3656144,0.02455
3656145,0.03795
3656146,0.04619
3656147,0.03224
3656148,0.033890000000000003
3656149,0.0364
3656150,0.0218
3656151,0
3656152,0
3656161,0
3656164,0
3656165,0
3656166,0
3656167,0
3656168,0
3656169,0
3656170,0
3656171,0
3656172,0
3656173,0.00542
3656174,0
3656175,0
3656185,0.06041
3656186,0.06715
3656190,0.06699
3656191,0.07104
3656192,0.07177
3656193,0.08382
3656194,0.08191
3656196,0.06692
3656197,0.07129
3656198,0.08097
3656199,0.082
3656203,0
3656207,0
3656211,0
3656212,0
3656213,0
3656216,0
3656217,0
3656223,0
3656224,0
3656225,0
3656226,0
3656229,0
3656230,0
3656236,0
3656237,0
3656238,0
3656239,0
3656240,0
3656241,0
3656242,0.01456
3656246,0
3656247,0
3656258,0
3656259,0
3656279,0
3656280,0
3656281,0
3656282,0
3656283,0
3656284,0
3656285,0
3656537,0.08662
3656538,0.08478
3656543,0.09441
3656544,0.10366
3656545,0.10933
3656546,0.09281
3656547,0.08925
3656548,0.10203
3656551,0.14966
3656552,0.13839
3656565,0.11101
3656566,0.10305
3656567,0.10482
3656571,0.112
3656574,0.13778
3656575,0.12401
3656576,0.11762
3656577,0.11682
3656581,0.09485
3656599,0.1024
3656600,0.09936
3656601,0.09677
3659705,0
3659706,0
3659707,0
3659708,0
3659709,0
3659710,0
3659711,0
3659712,0
3659713,0
3659714,0
3659715,0
3659716,0
3659717,0
3659718,0
3659719,0
3659720,0
3659721,0
3659722,0
3659723,0
3659726,0
3659727,0
3659735,0
3659736,0
3659737,0
3659738,0
3659739,0
3659748,0
3659751,0
3659758,0
3659759,0
3659760,0
3659761,0.01678
3659768,0
3659769,0
3659770,0
3659771,0
3659782,0
3659783,0
3659784,0
3659785,0
3659786,0
3659787,0
3659788,0
3659789,0
3659803,0.05384
3659804,0.03552
3659806,0.02598
3659807,0.04621
3659808,0.05905
3659809,0.06074
3659810,0.06779
3659811,0.05387
3659812,0.04913
3659815,0.07452
3659819,0
3659820,0
3659822,0
3659823,0
3659827,0
3659828,0
3659829,0
3659830,0
3659833,0
3659834,0
3659835,0
3659836,0
3659837,0
3659838,0
3659839,0
3659840,0
3659846,0
3659847,0
3659848,0
3659849,0
3659850,0
3659851,0
3659852,0
3659853,0
3659856,0
3659864,0
3659897,0
3659898,0
3659899,0
3660160,0.09579
3660161,0.10584
3660163,0.10298
3660164,0.10198
3660168,0.15703
3660169,0.13313
3660170,0.12752
3660183,0.11192
3660184,0.11394
3660186,0.14634
3660188,0.10852
3660194,0.10777
3660195,0.10452
3660198,0.07353
3660216,0.09829
3660217,0.08982
3663331,0
3663332,0
3663334,0
3663335,0
3663339,0
3663340,0
3663341,0
3663342,0
3663343,0
3663344,0
3663345,0
3663352,0
3663353,0
3663354,0
3663356,0
3663357,0
3663363,0
3663364,0
3663365,0
3663368,0
3663375,0
3663376,0
3663384,0.02071
3663386,0
3663387,0
3663388,0
3663389,0
3663398,0
3663399,0
3663400,0
3663401,0
3663404,0
3663405,0
3663421,0
3663422,0
3663423,0
3663429,0.02184
3663430,0.02918
3663431,0.03794
3663432,0.04856
3663436,0
3663438,0
3663439,0
3663442,0
3663444,0
3663447,0
3663449,0
3663450,0
3663452,0
3663459,0
3663460,0
3663461,0
3663462,0
3663463,0
3663479,0.00247
3663480,0
3663777,0.0953
3663780,0.10018
3663781,0.1019
3663782,0.08855
3663783,0.08049
3663785,0.18514
3663787,0.12475
3663788,0.12555
3663801,0.10534
3663803,0.10093
3663805,0.09838
3663806,0.12055
3663812,0.11207
3663815,0.06282
3663816,0.07307
3666962,0
3666963,0
3666964,0
3666966,0
3666967,0
3666970,0
3666971,0
3666973,0
3666974,0
3666975,0
3666978,0
3666979,0
3666980,0
3666981,0
3666983,0
3666984,0
3666985,0
3666991,0
3666992,0
3667003,0
3667004,0
3667005,0
3667006,0
3667007,0
3667015,0
3667017,0
3667018,0
3667020,0
3667047,0.03832
3667052,0
3667053,0
3667054,0
3667057,0
3667058,0
3667059,0
3667060,0
3667061,0
3667065,0
3667066,0
3667075,0
3667095,0.00322
3667096,0.00754
3667394,0.09378
3667395,0.08109
3667396,0.10471
3667397,0.09815
3667398,0.0973
3667400,0.08461
3667401,0.10053
3667404,0.12212
3667405,0.11296
3667419,0.1115
3667420,0.1063
3667421,0.09503
3667422,0.0986
3667423,0.10886
3667433,0.07241
3670582,0
3670583,0
3670584,0
3670585,0
3670588,0
3670591,0
3670592,0
3670593,0
3670595,0
3670596,0
3670598,0
3670599,0
3670600,0
3670601,0
3670602,0
3670608,0
3670609,0
3670621,0
3670625,0
3670630,0
3670634,0
3670635,0
3670636,0
3670637,0
3670639,0
3670667,0
3670668,0
3670669,0
3670691,0
3670692,0
3670711,0
3670712,0.00978
3671012,0.07823
3671016,0.08073
3671017,0.08116
3671018,0.07884
3671021,0.1224
3671022,0.10909
3671023,0.11432
3671037,0.11247
3671038,0.10399
3671039,0.10374
3671040,0.10566
3671046,0.10988
3671049,0.03174
3671050,0.07294
3674199,0
3674200,0
3674201,0
3674202,0
3674203,0
3674204,0
3674205,0
3674208,0
3674209,0
3674211,0
3674212,0
3674213,0
3674215,0
3674216,0
3674224,0
3674225,0
3674226,0
3674241,0
3674248,0
3674249,0
3674250,0
3674251,0
3674252,0
3674253,0
3674254,0
3674256,0
3674279,0
3674280,0
3674281,0
3674282,0
3674283,0
3674307,0
3674308,0
3674325,0
3674326,0
3674327,0
3674328,0
3674629,0.07596
3674630,0.06636
3674631,0.05923
3674632,0.06846
3674633,0.07212
3674634,0.07224
3674635,0.07021
3674636,0.07212
3674637,0.09007
3674639,0.09709
3674640,0.11177
3674653,0.12208
3674654,0.11345
3674655,0.10568
3674656,0.10629
3674662,0.10429
3674663,0.07035
3674666,0.033
3674667,0.07607
3677820,0
3677821,0
3677822,0
3677823,0
3677825,0
3677826,0
3677827,0
3677828,0
3677829,0
3677830,0
3677831,0
3677832,0
3677833,0
3677834,0
3677842,0
3677855,0
3677856,0
3677857,0
3677858,0
3677859,0
3677861,0
3677862,0
3677863,0
3677864,0
3677865,0
3677868,0
3677871,0
3677872,0
3677873,0
3677874,0
3677875,0
3677876,0
3677877,0
3677879,0
3677880,0
3677881,0
3677883,0
3677889,0
3677890,0
3677891,0
3677892,0
3677894,0
3677895,0
3677924,0
3677940,0.02112
3677941,0.03576
3677942,0.02475
3677943,0.02123
3678248,0.06035
3678249,0.07162
3678250,0.07746
3678251,0.07313
3678254,0.06945
3678255,0.07708
3678256,0.09515
3678271,0.12111
3678272,0.10419
3678273,0.096
3678274,0.10564
3678279,0.08821
3678280,0.06127
3678284,0.08534
3681442,0
3681443,0
3681444,0
3681451,0
3681452,0
3681453,0
3681454,0
3681455,0
3681456,0
3681457,0
3681458,0
3681459,0
3681469,0
3681470,0
3681471,0
3681472,0
3681473,0
3681474,0
3681476,0
3681477,0
3681491,0
3681494,0
3681495,0
3681499,0
3681500,0
3681501,0
3681503,0
3681504,0
3681505,0
3681506,0
3681507,0
3681508,0
3681509,0
3681510,0
3681539,0
3681540,0
3681541,0
3681557,0.03518
3681869,0.07871
3681877,0.11659
3681880,0.12603
3681881,0.12634
3681882,0.12231
3681888,0.11533
3681889,0.08624
3681891,0.10481
3681892,0.10273
3681897,0.05789
3681901,0.09689
3681902,0.08493
3685071,0
3685072,0
3685073,0
3685075,0
3685076,0
3685081,0
3685084,0
3685085,0
3685155,0
3685170,0.00105
3685171,0.00517
3685172,0.01606
3685173,0.03334
3685486,0.07167
3685487,0.07562
3685489,0.08477
3685490,0.08878
3685496,0.11572
3685497,0.12804
3685498,0.12366
3685499,0.11058
3685500,0.11757
3685504,0.12661
3685505,0.10975
3685506,0.09244
3685507,0.09622
3685510,0.10685
3685511,0.10329
3685514,0.09124
3685519,0.08994
3688694,0
3688695,0
3688696,0
3688697,0
3688698,0
3688699,0
3688700,0
3688769,0
3688770,0
3688771,0
3688786,0.05681
3689106,0.07765
3689107,0.0845
3689113,0.10054
3689114,0.08848
3689116,0.10782
3689117,0.11518
3689121,0.12275
3689122,0.10883
3689124,0.08657
3689125,0.07418
3689128,0.09224
3689131,0.09115
3689136,0.08428
3689137,0.08423
3692342,0
3692383,0
3692384,0
3692385,0
3692398,0
3692400,0.03744
3692401,0.06578
3692402,0.07451
3692730,0.08931
3692731,0.08788
3692732,0.09201
3692733,0.10439
3692735,0.11406
3692736,0.12335
3692737,0.12268
3692738,0.11069
3692739,0.10837
3692741,0.08424
3692742,0.06671
3692743,0.06633
3692744,0.06556
3692745,0.08966
3692748,0.08525
3692749,0.0592
3692753,0.08324
3695954,0
3695955,0
3695956,0
3695957,0
3695958,0
3695959,0
3695998,0
3695999,0
3696000,0
3696013,0.00635
3696014,0
3696015,0.01262
3696016,0.04636
3696347,0.097
3696352,0.11791
3696353,0.13551
3696355,0.12562
3696358,0.0934
3696359,0.06449
3696360,0.05846
3696361,0.06906
3696365,0.07663
3696366,0.07175
3696370,0.0762
3699566,0
3699567,0
3699568,0
3699569,0
3699570,0
3699571,0
3699573,0
3699574,0
3699576,0
3699577,0
3699614,0
3699615,0
3699629,0.03978
3699630,0.05452
3699631,0.05593
3699969,0.11294
3699973,0.11344
3699974,0.11273
3699975,0.09379
3699976,0.07448
3699977,0.08022
3699983,0.07579
3699984,0.07522
3699987,0.07542
3699988,0.07374
3703182,0
3703183,0
3703194,0
3703195,0
3703230,0
3703231,0
3703244,0
3703245,0.02441
3703586,0.09587
3703595,0.09671
3703596,0.09628
3703597,0.0925
3703601,0.08468
3703602,0.08524
3703605,0.07237
3706798,0
3706799,0
3706812,0
3706813,0
3706814,0
3706815,0
3706846,0
3706847,0
3706860,0
3706861,0.02337
3707202,0.08896
3707212,0.1002
3707213,0.09658
3707214,0.09046
3707215,0.09546
3707218,0.08685
3707219,0.0913
3707222,0.07052
3707223,0.06682
3710415,0
3710416,0
3710429,0
3710430,0
3710431,0
3710432,0
3710433,0
3710462,0
3710463,0
3710476,0.0203
3710477,0.04677
3710820,0.08405
3710831,0.09447
3710836,0.08646
3710837,0.08469
3710839,0.07486
3710840,0.06504
3710842,0.06732
3710843,0.05917
3714033,0
3714049,0
3714050,0
3714079,0
3714093,0.0301
3714437,0.05683
3714448,0.09859
3714449,0.08782
3714454,0.0742
3714456,0.06967
3714457,0.06351
3714459,0.06445
3714460,0.05557
3714461,0.05019
3717650,0
3717651,0
3717652,0
3717653,0
3717655,0
3717666,0
3717667,0
3717696,0
3717708,0.00438
3717709,0.01767
3718054,0.04647
3718055,0.02637
3718066,0.07728
3718067,0.07741
3718071,0.06957
3718072,0.0659
3718073,0.06467
3718074,0.06035
3718076,0.05138
3718077,0.04003
3718078,0.03974
3721270,0
3721271,0
3721272,0
3721273,0
3721284,0
3721312,0
3721313,0
3721325,0.04843
3721672,0.04274
3721673,0.02467
3721674,0.0287
3721675,0.02883
3721676,0.02441
3721677,0.02743
3721683,0.06181
3721689,0.06354
3721690,0.06351
3721693,0.0332
3721694,0.02576
3724891,0
3724901,0
3724902,0
3724903,0
3724929,0
3724940,0
3724941,0.04347
3725294,0.04424
3725295,0.04185
3725296,0.03796
3725298,0.0212
3725299,0.04329
3725300,0.05833
3725310,0.02551
3725311,0.02537
3728509,0
3728510,0
3728519,0
3728520,0
3728545,0
3728556,0
3728557,0.01266
3728914,0.01978
3728915,0.02331
3728926,0.03582
3728927,0.02738
3732126,0
3732127,0
3732136,0
3732137,0
3732161,0
3732162,0
3732163,0
3732164,0
3732172,0.03552
3732173,0.03461
3732543,0.03186
3732544,0.02696
3735744,0
3735752,0
3735753,0
3735777,0
3735779,0
3735785,0
3735786,0
3735787,0
3735788,0.02961
3735789,0.04319
3736153,0.05943
3736156,0.06813
3736157,0.06017
3736158,0.04933
3736159,0.0391
3736160,0.02737
3739361,0
3739362,0
3739367,0
3739368,0
3739369,0
3739393,0
3739395,0
3739401,0
3739402,0
3739403,0
3739404,0.01324
3739405,0.04554
3739770,0.0532
3739774,0.05674
3739776,0.03141
3739777,0.02
3739778,0.02244
3742978,0
3742979,0
3742980,0
3742981,0
3742982,0
3742983,0
3743010,0
3743011,0
3743012,0
3743017,0
3743018,0
3743387,0.04359
3743388,0.0323
3743389,0.04337
3743392,0.03184
3743393,0.02495
3746612,0
3746613,0
3746614,0
3746615,0
3746627,0
3746628,0
3746629,0
3746630,0
3746631,0
3746632,0
3746633,0
3747004,0.03757
3747005,0.03409
3747006,0.04288
3747010,0.01448
3747011,0.00866
3747012,4.1e-4
3747013,0
3750227,0
3750228,0
3750229,0
3750232,0
3750243,0
3750244,0
3750245,0
3750246,0
3750622,0.03635
3750623,0.0363
3750630,0
3753843,0
3753844,0
3753848,0
3753859,0
3753862,0
3754239,0.03668
3754240,0.02464
3754247,0
3757459,0
3757460,0
3757461,0
3757462,0
3757463,0
3757464,0
3757474,0
3757475,0
3757479,0
3757857,0.01843
3757858,0
3757864,0
3757865,0
3761074,0
3761088,0
3761089,0
3761090,0
3761091,0
3761095,0
3761096,0.00363
3761475,0
3761476,0
3761482,0
3761483,0
3764691,0
3764692,0
3764706,0
3764711,0
3765093,0
3765094,0
3765095,0
3765096,0
3765097,0
3765098,0
3765099,0
3765100,0
3768323,0
3768325,0
3768326,0
3768327,0
3768713,0
3768714,0
3768715,0
3771939,0
3771940,0
3771941,0
3771942,0
3771943,0.00406
3772333,0
3775556,0
3775557,0
3775558,0
3783156,0
3783157,0
3786773,0
3786774,0
3790390,0
3790391,0
3790392,0
3794008,0
3794010,0
3794011,0
3797625,0
3797628,0
3797629,0
3801242,0
3801243,0
3801246,0
3801247,0
3804860,0
3804861,0
3804862,0
3804864,0
3804865,0
3808479,0
3808482,0
3812096,0
3812097,0
3812098,0
3812099,0
4002643,0
4002644,0
4006256,0
4006257,0
4006258,0
4006259,0
4006260,0
4006261,0
4006262,0
4009872,0
4009873,0
4009874,0
4009875,0
4009876,0
4009877,0
4009878,0
4013488,0
4013489,0
4013490,0
4013491,0
4013492,0
4013493,0
4013494,0
4013495,0
4013496,0
4017103,0
4017104,0
4017105,0
4017106,0
4017107,0
4017108,0
4017109,0
4017110,0
4017111,0
4017112,0
4017113,0
4020719,0
4020720,0
4020721,0
4020722,0
4020723,0
4020724,0
4020725,0
4020726,0
4020727,0
4020728,0
4020729,0
4024335,0
4024336,0
4024337,0
4024338,0
4024339,0
4024340,0
4024341,0
4024342,0
4024343,0
4024344,0
4024345,0
4024346,0
4027952,0
4027953,0
4027954,0
4027955,0
4027956,0
4027957,0
4027958,0
4027959,0
4027960,0
4027961,0
4027962,0
4031569,0
4031570,0
4031571,0
4031572,0
4031573,0
4031574,0
4031575,0
4031576,0
4031577,0
4031578,0
4031579,0
4035181,0
4035186,0
4035187,0
4035188,0
4035189,0
4035190,0
4035191,0
4035192,0
4035193,0
4035194,0
4035195,0
4038797,0
4038798,0
4038803,0
4038804,0
4038805,0
4038806,0
4038807,0
4038808,0
4038809,0
4038810,0
4038811,0
4038812,0
4042414,0
4042415,0
4042419,0
4042420,0
4042421,0
4042422,0
4042423,0
4042424,0
4042425,0
4042426,0
4042427,0
4042428,0
4046035,0
4046036,0
4046037,0
4046038,0
4046039,0
4046040,0
4046041,0
4046042,0
4046043,0
4046044,0
4049652,0
4049653,0
4049654,0
4049655,0
4049656,0
4049657,0
4049658,0
4049659,0
4049660,0
4049661,0
4053269,0
4053270,0
4053271,0
4053272,0
4053273,0
4053274,0
4053275,0
4053276,0
4053277,0
4056886,0
4056887,0
4056888,0
4056889,0
4056890,0
4056891,0
4056892,0
4056893,0
4056894,0
4060504,0
4060505,0
4060506,0
4060507,0
4060508,0
4060509,0
4060510,0
4064121,0
4064122,0
4064123,0
4064124,0
4064125,0
4064126,0
4064127,0
4064128,0
4067739,0
4067740,0
4067741,0
4067742,0
4067743,0
4067744,0
4067745,0
4071356,0
4071357,0
4071358,0
4071359,0
4071360,0
4071361,0
4071362,0
4074972,0
4074973,0
4074974,0
4074975,0
4074976,0
4074977,0
4074978,0
4074979,0
4078589,0
4078590,0
4078591,0
4078592,0
4078593,0
4078594,0
4078595,0
4082206,0
4082207,0
4082208,0
4082209,0
4082210,0
4082211,0
4082212,0
4085823,0
4085824,0
4085825,0
4085826,0
4085827,0
4085828,0
4085829,0
4089440,0
4089441,0
4089442,0
4089443,0
4089444,0
4089445,0
4089446,0
4093057,0
4093058,0
4093059,0
4093060,0
4093061,0
4093062,0
4093063,0
4096675,0
4096676,0
4096677,0
4096678,0
4096679,0
4096680,0
4100292,0
4100293,0
4100294,0
4100295,0
4100296,0
4100297,0
4103909,0
4103910,0
4103911,0
4103912,0
4103913,0
4103914,0
4107526,0
4107527,0
4107528,0
4107529,0
4107530,0
4107531,0
4107532,0
4111143,0
4111144,0
4111145,0
4111146,0
4111147,0
4111148,0
4111149,0
4114761,0
4114762,0
4114763,0
4114764,0
4114765,0
4114766,0
4118378,0
4118379,0
4118380,0
4118381,0
4118382,0
4118383,0
4121996,0
4121997,0
4121998,0
4121999,0
4122000,0
4125614,0
4125615,0
4125616,0
4125617,0
4129230,0
4129231,0
4129232,0
4129233,0
4129234,0
4132847,0
4132848,0
4132849,0
4132850,0
4132851,0
4136464,0
4136465,0
4136466,0
4136467,0
4136468,0
4136469,0
4140081,0
4140082,0
4140083,0
4140084,0
4140085,0
4140086,0
4143698,0
4143699,0
4143700,0
4143701,0
4143702,0
4143703,0
4147315,0
4147316,0
4147317,0
4147318,0
4147319,0
4147320,0
4150933,0
4150934,0
4150935,0
4150936,0
4150937,0
4154549,0
4154550,0
4154551,0
4154552,0
4154553,0
4154554,0
4158166,0
4158167,0
4158168,0
4158169,0
4158170,0
4161783,0
4161784,0
4161785,0
4161786,0
4161787,0
4161788,0
4165400,0
4165401,0
4165402,0
4165403,0
4165404,0
4165405,0
4169016,0
4169017,0
4169018,0
4169019,0
4169020,0
4169021,0
4172633,0
4172634,0
4172635,0
4172636,0
4172637,0
4172638,0
4176250,0
4176251,0
4176252,0
4176253,0
4176254,0
4179867,0
4179868,0
4179869,0
4179870,0
4183484,0
4183485,0
4183486,0
4183487,0
4187100,0
4187101,0
4187102,0
4187103,0
4190717,0
4190718,0
4190719,0
4194334,0
4194335,0
4194336,0
4197949,0
4197950,0
4197951,0
4197952,0
4201565,0
4201566,0
4201567,0
4201568,0
4205182,0
4205183,0
4205184,0
4205185,0
4208798,0
4208799,0
4208800,0
4208801,0
4212413,0
4212414,0
4212415,0
4212416,0
4212417,0
4212418,0
4216030,0
4216031,0
4216032,0
4216033,0
4216034,0
4216035,0
4219646,0
4219647,0
4219648,0
4219649,0
4219650,0
4219651,0
4223263,0
4223264,0
4223265,0
4223266,0
4223267,0
4223268,0
4226880,0
4226881,0
4226882,0
4230497,0
4230498,0
4230499,0
4234113,0
4234114,0
4234115,0
4237730,0
4237731,0
4237732,0
4241346,0
4241347,0
4241348,0
4241349,0
4244963,0
4244964,0
4244965,0
4248580,0
4248581,0
4252197,0
4252198,0
4255814,0
4259431,0
4263047,0
4263048,0
4263049,0
4266637,0
4266638,0
4266664,0
4266665,0
4270254,0
4270255,0
4270281,0
4270282,0
4273871,0
4273872,0
4273898,0
4273899,0
4277515,0
4277516,0
4281132,0
4281133,0
4284749,0
4284750,0
4288365,0
4288366,0
4288367,0
4291983,0
4291984,0
4295600,0
4295601,0
4299218,0
4299219,0
4302835,0
4302836,0
4302837,0
4306452,0
4306453,0
4306454,0
4310069,0
4310070,0
4310071,0
4313687,0
4317304,0
4317305,0
4320922,0
4324538,0
4324539,0
4328154,0
4328155,0
4331771,0
4331772,0
4335388,0
4335389,0
4339005,0
4339006,0
4342622,0
4346239,0
4349856,0
4353473,0
4357090,0
4360707,0
4364324,0
4364325,0
4367942,0
4371558,0
4371559,0
4371560,0
4375176,0
4378793,0
4378794,0
4382411,0
4386028,0
4389645,0
4389646,0
4393262,0
4393263,0
4393264,0
4396880,0
4396881,0
4396882,0
4400498,0
4400499,0
4400500,0
4400501,0
4400502,0
4400503,0
4404114,0
4404115,0
4404116,0
4404117,0
4404118,0
4404119,0
4404120,0
4407732,0
4407733,0
4407734,0
4407735,0
4407736,0
4407737,0
4407738,0
4407739,0
4411349,0
4411350,0
4411351,0
4411352,0
4411353,0
4411354,0
4411355,0
4411356,0
4411358,0
4414966,0
4414967,0
4414968,0
4414969,0
4414970,0
4414971,0
4414972,0
4418584,0
4418585,0
4418586,0
